	date	movie_title	not_useful	score	text	title	useful
0	2019-04-06 09:35:00	Любовный треугольник	0	4	В жизни, как в темной чаще, Каждый чуть-чуть пропащий, Как заблудившиеся дети. Ищут друг друга слепо, Словно в бреду нелепом, Зовут того, кто не ответит.  Три молодёжные миниатюры о превратностях любви. Нашёл своё счастье  хорошо. Обрёл вторую половину  замечательно. Но. То ли это самое, что искал? Не ошибся ли в многообразии лиц? А что если суженный начинает помыкать тобой с самого начала? Что если лишь своё «я» уважает и ценит? Занудством проводит свою волю в отношения. А жизнь, между тем, ежедневно готовит искусительную провокацию. Вокруг так много свободных и не менее романтичных особ. Так и хочется поговорить о поэзии, об искусстве. Случайности бывают всякие. Случайности бывают разные. И первая «случайность», самая очаровательная в этом сборнике  «Половинки». Девушка на парне.  А вот и эпилог, в краткий сюжет подоспел    День у ночи во власти, Утро сулит ненастье, Грядущий день встаёт из мрака; Может быть кто-то свыше, Горе твоё услышит, Когда б ты только смел заплакать.  Картина вторая. Печали полная. «Чистый взгляд». Что есть очки? Близорукость ли это или наоборот  дальнозоркость. По мнению одних  крах, в слепоте туманящий будущность. Иное мнение  более чёткая различимость того с кем ты и кто именно вблизи тебя. Пребывал вот так вот долгое время с человеком, любил его, свыкся как с самим собой, а потом раз, и всё. Открылось то, что ранее ускользало. Пелена с глаз упала? Почти. Только наоборот получилось  очки позволили рассмотреть предмет обожания лучше. И ясность полная.  В поисках вольной воли, Люди, как лодки в море, Бесцельно носятся по свету; В этих волнах безлюдных Встретится дважды трудно Тем, кто поверит слепо ветру.  «Кошмар на курорте» заключительная часть этой трилогии. И тут свои «тараканы». Без схожести с теми, что были и в первой «главе», и во второй. Тут лето пленительным плеском волны к ногам. Тут солнечный юг в необозримых далях. И надо успеть многое, ведь жизнь так коротка, а попробовать хочется ото всех пирогов. А предлагаемые лакомства и ресторанным уютом, и мелодией джаз-банда, и вином с экзотикой устриц И незнакомый принц добивающийся расположения. Всё так романтично. Всё так пленительно. И разыгрываемая партия в этот раз, могла бы звучать    В мире соблазнов много, Люди не верят в бога, Но кто из них не верит в чёрта? Он обо всех нас помнит, Он каждой беды виновник, И это каждый помнит твёрдо. Но разве не рад бы каждый Душу продать однажды, За всё, что так для счастья нужно? Ты бы дерзать не смея, Сделал себя умнее, Когда б ты продал чёрту душу.  Возраст, определённый для целевой аудитории, у фильма 16+. Наверное, это правильно. Вот только сама картина, на мой взгляд, для нынешней продвинутой молодёжи может оказаться слишком уж пресной. Слишком унылой, что ли. При всём многообразии ныне выпускаемого, такое кино можно показывать разве что детям 10-12 лет. Даже для 14-летнего, тут откровенная скука. О взрослом зрителе и мечтать не приходится. На такое кино пойти «нельзя». Это и не кино вовсе. Это даже, возможно не курсовая, а тем более не дипломная работа режиссёрского факультета. Это поделка на уровне школьного экспромта. Восьмой-девятый класс. Угадал? Актёры? Пока, увы, ещё не актёры.   Самое привлекательное, на мой взгляд, это выбранная форма в первой новелле. Во второй  тема очков (прозвучавшая, но не получившая достойного обрамления. Сырость несовершенства). Третья же часть, звучит как в сказке о Колобке  «и от бабушки ушёл, и от дедушки ушёл». Так и должно быть?  Тогда    Где-то в забытых странах Цветут на лесных полянах Цветы твоих минувших вёсен. Плыл бы ты в лодке легкой, К тем берегам далеким, Когда б имел ты пару вёсел.  4 из 10	Корявым почерком о высоких отношениях	1
1	2019-04-06 03:00:00	Покидая Неверленд	0	0	Если бы правила «Кинопоиска» позволяли это, я бы, наверное, ограничилась одной фразой:  гнусный фильм о гнусных людях.  Всем, кричащим про «дым», которого «без огня не бывает», очень хочу посоветовать фильм Винтерберга «Охота». Фильм художественный, но создан на основе архивов психолога  друга Винтерберга.   Томас Винтерберг убедительно доказывает за два часа хронометража, что уязвленное детское самолюбие (а именно его, как это ни парадоксально, во всей красе демонстрируют почти сорокалетние Робсон и Сейфчак) способно, в рекордно короткие сроки, до основания разрушить жизнь человека. И неважно, будет суд или нет, докажут твою вину или нет, прежней жизни уже никогда не будет. Твое имя всегда будет ассоциироваться с грязной историей.   Правда, если у Винтерберга была маленькая отвергнутая девочка, не сознававшая, что делает, то у Рида двое взрослых «мужчин», прекрасно понимающих цену своих слов, и от этого становится еще более противно.   Мотивы создателей и героев мне понятны  деньги лишними не бывают. Господи, да они даже скрывать этого не пытаются. Взять хотя бы страницу фильма: в списке актеров первым заявлен Майкл Джексон. Большего цинизма я и представить себе не могу.   Я не знаю, сколько заработали и еще заработают эти люди на всех своих интервью, съемках в шоу и этой гнусности, но знаю точно: все эти деньги не стоят проданной совести.   «Я не являюсь поклонником Майкла Джексона»  именно так сейчас начинается большинство оправдательных речей в его адрес.   Я понимаю, для чего люди это пишут  подчеркнуть, что в отличие от фанатов они не одержимы «всепрощающей любовью», которая не замечает иногда вопиющих фактов.   Здесь я не буду оригинальной. Я не являюсь поклонницей Майкла Джексона. Никогда ей не была. И не стала сейчас. Да простит меня он и его фанаты, мне не близко его творчество.   Но как это ни печально, именно этот гнусный фильм побудил меня узнать о нем больше. Разобраться решила просто, чтобы «для себя» принять окончательное решение, а также потому, что двум «жертвам» почему-то не получилось поверить ни на минуту (я не стану разбирать все несостыковки в их словах, это уже сделали за меня, более чем аргументировано).   Кроме того, несправедливо будет, предоставив слово «обвинению», не дать слово «защите».   То, что я узнала об этом человеке после прочитанных книг, просмотренных записей интервью, записей концертов, воспоминаний очевидцев меня просто поразило, если не сказать потрясло.   Талантливый; сильный духом (Сколько бы не писали про ранимую душу ребенка, заключенную во взрослое тело, без стержня внутри он бы никогда не стал тем, кем стал); мужественный (Да-да, именно. Именно мужество необходимо, чтобы так часто и так близко сталкиваться с человеческой трагедией и сломанными жизнями и не сойти при этом с ума.); обладающий каким-то, на гране одержимости, трудоголизмом; никогда не прячущийся от камер; не боящийся неудобных вопросов; искренний; с потрясающим, широким сердцем и исключительным даром влиять на людей.   Кроме того меня поразило то, с какой трогательной теплотой Джексон, который за столько-то лет должен был привыкнуть к повсеместному всеобщему обожанию, относился к своим поклонникам:   -Майкл, что бы вы сказали своим фанатам? -Я бы сказал им, что очень их люблю. Всех. По всему миру. Я никогда не воспринимал их, «как должное».   интервью Эду Брэдли, 2003.  Ну, и раз уж тут потрудились привести список тех, кто «ночевал в спальне Джексона», наверное, не лишним будет упомянуть о тех, чью жизнь он изменил (а иногда и спасал) одним своим появлением в ней:  - Лесли Робинет (1973)  - Дэвид Смити (1984)  - Донна Эшлок(1986)  - Анжела Дарлингтон (1987)  - Райан Уайт (1989)  - Николас Киллен (1992)  -Дэвид Соннет (1992)  - Бела Фаркаш (1994)  - Даниэле Паризи (1997)  А как посчитать всех тех, кто сейчас живы благодаря фонду Джексона, я не представляю.   Всем поклонникам М. Джексона, тем, кого задел, возмутил или оскорбил этот фильм, хочу сказать, что переживать не стоит, и вот почему:  -во-первых, ничто не сможет ни отменить, ни осквернить, ни обесценить того, что он сделал при жизни. Написанные песни, благотворительные фонды, благотворительные концерты, спасенные жизни, а главное  память. Она была, есть и будет. И уж точно, переживет двух гнусных людей.  -во-вторых, даже если посредством этого фильма люди ближе узнают такого потрясающего человека (а таких, как я много, поверьте, я много таких встретила на разных форумах, ресурсах, обсуждениях), значит, он не зря снят.		3
2	2019-04-06 00:50:00	Я худею	0	4	Полгода назад я наблюдал громогласный конфликт между двумя блогерами отстаивающими диаметрально противоположные точки зрения: согласно одной из них русский кинематограф, за вычетом исключений подтверждающих правило  в упадке, оппонент утверждал обратное и был достаточно убедителен, приводя примеры о которых я ничего не слышал и не мог сказать ни за ни против  требовалась собственная точка зрения.  «Тренер» от которого я не ожидал ничего хорошего, зная творчество Козловского, умудрился всплыть на волне негативных ожиданий  как режиссер он показал себя на голову выше актерских потугов. А вот «Я худею» хвалебные рецензии «критиков» упоминание во многих списках конкурентоспособных картин отечественного разлива, очень сильно подвели, и я объясню почему.  Начнем с немощного сценария  «фильм о принятии самого себя таким какой ты есть»  это целый поджанр (Амели, Девчата, Билли Эллиот)  но «Я худею» очень неумело имитирует ключевые элементы, в конечном счете скатываясь в кособокую социальную драму, заводя разговоры и о проблемах провинции (глубокой и не очень) и неполных семей и места женщины в обществе, умудряясь не раскрыть ни одной (!!!) из них. Хотели посмотреть как растолстевшая девочка из деревни решит свои жизненные проблемы, решив проблемы внутри себя, приняв себя?  вам лучше пройти мимо. Хотели вдохновляющего кино, или просто посмеяться от души?  не по адресу. Режиссер и сценарист Алексей нужный пытаются подставить два запрещенных в современном кино костыля:  Первый это закадровый голос  привет из кино начала века, сегодня это лишь признание беспомощности, крик бездарности, халтура: «как же показать, что героиня выросла и стала лучше?  проблема а пусть она это проговорит! ВО!» по сути мы не увидим никаких изменений в героине, кроме брошенного опять таки за кадром жира  нам предлагают их слушать и верить на слово. Для вас это достаточно убедительно? пожалуйста  хавайте!  Второй: собственно решение проблем героини. Находится не в результате труда над собой  нет зачем учить людей работать над своими внутренними качествами  пусть все происходит само собой, как в древнегреческих спектаклях  Ex Machina! пусть все безо всяких причин наладится! Хэппи Энд!  И эта халтура и несоответствие ожиданиям прослеживается во всем  хотели посмеяться?  мимо! избегая сатирического юмора, над теми темами, которые собственно поднимаются (привет, Вуди!) создатели фильма забыли, что собственно надо в принципе шутить. А для комедии это катастрофа. Актеры (за исключением Горбачевой и Шнура которые и добавили фильму пару баллов к оценке)  понимая, что снимаются в комедии  переигрывают, но так как шуток нет, гиперболизация игры превращает действо в фарс и верить в происходящее перестаешь совсем, также как и в Российское кино.   4 из 10	Я худею от нашего кино	0
3	2019-04-05 23:38:00	Кладбище домашних животных	18	2	Культовый роман Стивена Кинга «Кладбище домашних животных» получил экранизацию в 1989 году. Сценарий написал сам Кинг, а фильм, несмотря на то, что был негативно принят критиками, приобрел культовый статус и стал неотъемлемой частью поп-культуры 80-х. Но сейчас, из 21-го века, фильм не смотрится так, как раньше, минусов в нем достаточно и самый главный  фильм слишком затянут. И вот, на волне успеха новой экранизации кинговского «Оно» (2017) Андреса Мускетти, в производство отправилась обновленная версия «Кладбища». Правда, обновленной она оказалась только на словах, на деле же получилось практически то же самое, что и 30 лет назад, только еще хуже.  Сценарий фильма будто писал адвокат-прощелыга, которого контракт обязывал добавить оригинальному сюжету «новое прочтение». Получился тот же фильм 89-го года, только с косметическими изменениями. Де-юре истории персонажей развиваются не так, как в первой экранизации, де-факто их просто осторожно перетасовали, так, чтобы сумма не поменялась от перемены мест. Еще один маркетинговый трюк и вовсе попахивает жульничеством  группа детишек в зловеще замусоленных масках зайчиков смотрит на потенциального зрителя со всех промо-материалов. В фильме их показывают секунд 30, в самом начале  сцена, снятая исключительно для создания несуществующей интриги и иллюзии того, что в ремейке будет что-то новое.  Жанр хоррора очень нетребователен к кинематографистам. Ужастики можно клепать за копейки и каждую неделю выкатывать в прокат новый, что сейчас и происходит, но новое «Кладбище домашних животных» умудряется быть даже хуже среднестатистического представителя жанра. Большинство хорроров продолжает пугать зрителя простой отлаженной схемой  «тревожная ходьба героя по скрипучим половицам -> скример». «Кладбище» вносит в эту схему кое-что свое  тревожная ходьба длится в 4-5 раз дольше обычного, так долго, что обязательный скример уже не пугает, а будит. Создатели демонстрируют отсутствие чувства ритма и неумение работать с саспенсом.  Если вдруг вы доберетесь до концовки фильма в состоянии бодрствования, вас ждет финальное разочарование. Открытая концовка  еще один типичный атрибут ужастика, она присутствует и в «Кладбище» образца 89-го, но то, как заканчивается новый фильм, назвать открытой концовкой никак не получается. Для того, чтобы этот прием сработал, нужно соблюсти всего одно условие  показать зрителю хоть какое-то подобие развязки. Здесь же финальные титры обозначают скорее не конец фильма, а конец фантазии авторов.  Если вы не знакомы с одним из самых знаменитых произведений Кинга, лучше всего прочесть роман. Чего делать точно не стоит  тратить свое время на попытку пропихнуть наскоро слепленный ремейк в список самых кассовых экранизаций писателя. Обидно только, что отличных актеров  Джейсона Кларка и Джона Литгоу  угораздило в это вляпаться.  2 из 10	На словах крутой ремейк, а на деле скучный фейк	11
4	2019-04-05 20:08:00	Завтрак у Тиффани	2	2	Классика американского кинематографа  Сейчас в 21 веке зрителей довольно трудно удивить, особенно фильмами без спецэффектов и накрученного сюжета. Но к классике я всегда относилась с трепетом. В большей степени я поклонник французской и британской классики. Но вот я решила посмотреть фильм «Завтрак у Тиффани», который довольно часто на слуху и название которого обычно произносят с восхищенным придыханием. Поскольку это классика, и я всегда слышала о нем только лестные отзывы, я удобно уселась перед экраном, в ожидании прекрасного.  И что же? Я разочаровалась буквально через 30 минут, еле досмотрела до конца, вынуждая себя завершить просмотр ради того, чтобы дать фильму шанс реабилитироваться в моих глазах. Нет. Ему это сделать так и не удалось, и я зря потратила два часа.   Я простой зритель, не критик, не киноман. Реакция на фильм у меня в основном: зацепил и или нет. О да! Этот фильм зацепил. В плохом смысле.   Во-первых, почему все так восхищаются героиней Одри Хепберн в этом фильме? Ну что в ней особенного? Во многих ситкомах, комедиях и фильмах есть такая героиня, которая глупа, как пробка, но при этом стремиться выйди замуж за миллионера, жить за чужой счет и ничего не делать. Разве это гениальная роль?   Героиня не вызывает никаких чувств, кроме отвращения. За что ее можно полюбить, кроме симпатичного лица актрисы сыгравшей ее? Она прожигает свою жизнь, тратит деньги, которые заработала нечестным трудом, засыпает на плече у соседа, которого толком не знает, потребительски относится к людям и пускает слюни на Тиффани.   Соседа-писателя тоже сложно назвать хорошим героем, но ему начинаешь сопереживать, когда видишь, как безуспешно он пытается добиться любви. Сопереживаешь, от того, что видишь, что ему не чужды человеческие чувства, и он не повторяет как одержимый: «Хочу за миллионера, покажите мне двадцатку самых богатых мужчин Бразилии и т. д.».  А ведь такие фильмы рассчитаны на женскую аудиторию. И сегодня у нас много таких поклонниц Тиффани и миллионеров.   Финальная сцена. Скажите, а когда люди менялись в один момент? Вот так, просто по щелчку? Правильно, никогда. Если бы нам показали больше внутренней борьбы героини, перемену её характера, а не очередную перемену её настроения Если бы.   Единственная отдушина фильма  это кот и музыка. Читала где-то, что этот рыжий красавец занял какую-то награду. Кот ее заслужил, но не фильм.   Скучный, нудный, однообразный, с неприятными героями, которые раздражают своим характером и дешевым поведением.   Обычно я не пишу отзывы на фильмы, но этот фильм не оставил меня равнодушным.   2 из 10		0
5	2019-04-05 19:24:00	Кладбище домашних животных	12	0	Сравнивать экранизации с эпистолярным оригиналом уже давно стало моветоном. Но почему не сопоставить с более ранней адаптацией романа Стивена Кинга «Кладбище домашних животных»? Над лентой 89-го года работал сам маэстро мистики Стивен Кинг  автор сценария и исполнитель эпизодической роли католического священника, возможно, его участие в процессе создания стало козырным преимуществом.  Но препятствий для достойного кино, по мотивам известного произведения, в 2019-ом году я не вижу, тем не менее, у Кевина Колша и Денниса Уидмайера получилось снять кино «вырви глаз, выруби сознание» настолько дурное, что сдерживать своё негодование у меня не получается. Я хочу предостеречь всех тех зрителей, что собрались отдать свои деньги в кассу и тратить невозвратимые часы своей жизни в кино. Пройдёмся по критериям.  Исполнительный состав. Имена режиссёров, очевидно, ничего не скажут, у них на счету, а работают они в сотрудничестве регулярно, не числится ни одной успешной кинокартины. Актёрский состав слабоват, нет фактурного и интересного персонажа, Джон Литгоу пытается расшевелиться, но в рамках заявленного сюжета ему не доверяют особо крупную игру в данном проекте.  Лейтмотив. Заявлено, что фильм снят по мотивам романа, и от создателей не требовалось вести ленту по пройденной тропе, но большие расхождения в сюжете повлияли на логику персонажей (её отсутствие), действия и мотивы поступков не ясны, повороты абсурдны и невозможны даже в рамках мистицизма. Упущены философские диалоги, чуткость семейных отношений, основная идея размыта, когда в предыдущем фильме виднелись мысли о таинстве смерти, принятии и способах борьбы со страхами. Финал удручает глупостью.  Творцы могли бы сделать упор на хоррор, в век технологического новаторства гораздо легче завербовать интригу, но фильм не играет на страхе зрителя, нет неожиданных поворотов, напряжённой музыки по Хичкоку, таинственных неоднозначных цитат. Единственное новаторство  дети в масках зверюшек, но невольно вспоминается, что подобное уже где-то встречалось, и никого ныне таким ходом не удивить. Может быть, авторы столкнулись с экономией в бюджете? Ландшафты не впечатляют, эффекты не играют на воображении, к тому же, всё действо очень ограничено в пределах одного участка и парочке скромных локаций.   Пытаюсь найти хоть одно преимущество, но просвета нет, я добрый критик, изредка выношу приговор, но фильм безнадёжно бездарен. Единственный вопрос, что остаётся после просмотра  зачем? Зачем нужно было касаться содержательной работы, культовой для нескольких поколений читателей и зрителей, не раскрывая фабулы и не имея художественного вкуса. Не рекомендую к просмотру.	Насилие над классикой.	9
6	2019-04-05 14:09:00	Кладбище домашних животных	13	4	"Не люблю сравнивать экранизации друг с другом, но тут невольно хочется провести сравнение. Новое кино появилось на свет спустя 30 лет (!). И, конечно, как у всех читателей Стивена Кинга, у меня появилась новая надежда на хорошую и атмосферную экранизацию. Обидно это говорить, но лента 1989 году смотрится гораздо симпатичней своего нового собрата.  Сюжет. Начало здесь как в книге. Молодая семья переезжает в новый дом, который располагается неподалеку от кладбища, где хоронят домашних питомцев. Через некоторое время глава семейства узнает о темной силе, обитающей там и способной творить невероятные вещи  Авторы многое из сюжетной составляющей перевернули с ног на голову, но основная проблема картины не в этом. Кино слишком предсказуемое и простое. Вместо того, чтобы сделать грамотную работу над ошибками первой экранизации и подать новый фильм в современных декорациях, авторы исправили только часть неточностей и добавили огромную часть своих. Вот только несколько примеров плохого подхода: практически одна локация  темный лес, краткий показ второстепенных персонажей, одного из героев снова не добавили (боятся уже который раз по какой-то непонятной причине вводить в сюжет Норму Крэндалл), слабая связь между персонажами и отсутствие важных сцен для логики сюжета (дружба Джада и Луиса строится прямо из воздуха; взаимоотношения доктора с родителями Рейчел не показаны), отсутствие влияния колдовства кладбища (всю ерунду здесь творят люди не из-за навязчивых идей и таинственной силы проклятого места, а потому что просто этого хотят), невнятная концовка в стиле комедийных фильмов про зомби. Есть и положительные изменения: упоминание Вендиго (жаль, что уделен этому моменту очень короткий отрывок), напряженный поход в лес темной ночью, жуткая церемония детей в масках (этого не было в бумажном варианте, но задумка интересная).  Атмосфера. Безвозвратно была утрачена та самая уникальная «кинговская атмосфера», за которую зрители так любят экранизации по книгам мастера. «Картонные» декорации и ужасная актерская игра приговорили ленту к провальному итогу. Джейсон Кларк играет дерево вместо Луиса Крида, Эми Сайметц (Рейчел) не может показать правильные эмоции и старается только в конце фильма. Порадовала только юная Жете Лоранс в роли Элли. Даже знаменитый кот тут чаще смешит, чем пугает. Да и Зельды (сестры Рейчел) тут слишком много. Жена доктора так часто видит жуткие и нереальные сцены, что ее легко можно принять за шизофреничку.  Страх/Напряжение. Фильм, безусловно, страшнее первой экранизации. Но мне бы все-таки хотелось получить напряжение за счет правильной атмосферы, а не страшилок и пугалок в стиле выпрыгивания из-за угла (""бу!») и резкого появления кого-либо в кадре. Страшные моменты создаются авторами с помощью привычных банальных приемов, к которым за небольшой промежуток времени привыкает даже самый далекий от такого жанра человек.  Музыка. Я не увидел ничего экстраординарного при работе с музыкой. Обычные качественные тревожные мелодии, которые иногда используются даже в спокойных моментах (видимо, авторы пытались погрузить зрителя в тревожное состояние на все экранное время). Получается не всегда к месту.  Итог. В картине множество проблем и недочетов, а вместо них она предлагает лишь незначительные косметические улучшения. Я не понимаю, почему многие критики и зрители восприняли ее положительно. Тут нечем восхищаться.  4 из 10  (37%), полностью мертвое кино, пахнущее землей"	Кино прокисло	12
7	2019-04-05 13:04:00	Кладбище домашних животных	0	4	Выбрались с семьей на новую экранизацию старого романа «мастера ужаса» Стивена Кинга Кладбище домашних животных.   Ну что здесь можно сказать.   Впечатлений негативных после просмотра осталось больше, нежели положительных. По сути все самые страшные моменты были показаны в трейлерах предварявших выход киноленты. О самом сюжете можно сказать только то, что ужас, вызывавшийся в книге и старом фильме действиями маленького воскрешенного Вендиго, Гейджа Крида, теперь передан его дочери Элли, что не есть хорошо, так как это переворот видения автора романа, но сценаристы ловко обошли этот момент, заявлением, что это экранизация по мотивам, то есть типичный высос из пальца. Также старая экранизация хоть и выкинула несколько действующих (Норма Крендалл) была ближе и достаточно хорошо передавала суть книжного оригинала не упуская например и напряженных отношений с отцом Рейчел Крид. Здесь вынесен за рамки экрана этот момент, как и рассказ Крендалла уже после гибели Гейджа, о том, что уже и раньше были попытки хоронить людей на старом индейском кладбище и плачевных результатах этих действий. Также по роману Рейчелл Крид не знала, что совершил Луис с Гейджем, в новой экранизации же это преподносится через неприятие ей собственного отношения к жизни и смерти. Такие моменты также не есть гуд.   Теперь о самой хоррор составляющей. Пугать нас особо никто не будет гекалитров крови, мысленных мучений метаний и страданий души от потери родных и близких нет. Крид делает то, что он делает просто потому, что считает так нужно без особой мотивации, просто топорно на уровне автомата с заложенной программой. По сути большая часть хоррора и страха достигается при помощи резких:-«Бу!!!», из-за угла, и резким появлением грузовиков компании Оринко на экране. Все более пугаться нечего.  Из всего увиденного следует только то, что жанр ужасов более не способен испугать и переживать наиболее естественное для человека в неизвестной обстановке чувство страха, не заставляет сопереживать героям, а рассматривать их исключительно, как, мясо на конвейере безэмоционально. Единственное страшное это грузовик Оринко   4 из 10	Самое страшное грузовики «Оринко»	0
8	2019-04-05 12:54:00	Кладбище домашних животных	0	4	Пусть заголовок не пугает вас, хотя фильм вышел довольно паршивым он лучше по сравнению с другими фильмами ужасов которые штампуются один за другим.  Свой сюжет, это то, что заставило меня пойти на фильм, я рад, что современные фильмы не копипастят сюжет из книги, не добавляя ничего своего.  Главный герой Джейсон Кларк, играл Луиса Крида, единственный кто может назваться актером. Остальные просто массовка. Элли Крид которую сыграла Jet Laurence, ну как сыграла, просуществовала в фильме. За полтора часа ни одной эмоции, никакой заинтересованности к этому персонажу. Книжный персонаж вызывает интерес, улыбку, страх его смерти, в отличие от деревянного лица и нулевой актерской игры ее протеже.  Раскрытие Джада как персонажа который играет ключевую роль в фильме, нулевое. Первое знакомство в глазах Рейч больше напоминает педофила за охотой чем доброжелательного старика. Цель которую преследует данный персонаж для меня останется загадкой.  Я шел с надеждами увидеть триллер, где будет куча диалогов которые раскрыли бы персонажей, рассказали об истории кладбища. Я ожидал фильм наподобии «Омерзительная восьмерка» с элементами хоррора, хотя бы немного, а получил непонятную страшилку для детей и с множеством вопросов на которые не получил ответа.  4 из 10	Кинг такого не писал	0
9	2019-04-05 12:27:00	Прости за любовь	0	0	Зачем делать ремейк? Может испанцам показалось, что итальянский фильм слишком позитивный? Или им показалось, что всё недостаточно реалистично?  1. Иногда казалось, что итальянцы где-то недоигрывают, где-то переигрывают, но сама итальянская версия получилась органичной. Легко и непринуждённо показывали даже второстепенные сюжеты. В испанской версии будто потеряли несколько страниц из сценария. Если бы не видела первую версию, не всё бы поняла. Испанская версия получилась серой, мрачноватой. И настроение не поднимает, и не подойдёт для настроения «хочу пореветь».  2. Главные герой. Ники. Выше писали, что итальянка похожа на избалованного ребенка. Ну, давайте посмотрим. Живёт в Италии, очевидно в достатке, без каких-либо проблем. Красивая и ей 17. Ну естественно она будет немного избалованная. Но она хоть иногда смущалась перед Алексом. Испанка показалась мне излишне напористой. С первых минут заигрывая с ним. Уже к середине фильма меня стало раздражать это выражение лица с поднятыми бровками и поджатыми губами.  Алекс. Ну серьёзно. Возраст, ведь его видно. И то, что испанец старше своего персонажа (на 6 лет) это тоже видно. Да, персонаж Бова был недостаточно брутален. Но по нему было видно, что «и хочется, и колется». Он смущался перед Ники. Испанец вёл себя более реалистично, осаживая её напор. Но чего тогда так мужественно отвергать девушку, чтобы потом сдаться даже без видимых терзаний.  3. Вторые-третьи роли. В итальянской версии каждый герой подобран к месту. Персонажи очень харизматичные. Целый фильм  группа отдельных личностей.  В испанской версии всё серое. Только посмотрев половину фильма я стала отличать от посторонних друзей Ники и Алекса. И то так и не всегда сразу понимала кто есть кто.   Если оригинал заряжал хорошим настроением, и его хотелось пересматривать, то ремейк прожевал и забыл. Серо и скомкано.	Зачем?	0
10	2019-04-05 12:21:00	Кладбище домашних животных	10	5	В кинотеатрах вышла долгожданная экранизация романа Стивена Кинга, которую сам он очень похвалил. Взгляд известного писателя не раз отличался от мнения критиков («Сияние», «Темная башня») и вот это происходит снова. Картина проста, попсова и предсказуема до безумия!  Штамп на штампе штампом погоняя  краткое описание сценария нового ужастика по Кингу. Происходящее на экране не в силах заинтересовывать уже с самых первых кадров. Миллионы раз использованные локации, диалоги, настроения героев: переезд в загородный дом, ненормальные соседи, конфликты, галлюцинации и так далее. Создатели даже не старались спрятать от зрителя суть кульминации, давая насладиться хотя бы кусочком саспенса; абсолютно все было ожидаемо чуть ли не с самого начала.  Перейдем к атмосфере. Ее также не за что хвалить. Авторам не удалось вызвать ни страха, ни ужаса. Фильм напичкан очевидными скримерами, внезапно выезжающими нефтевозами и другими «громкими деталями». Отмечу три более-менее качественных вещи: вопящая сестра внутри зеркала-шкафа, та же Зельда с ее ползаньями и искривленным позвоночником и, наконец, то, как сделано болото  достаточно жуткое место с соответствующими звуками.  Герои такие же пустые, как и всё остальное. Как бы Джейсон Кларк экспрессивно ни кричал и ни плакал, к персонажам картины нет ни доли сопереживания. Они не расположили к себе зрителя, а сюжет в то время остался без развития. К сожалению, сцен вызывающих смех было больше, чем заставляющих испугаться, а это, как известно, не лучший показатель для хорроров  Порою возникало ощущение, что работа была проделана в пол силы. Слабое повествование и такая же ленивая игра актеров (хуже всего вышла девочка Элли и сосед Джад). В итоге демоническая сестренка  единственное, на что можно взглянуть в этой ленте. Не представляю, как Кинг увидел в этом «выросшее взрослое кино».  5 из 10	ВОСКРЕШАЯ ШТАМПЫ: рецензия на «Кладбище домашних животных»	13
11	2019-04-05 12:21:00	Шазам!	0	0	На этой неделе вышел «Шазам!», новый фильм киновселенной DC. Авторы вновь экспериментируют с форматом. Забудьте о старых картинах DC, переполненных пафосом и серьезностью. Встречайте веселую комедию о подростке, на которого свалилась возможность стать взрослым супергероем. Идея хороша, но вот реализация подкачала.  Начну с главного. Юмора в фильме много. Среди разнообразных приколов и гэгов любой зритель найдет над чем посмеяться. Жаль только, что на десять шуток одна отличная, парочка хороших, еще одну показали в трейлере, а остальные будут вызывать испанский стыд. «Шазам!» можно было бы назвать годной комедией, если бы не одно «но». Такую атмосферу он держит не всегда. Даже открывающая сцена сильно отличается от ожидаемого.  Все, что связано с главным героем напоминает комедию, но все кардинально меняется, когда в дело вступает злодей. Фильм резко становиться хоррором. Виднеется опыт режиссера в этом жанре, так как эти сцены получились действительно жуткими. Даже непонятно, как они пролезли в рейтинг 12+. Сама идея таким образом показать разницу между молодым героем и взрослым злодеем хороша, только вот авторы явно перегнули палку.  К сожалению это не все, что рушит атмосферу фильма. Авторам еще нужно было впихнуть социальную драму, пропихнуть семейные идеалы, не забыть об экшене, построить линию развития главного героя, ну и наконец, двигать сам сюжет. Понятное дело, что все разом в хронометраж не влезет. Фильм постоянно переключается между стилями повествования и сюжетными ветками. Склеить все это в цельную историю не получилось.  Напоследок, по поводу персонажей. Юная версия главного героя сделана отлично. Парень получился колоритным, со своим характером и историей. Только все сразу меняется, стоит ему переключиться во взрослую версию. Он тут же теряет все заявленные характеристики, и становиться карикатурой на подростка. Дополнительно к этому, ради юмора он резко становиться тупее. Видимо удары молнии не проходят бесследно.  В итоге фильм получился скомканным. Авторы вкладывали него много хороших идей, годной морали, только вот довести все до ума и удержать это вместе не смогли. Я перечислил только основные проблемы, а их еще достаточно. Киновселенной DC еще многое предстоит пройти в поисках своей формулы успешного кино.		0
12	2019-04-05 11:55:00	Движение вверх	0	0	«Why so serious?»  цитата Джокера из Тёмного рыцаря Нолана. Для меня она отражает неплохую часть фильма, а именно: большую часть диалогов, событий и моментов. Вот только в этом и шутка, что не смешно абсолютно.   По ТВ, новостям, интернете трубили про основанность на реальных событиях, про правду, про невероятную победу вопреки всему (dream team американцев, до этого не побеждали и т. д.). Потом были репортажи про довольных зрителей, сборы и т. д.  Когда я сидел в зале, меня тошнило. От фильма. Я читал книгу Белова (люблю такие автобиографические книги), смотрел ранее документальный разбор того матча (снятый американцами), знаком по истории с тем периодом и правилами баскетбола И я видел этот фильм.   Начну с плюсов: он один  операторская работа. Ребятам респект. Планы, матч, виды сняты шикарно. Действительно видно, что старались по максимуму показать всё. Больше плюсов нет. Вообще.  По минусам:  1) переврали все характеры баскетболистов. Модестас диссидент? Ненавидит СССР? Вы издеваетесь? Он после развала СССР ездил в РФ и тренировал, занимался с обычными парнями. Тренера сделали каким-то любителем неординарных подходов, психологической накачки Кондрашин никогда таким не был, в любой литературе можно найти, что он был интровертом, закрытым человеком, неразговорчивым. И ничего он не перенимал у американцев  замены были его авторским почерком, его фишкой. Он разработал стратегию на 1 матч, в этом самое главное ноу-хау. У Белова вырвали цитату про «неприятно играть», хотя сказана она была не новым игрокам, а «дедам» клуба, которые устроили небольшую дедовщину. И т. д.  2) Непобедимые США и dream team Побеждали уже. На ЧМ 63 года в Бразилия США проиграли сначала Югославии, а потом СССР. Так что никакого непобедимого ореола на американцами не было (как, например, над хоккейной сборной СССР в 80 году). Также Олимпийская сборная США комплектовалась из студентов, для которых это была возможность показать себя для драфта НБА. Никаких про игроков из НБА там не было. Отсутствие Билла Уолтона, Дэвида Томпсона и некоторых других  серьёзный удар для США. Эти ребята уже могли заявить о себе в НБА, и с ними это могла быть dream team. Без них  просто неплохая команда.  3) Государство  враг. А как по другому? То, что в СССР были лагеря для тренировок, спортивные школы, постоянная помощь спортсменам Да ладно, проехали.  4) Болезни основы Да, у Сергея начались проблемы с коленями, в 74 году (если правильно помню), у Алжана зрение было -2 и играл он в линзах, советского производства (их ещё в 1927 точить начали), смертельное заболевание А. Белова Да его нашли позднее, намного.  5) Государство твердит про победу, но ничего не делает. Ага, щас. Матчи между студентами США и командами СССР были и проводились на регулярной основе. И, опять же, для парней из США это был шанс, а для СССР тренировка. Тренировки и т. д. Ах да, про отступные,  за 1 год баскетболист при хорошей игре мог квартиру получить, в Москве. Таксисты больше получают Покажите мне таксиста, который за год на квартиру в Москве заработает.  6) Данки и броски из-под ноги были запрещены в США на тот момент в студенческих играх. А в СССР считались неуважением, поэтому никто их не использовал Ну, только в редких случаях.  7) Мотивация героев Да нет её. Они меняют свои действия за пару минут, не показаны отношения между персонажами. На диалоги Александра и тренера ушло 10 секунд (+/-), но тот ему как сын Модестас видит плакат с номерами игроков, которые абсолютно не похожи и резко возвращается в сборную. Про захват заложников и говорить нечего  это был шок, настоящий, такой, что даже СССР и США в тот момент, наплевав на все различия, были едины в вопросе международной политики. Никто тогда про Башни-Близнецы, взрывы в мирных городах не слышал.  Можно ещё много написать, но, как мне кажется, уже достаточно.   Хотя нет, про одно напишу: этот фильм почти полностью плагиатит фильм США 2004 года Мираж (альт. Мираж на льду). Фильм про победу сборной США по хоккею над сборной СССР в 1980. Посмотрите его, вот этот фильм действительно сильный. И сравните. Увидите сходство.   По итогу: оценка фильму 3. За операторскую работу.	Не смешная шутка	0
13	2019-04-05 09:08:00	У Эбби	0	5	Что ни год, то очередной кабельный американский канал выдает обязательно стандартный ситком. Вот именно что стандартный: нет и намека на высоты «Друзей» или «Как я встретил вашу маму». К сожалению, очередной проект канала NBC «У Эбби» таковым и оказался. История о владелице нелегального бара во дворе собственного дома и странноватых посетителях, предпочитающих пропустить по бутылочке именно у Эбби могла стать богатой почвой для ситуационной комедии, но в итоге создатель ситкомов средней руки «Супермаркет» и «Новенькая» Джош Малмут просто не способен реализовать имеющийся комедийный потенциал. Стандартный набор несмешных шуток и глупых диалогов сопровождается ожидаемым закадровым смехом, который на фоне отсутствия вменяемого юмора начинает раздражать. И это удивительно, с учётом того что главной особенностью «У Эбби» является тот факт, что шоу демонстрируется перед живой аудиторией. Видать, живая аудитория привыкла ржать каждые пять секунд как по часам над жалким подобием комедии или когда покажут табличку с надписью «Смеяться». Увы, даже участие Нила Флинна, полюбившегося публике за ситкомы «Клиника» и «Бывало и хуже», не спасает новый проходной проект.  5 из 10	Лучше уж в бар	0
14	2019-04-05 09:04:00	Tacoma FD	0	5	Востребованность комедийных сериалов на малом экране никогда не исчерпывается, но по-настоящему качественных многосерийных комедий чаще чем раз в 5, а то и больше лет не встретишь. Является ли проект «Пожарные Такомы» канала Tru TV, принадлежащего Warner, одним из таких редких экземпляров становится ясно с первых минут: зрителя знакомят с кучкой раздолбаев из пожарной части городка Такома. Работы у мужиков непочатый край  то и дело приходится выдумывать новые способы убить время и повалять дурака (а дураков в сериале с избытком). А когда работа таки появляется, то связана она с животными: сними кота с дерева или ламу с детской горки. Юмор соответствует синопсису: чередование неловких ситуаций с неловкими диалогами уровня двух классов вечерней школы. По сути два комедийных актёра из дилогии «Super Troopers» создали абсолютно аналогичный сериал, в котором все так же натужно пытаются создать комедию на контрасте глупых усатых мужиков, занимающихся серьезной и опасной работой. Те же яйца, только с пожарным гидрантом. Нужно ли было так стараться или достаточно было снять третий «Super Troopers», ведь какая разница если все равно не смешно.  5 из 10	Комедия умирает в пожаре	0
15	2019-04-04 23:58:00	Кладбище домашних животных	3	2	Как всем известно, «все псы попадают в Рай»; а, особенно, это касается тех дворняжек, что очень много страдали и мучались в своей короткой жизни, пройдя прямую дорожку от будки до хозяйского порога, не заметив, как она быстро и стремительно закончилась (читай: проскочила пред глазами). Да; там они найдут покой, и вероятно уснут с улыбкой на устах; но, что касательно котов?.. А точнее: хитрых и злобных котов, что вьются близ забору и всё норовят проникнуть в форточку за колбаской?.. Природа и на них найдет управу (уж кто-кто, но она способна на это); Природа знает, куда бить и в какой момент вынимать почву из под ног, оголяя лишь холодную мокрую и темную землю, за которой, есть мнение, ничего уже не видно. Возможно, коты чем-то и не угодили Кингу, а, скорее всего, он их просто не любит (ну, Вы же противитесь каше с комочками, ведь так?), потому, где бы мы не заметили их присутствие,  всё отдает дикой и жгучей «инфернальщиной»,  так что, у Мурки, что забрела во двор к Стивену  шансов «нуль»; сразу же  раскаленная сковородка и надпись над ней: «все коты попадают в Ад».  На месте таблички: «Тихий час» из прошлого апреля, в сегодняшнем залесье (где жила Олеся)  дорожный знак «Не выходи из комнаты  не совершай ошибку». Семья Луиса Крида сменила на вахте злополучное родство из 2018, что мало говорило, но много делало, и теперь руководствуется совсем иными жизненными устоями: меньше води носу за оконную раму, ибо там (перечисляю): скоростные грузовики с водителями, вечно «трещащими» по телефону; густой и непролазный лес, за которым себя не видно; индейское кладбище, в котором себя утерять легко; странные старикашки, заговорщицким тоном шепчущие «городские легенды» одну за другой. То-то и оно; устроиться на диванчике с томиком Бродского  куда безопасней и вообще правильней. Сразу оговорюсь здесь о том, чем нас будут пугать создатели, помимо перечисленного, но с технической точки зрения: в наличии только упрямые «скримеры» в виде шмыгающих туда-сюда «дальнобоев» и.. собственно, всё. Со стороны это выглядят почти как попытки пошутить в выходящем сейчас же отечественном «Домовом» (который не посмотрю не только я, но и вообще никто).  Иэн Малкольм предостерегал пресловутой «теорией Хаоса» в 1993: «не вмешивайтесь в дела Природные», ибо попытка сыграть в Бога Рейдена на максимальной сложности (которая неоспорима) с «докой», съевшем на том кошку,  провальна изначально, и ведёт, минимум, к не самым добрым воспоминаниям; максимум  к разбитию джойстика вдребезги. Но то легко сказать: «поднимай крышку унитаза пред..», а, когда ты одержим содержимым и набрал такую же скорость, как и те грузовые составы,  тебе меньше всего в голову приходит прописная норма этикета, да и вообще  элементарная вежливость. Кстати, по поводу почтения. Увидев первое же отличие от первоисточника, я бы мог сразу отметить насколько он (сей фильм) различен с самой книжной основой (задумкой сего), если бы не знал, что это вообще не Кинг, а лишь подобие его, вернувшееся с индейского кладбища и озарившее комнату неповторимым ароматом из роз и тюльпанов. Да; «король ужасов» вернулся, но он уже совсем не тот; да и не Король, а лишь Шут (пересматриваем трейлер «Джокера»), который забыл нарисовать себе грим за кулисами. Кинг заметил, что кино получилось страшным, но не уточнил  в каком контексте; по выходу из кино-театрального сортира можно остаться полностью убежденным,  в каком.  «Куда заводят мечты» здесь поменял буквы местами, и уж пред нами иная картина Да Винчи (или как там его?)  «Куда приводит отчаяние». А, никуда. Отчаяние  уже конечная остановка: без маршруток, без автобусов, без поездов, без самолетов, и даже велосипед здесь с пробитой шиной (уедешь за ближайший поворот, что в шаге и весь в кустах). Потому, остается лишь плясать, выпивать и изливать его в изобразительном искусстве, что всегда было и останется нетленным. Хотя, нет, почему,  есть ещё один «ход конём»: можете просто погнаться за грузовиком с наполнением  вполне возможно, догоните. Когда-нибудь. Семья подверглась трещине в ламинате, но ту дырку они не залатали вовремя, а после стали выяснять, кто, де, виноват,  закончилось всё известным образом: все друг друга «перемочили» и остались-таки при своём. Мудрое решение. В равной степени это касается и сей экранизации: это стопроцентный фильм-дементор (наиболее продолжительный из просмотренных со времён «Спартака» (последние тринадцать минут идут столько же, сколько и трёх-часовой «эпик» Кубрика)), который тянет из своего зрителя все положительные эмоции, сбивает с Пути Истинного, заставляет потерять себя, взывает к самому гадливому, что может быть (и не может); аки «змей-искуситель» терзает за ступни, лодыжки и что повыше; и лишь к концу дает многозначительный смешок в сторону «Мглы», тем и почив.  Вы знаете (и Кинг это знал) Смерть  всепрощающая и направляющая (почти как Любовь); в отличии от Жизни, она не станет обступать тебя со всех сторон слепящим туманом, оставляющим испарину на стекле, и выжимать все натуральные соки с мякоткой апельсину,  не-ет, она просто придет и скажет: посиди со мной рядышком, дружок; я тебе расскажу о том, кто ты (на самом деле, а не кем тебя считает соседка); я тебя поглажу по коленкам, которые ты набил в течении грубой Жизни; немножко ущипну за бочок (и пошутить нельзя, что-ли?); пронесу тебя от Севера до Юга и обратно, уберегу от всего Зла, что копошится под древесиной, а потом.. а потом наступит  Новое Утро. Но уже без тебя.  2 из 10	Громкое место	0
16	2019-04-04 22:53:00	Мэнди	0	3	Трудно понять восторги в адрес фильма «Мэнди» со стороны критиков. С одной стороны  к фильму ужасов следует подходить с другими оценками, нежели к драме или комедии  без каких-то завышенных ожиданий. Иногда, правда, режиссерам удается создать в этом жанре нетленку, но не в случае с фильмом «Мэнди», которым нас пытался порадовать в этом году малоизвестный режиссер Панос Косматос. Впрочем, это и не фильм ужасов, потому что режиссер даже не пытается испугать зрителя. Согласимся с тем мнением, что это боевик и триллер.  Как боевик  фильм плох. Как триллер  еще хуже. Злоупотребление режиссера красной подсветкой начинает раздражать уже к первой трети фильма. Николас Кейдж ну что тут скажешь  да, Николас Кейдж крушит супостатов. То самолично вылитым боевым топором, то стреляет в них из арбалета. Злодеи умирают смертью разной степени мучительности, но подобным трэшем давно никого не удивишь. Сюжет фильма довольно мутный. Его единственное достоинство в том, что фабулу можно описать кратко:  Дровосек с женой живут в лесу. Его жена понравилась главарю оккультной секты. Сектанты напали на их дом, жену, отказавшуюся переспать с главным сектантом, сжигают заживо на глаза у дровосека. Дровосек последовательно убивает всю эту шантрапу и вызванных ими демонических байкеров. Спасибо за внимание.  Что усмотрели в этом третьесортном фильме критики, трудно сказать. После его просмотра остаешься в легком недоумении  и это всё? Издание Thrillist назвало «Мэнди» «лучшим фильмом Николаса Кейджа за последние годы». Возможно в этом есть доля истины, учитывая, в каких провальных картинах участвовал актер в последние годы. Хотя, положа руку на сердце, приходится признать  Николас продолжает в своей кинокарьере движение вниз. И фильм «Мэнди»  лишь небольшая кочка на этом скользком пути.  3 из 10		0
17	2019-04-04 22:51:00	Тебя никогда здесь не было	0	3	Стоит ли смотреть триллер шотландского режиссера Линн Рэмси (это, кстати, женщина) 2017 года «Тебя никогда здесь не было» с Хоакином Фениксом в главной роли? Если только вы хотите посмотреть на скромную брутальность Феникса, который молотком разбивает головы сутенерам и одновременно нежно любит свою престарелую мать, что не мешает ему вместо похорон утопить тело мамы в озере. В целом фильм ни о чём.  Теоретически, разгром педофильского политического истеблишмента, устроившего целый заговор для реализации своих похотливых желаний, тема благоприятная для триллера. Но Линн Рэмси весь фильм концентрируется на каких-то второстепенных деталях и флеш-беках главного героя. Итог? Получилась несколько артхаусная картина, со свойственной для арт-хауса изрядной долей нудности. Даже когда главный герой размахивает молотком, это выглядит скучно (причем, режиссер почти всё время избегает демонстрации сцен насилия. Для того, чтобы в финале внезапно акцентировать внимание зрителя на перерезанном горле).  Хоакинг Феникс в фильме довольно неплох. В принципе можно согласится с жюри Канского кинофестиваля, вручившем ему пальмовую ветвь за лучшую мужскую роль в этой картине. Хотя такое решение даже для самого актера стало неожиданным. Вот как он рассказывает об этой номинации:  Когда меня номинировали в Каннах на «Лучшую мужскую роль», я даже не думал, что выиграю. Пришел в зал в кедах, тихо сел на свое место. И вот во всей этой французской речи, что доносится со сцены, звучит мое имя, люди вдруг начинают аплодировать, поворачиваются и смотрят на меня. Я спрашиваю у Руни: «Мне что, надо встать?»  Короче, фильм сомнительного достоинства и, возможно, представляет ограниченный интерес лишь для поклонников исполнителя главной роли. Еще несомненным достоинством фильма является тот факт, что он идет всего 90 минут. Что ж, Хоакин Феникс в необычном амплуа костолома с тяжелым прошлым и относительная краткость фильма. Пожалуй, это все его достоинства.  3 из 10		1
18	2019-04-04 22:49:00	Аквамен	0	4	Трудно сказать, что происходит со сценаристами Голливуда, когда они садятся писать сценарий для супергеройского фильма. Очевидно творческая импотенция. Иначе как объяснить зеркальность конфликта в «Черной пантере» и «Аквамене»? Два претендента на престол, один благородный воин, другой маньяк и садист с замашками Гитлера. Снова конфликт между не совсем родными братьями (в «Черной пантере» двоюродными, в «Аквамене»  единоутробными). Вы серьезно?  Это если не вспоминать до кучи еще и конфликт между братьями в «Торе». И там, кстати, тоже они не совсем родные друг другу. Такое впечатление, что сценаристы даже не пытаются заморочиться над сюжетом, а тупо передирают основные конфликты и сюжетные линии из уже успешных франшиз. Всё, что происходит в «Аквамене»  уже было и даже было не раз. Изменились только декорации. Фильм красочный, но это единственное его достоинство. Непохожая на себя Эмбер Хёрд с красными волосами и в идиотском русалочьем костюме играет ужасно. Боже, да даже Николь Кидман неубедительна, потому что сценаристы прописали им совершенно неестественные реплики.  Атланты обладают супер-технологиями и скрыты от глаз людских. Где это было? Ах да, в «Черной пантере». И разобщенность племен обитателей подводного царства, которые необходимо объединить, тоже было. И тоже в «Черной пантере». Увы, «Аквамен» вторичен и способен произвести впечатление только на детей (иногда ловишь себя на мысли, что смотришь сказку) и девушек (обнаженного торса Джейсона Момоа в фильме так много, что он затмевает собой даже формы Эмбер Хёрд).  Дети и девушки, видимо, и обеспечили основные кассовые сборы «Аквамену». Ну а то, что Аквамен в начале фильма спасает экипаж российской подводной лодки, которую захватывают пираты (и это не шутка), то тут уж без комментариев. На то они и экипажи русских подводных лодок, чтобы их спасали американские герои, как, например, это было совсем недавно в «Хантер Киллере». Даже в откровенной ахинее «Аквамен» вторичен.  Кстати, здесь, как и в предыдущем фильме с его участием  в «Лиге справедливости» Аквамена постоянно приходится уговаривать спасти мир. Очень капризный герой. Любит ломаться. Если решите пойти в кино  не ждите от фильма многого, там нет ни юмора, ни оригинального сюжета, ни глубокой философской мысли. Просто красивая картинка и сиськи Джейсона Момоа. Ничего больше.  4 из 10	Нелепая калька по имени «Аквамен»	2
19	2019-04-04 22:42:00	Хроники хищных городов	0	4	На самом деле это не такой уж плохой фильм. Он мог бы быть хорошим, если бы не 3 причины, которые и привели к кассовому провалу.  1. Самая главная причина  это не сериал. За отведенное время режиссеру Кристиану Риверсу не удается раскрыть характеры героев, а соответственно большинство из них остаются статистами, чьи поступки продиктованы неведомыми зрителю идеалами. И далее по порядку  не удается раскрыть конфликт, а значит, не получается объяснить и причины большинства явлений и событий (или объяснения не выдерживают никакой критики).  О существующем постапокалиптическом мире рассказано штрихами и трудно понять что заставило города встать на колеса и ради чего это всё. Если бы у режиссера было хотя бы три серии, фильм мог бы стать даже культовым. Но в данном виде «Хроники хищных городов» представляют собой сбивчивый рассказ, из которого мало что понятно. Нам предлагают красочную картинку и просят на время сеанса отключить логику и любопытство.  2. Главный конфликт фильма представляет собой избитое противостояние «ястребов» и пацифистов. Удается режиссеру сказать что-то новое об этом конфликте? Нет. И вообще, очень заметно, что авторы черпали вдохновение из «Звездных войн». И даже заявленный конфликт довольно мелок в глобальном масштабе. В результате больший интерес представляют второстепенные конфликты, но они не раскрыты или раскрыты лишь бы как-нибудь. Ну, а чудесные спасения героев внезапно появляющимися персонажами уже стыдно такие приемы использовать. Тем более так часто в одном фильме.  3. Завышенные ожидания зрителя, очарованного именем Питера Джексона в числе соавторов сценария и продюсеров. Но всё-таки в кресле режиссера находился не он, а Кристиан Риверс, снявший до этого лишь один полнометражный фильм сомнительной художественной ценности. Если рассматривать «Хроники хищных городов» как попытку начинающего режиссера проявить себя, то фильм заслуживает некоторой доли комплиментов. Если же ждать от него чего-то уровня «Властелина колец» или «Хоббита», то разочарование неминуемо.  В целом фильм довольно слабый, но местами красочный. Ощущение после просмотра: «Эх, такую идею загубили почем зря»  4 из 10	Три причины кассового провала «Хроник хищных городов»	2
20	2019-04-04 19:53:00	Кладбище домашних животных	0	0	Новая экранизация романа «Кладбище домашних животных».  С самого начала мы видим не канон, мысленно под монотонное начало мы прокручиваем книжный сюжет и понимаем, что ну не так все начиналось и не с теми словами. Сначала я успокоила себя, что рано делать выводы и стоит посмотреть, как события будут показаны дальше, ведь бессмысленно сравнивать книгу с фильмом. Но начальные сцены новой экранизации все-таки задали тон и первое впечатление не обмануло меня.  Надо отдать должное,  музыка соответствовала всей картине, но почему-то «не цепляла» и не настраивала на тот самый лад. Как же книга настраивала? Хм  Нельзя давать спойлеры, и мне довольно сложно объяснить, почему фильм не понравился.  Он не страшный? Нет, он наверное страшный, достаточно я думаю (у меня просто чувство страха притуплено уже к хоррорам). Он не описывает события книги? Нет, он описывает события, вполне не плохо, учитывая что, многое переделали. Тогда что?  В целом могу сказать, что в этом фильме отсутствует энергетика, он не передает те чувства и эмоции от просмотра, какие должен.  Страх перед смертью у Рейчел после происшествий в ее детстве,  в книге он был, была истерика, были ее настоящие неподдельные эмоции и она их выплескивала, она показывала свой страх. В фильме мы не видим тех самых эмоций, нам показывают «страшную куклу» и переживания героини по этому поводу. Может мне только показалось, что актриса не доигрывает. Либо для нее в сценарии просто не было полноценного текста с конкретными указаниями на эмоциональную его окраску.  Упрямство и яркий характер Элли (в книге она кстати Елена),  где он? Где ее бурная реакция по поводу того, что смерть естественна и животные умирают раньше людей? Где протесты? Где то, какая она была, эта девочка? Ее персонаж в фильме совершенно не раскрыт, перед нами какая-то очередная «послушная кукла».  Малышу Гаджу тоже решили переделать имя, правда только на одну букву удалось. Ну это мелочи, я придираюсь.  Джад Крандол, бодрый старик, который любит пить пиво и рассказывать истории. Стал он каким-то совсем не бодрым, и пиво он не пьет, и истории никому не рассказывает. Да и вообще его как-то отрывками показывали, и даже не скажешь, что они с Луисом стали ближе, чем друзья. Эмоции совершенно убрали из этого фильма.  Луис Крид Луис Крид Кто он такой? Какой-то там врач, к слову даже не сказали какой и что он врач, пока не показали нам его в лазарете пару раз.  Боль от утраты, дикая боль Когда хочется кричать, реветь, хочется умереть тоже! Ты просишь вернуть, мечтаешь о том, чтобы все оказалось только сном. Не принятие того, что случилось и отчаяние, что ничего нельзя изменить или вернуть. Но не в этой истории, ведь здесь можно! И не использовать этот шанс было бы ошибкой. Или правильнее смириться и отпустить? Каждый из нас, теряя кого-то близкого, держит в себе такие мысли, и не каждый смог бы устоять перед соблазном вернуть того, кто ушел из жизни. Смерть близких разрывает душу, и только через время боль проходит и приходит пустота, а после ты отпускаешь. Но ты не может сделать это сразу, так устроено, что мы проходим все стадии принятия через боль и страдания. И если ты знаешь, что есть малейший шанс вернуть любимых, ты обязательно им воспользуешься в тот момент, когда тебе плохо. Но иногда смерть лучшее решение и нельзя вмешиваться в судьбу, приходят последствия. В фильме нет этой морали, нет отражения этих эмоций. В книге они были. Нам оставили нераскрытых персонажей, бездушных кукол, бесполезную страшилку.  «Рыба» сюжета осталась, внутренности вытащили.  А про концовку я просто промолчу.	Пусть будут зомби!	0
21	2019-04-04 19:43:00	Папа, сдохни	9	3	Щас, щас мы поиграем (с)  Молодой парень Матвей приходит знакомиться с родителями своей невесты. Но все оказывается не так просто. У них с девушкой сговор, а родители так просто не могут отпустить потенциального члена их общественной ячейки. Вот и издеваются друг над другом, как в физическом, эмоциональном и ментальном плане.  Дебютант в полнометражном кино Кирилл Соколов сам похож на персонажа своей истории. Такой же яркий, говорливый, а по итогу как и все здесь, виденный до этого миллион раз. «Папа, сдохни» это очередное стояние на месте, пока остальные двигаются и развиваются, единственное, чем занимаются российские кинематографисты, это отдают дань уважения авторам, любящим треш, а на самом деле, просто расписываются в том, что ни идей свежих, ни реализации у них просто не выходит.  Несмотря на то, что неожиданно выстреливший за последнее время Александр Кузнецов («Кислота»)  единственный, хотя бы немного, адекватный человек во всем пространстве картины, конечно, главной звездной в «Папа, сдохни» выступает Виталий Хаев, оторвавшийся на полную катушку, изображая представителя власти, который ради «семьи» и денег готов на все. Второй замечательный человек  эпизодник Саша Домогаров мл. (франшиза «Елки»), изобразивший постоянно отмазываемого маньяка, но здесь он просто для красивого словца и давно зарекомендовавшие себя Михаил Горевой («Непрощенный»), Евгения Крегжде («Заповедник») и другие.  Картина «Папа, сдохни», это такая схематично набросанная идея, вроде бы и сюжет есть, хотя и тоже слямзенный и давно затертый и потерянный в самом дальнем шкафу, но вот подобрали, обогрели и выдают за оригинальность и тарантинистость. В сценарии создатели вроде бы даже пытаются играть со зрителями, но коряво и неуверенно. Все «жестокости», показанные в фильме хорошо продуманы, но выглядят не кинематографично, очень предсказуемо, не смешно и убого. А артистов жалко, время потратили, нервы, возможность самовыразиться, а на выходе «Папа, сдохни» хорошо продуманная, но неработающая дипломная работа очередного технаря, который вроде как посчитал себя режиссером и даже нашел деньги на самовыражение, это подражание любимым авторам. Обычно такое «видение» перегорает на паре роликов для себя, но не в этом случае  3 из 10	Профессиональная деформация	4
22	2019-04-04 17:53:00	Отчаянный	0	4	Запах буррито, вкус дешёвой сигары и звуки испанской гитары  это именно та характеристика, которую смело можно дать произведению Роберта Родригеса «Отчаянный». Бесконечный латиноамериканский шарм, который будто насквозь пропитал всю картину, останавливая время в районе антуража леоновских вестернов (а отсылки тут имеются), несомненно обращает на себя внимания. Но, к сожалению, это всё, чем может похвастаться режиссёр, закапывая с развитием сюжета прекраснейший зачин и всю ту ковбойскую атмосферу что могла бы иметь место.  Главный герой, которого все называют El Desperado, странствует по югу Северной Америки с гитарой в чехле и местью в сердце. По велению влиятельного наркобарона убили его возлюбленную и прострелили гитаристу руку, в следствии чего, персонаж Антонио Бандереса, движимый исключительно кровным решением вопроса, ищет своего врага (оно и не удивительно).   Но вот что точно удивительно, так это сценарный аспект сего действия. Совершенно очевидно, что Отчаянный  идеализированный герой, со всеми ему присущими качествами. Он восстанавливает справедливость одновременно борясь с преступностью, играет на гитаре, стреляет с двух рук и его хочет ещё никому не известная Сальма Хайек. Это тот сверхчеловек, который нужен молодому поколению после устаревших иствудского Стрелка и Майкла Корлеоне. Но если у ранее упомянутых людей были весомые причины и надлежащие обстоятельства, то у Родригеса ничего этого нет. Отсутствует именно тот логический «каркас», благодаря которому истории становятся более менее запоминающимися (не только из-за запаха буррито).   В данном же случае, зрителю приводится абсолютно тривиальная история про обычного убийцу, которому всё сходит с рук в том числе и пулевые ранения. Отличие между людьми Бучо и самим Отчаянным можно легко стереть, убери из истории El Desperado «прозрачную» историю про убитую возлюбленную. И всё в фильме происходит именно по такой системе: не важно почему, главное  как. Следуя этой концепции, можно увидеть периодически неплохие боевые сцены (не всегда идеальные в техническом плане) и колоритный фон. За всем этим же стоит пустышка, не несущая ничего кроме экшена, кривого монтажа, скудных диалогов и гипертрофированных участников оного действия, брутально уходящих в закат на фоне взрывов. Всё это похоже на цыганские гулянья  красиво, шумно, но абсолютно бессмысленно. Благо хоть саундтрек не подкачал, что ещё раз подтверждает приведённое сравнение.   P.S. Стоит вспомнить и влиятельного друга Родригеса, «Бешеные псы» которого были сняты за смешную шестизначную сумму. Имея же в распоряжении семь миллионов выглядит это очень жалко.  4 из 10		0
23	2019-04-04 17:12:00	Дамбо	1	6	Мультфильм «Дамбо» в свое время прославился как первый мультфильм, открыто пропагандирующий алкоголь. Из сотни возможных вариантов, как герою узнать свой талант, авторы «случайно» выбрали именно этот (нажраться до скотского состояния). Ну а фильм, также как недавний «Ральф против интернета», показал, что авторы и сами регулярно «лакают» или еще каким-то способом деградируют.  Над здешней малолетней феминисткой, к примеру, я долго смеялся. Пытаясь продемонстрировать принадлежность к этой идеологии, она не нашла ничего лучшего, кроме как ходить с каменным лицом, изрекая штампованные фразы (напоминает робота). Иногда кажется, что сейчас она лопнет, так надута высокомерием. Либо авторы решили сделать карикатуру на феминисток (во что не верится), либо уже пребывают в неадекватном состоянии. Белль, Мулан и другие героини, пропагандирующие фемофашизм, выглядели несравненно живее этого лопающегося от высокомерия робота. Соответственно, и пропаганда там была более действительная.  Во-вторых, фильм очень мрачный (как цвета, так и атмосфера) и занудный, полностью предсказуемый. На удивление отвратительное сочетание мрачной атмосферы взрослого фильма с примитивным сюжетом для дошкольников. Я с трудом выдержал до конца, хотя смотрел из научного интереса и бесплатно. Не представляю, как люди могут это смотреть с целью получения удовольствия, выкладывая за подобный мусор немалые деньги.   Большинство критиков в мире его ругают, и их можно понять. Зная, что такое «Дисней», и о наличии в сюжете «не такого», они ожидали фильм о тяжелой судьбе отвергаемого злобным обществом гея, зоофила или некрофила. А им подсунули какую-то муть. Сделанную по заезженным шаблонам «зоозащитных» фильмов типа «Освободите Вилли» (коих наберется уже не менее сотни). Тем более, в сравнении с этими фильмами, «Дамбо» выглядит как школьный спектакль.  Кстати, я что-то не помню зоозащитных фильмов, поднимающих, к примеру, тему ежегодного убийства тысяч слонов и других животных туземными браконьерами в Африке. По известным причинам, толпе внушают, что главное зло это цирки.   В финальной битве какая-то логика полностью отсутствует, сюрреализм там запредельный. Стоит отметить лишь вот что. Ради своих целей, «положительные» герои поставили под угрозу жизни сотен людей, находящихся на аттракционах (которые видно, что в этот момент работают). Такое было бы опасно даже на современных аттракционах, не говоря уже про 1919 год, да и, учитывая последующие события, без десятков погибших людей и цирковых животных явно не обошлось. Хотя чего еще ждать от проститутки (в показанную эпоху цирковыми акробатками зачастую были они, другие женщины не согласились бы вертеть голым задом перед толпой). Ей все равно, сколько погибнет, в том числе и детей. Вероятно, или большинство посетителей кинотеатров уже превращены в полных дебилов, которые даже после этого будут воспринимать этих героев как положительных. Или проблемы с головой у авторов. Хотя они еще не совсем утратили связь с реальностью. Завершить процесс руками «положительных» героев не решились. Наверное, долго думали, как быть. В итоге, для наказания злодея придумали нечто в стиле знаменитого «Потерпевший сам упал на нож 11 раз и был осужден за попытку самоубийства».  Хотя, если честно, я терпеть не могу всякие диснейленды и тому подобные заведения. Где сейчас еще и активно проводят мероприятия вроде гей-парадов. Так что, может быть, финал не такой уж плохой. К тому же, страной или «фабрикой грез» еще называют современную киноиндустрию. Во главе которой как раз и стоят подобные злые дяди. Выливающие на зрителя тонны пропаганды ЛГБТ, алкоголя, наркотиков, криминала и тд. А финал «Дамбо» получился довольно символичным намеком на будущее как студии «Walt Disney» (учитывая сходство парка злодея с диснейлендами), так и всей этой помойки. К тому же, у многих американцев наверняка возникнет мысль, что показанный здесь способ разрешения противоречий между людьми и животными хорошо бы применить ко всем выходцам из джунглей Африки и Азии (будь то слоны или негры). За это  6 из 10	Неплохой финал  единственный плюс.	1
24	2019-04-04 16:47:00	Человек на Луне	4	0	Я достаточно давно увлекаюсь темой космоса и NASA, а мои друзья обыватели в этом вопросе и я сравнил свое впечатление и их после совместного просмотра данного фильма. В этой рецензии я затронул историческую часть, сценарную и конечно была ли высадка на Луну реальной или нет. Актёры играют нормально. В реальности Армстронг таким и был  не общительным и молчаливым.  Заявлено, что фильм основан на книге. Все события фильма просто историческая хроника и что конкретно было взято из книги  непонятно. Возможно это общение Коллинза с женой с детьми и со своими коллегами, которое не раскрыто и показано скупо и сухо. Был только один интересный момент, когда астронавты обсуждали гибель своих коллег, которых сняли с проекта Аполлон и они разбились на испытательном самолёте. А таких моментов могло бы быть гораздо больше. Это и смерти других своих многочисленных коллег, и трагическая смерть президента Кеннеди, и политические события того времени, например вьетнамская война, карибский кризис, расовые проблемы. А в фильме получилось всё так нейтрально, астронавты того времени обсуждают какую-то не значительную ерунду и самое плохое что с ними может случиться, это вот домашние споры с жёнами. И не показана реакция на эти исторические события, а те которые показаны, странно перемешаны во времени. Например, астронавты видят речь Джона Кеннеди по телевизору, о том, что США высадиться на луну в конце этого десятилетия, уже после приземления с луны. У моих друзей, даже появились мысли, что Кеннеди тогда был ещё жив, раз его показывают по телевизору без каких-либо объяснений.   Никуда не деться и от навязчивой пропаганды величия США. В фильме зачем то показали старый ролик Наса в котором прямым текстом говорится что Наса гениально и что они разработали уникальную систему многоступенчатый ракет. Вообще то первый эту идею высказал Циолковский в конце 1800-х начале 1900-х. Это тоже очень странно и раздражает.  Сцена в начале фильма, когда самолет должен был достичь космоса  показана без даты  наверное для того чтобы кто нибудь, кто не в теме  подумал, что это первый полет в космос?  Космическая гонка между СССР и США показанная скупо. Фон Брауна, разработчика ракет Аполлон и Сатурн, которые доставили первых американцев на луну, показали один раз несколько секунд.  В момент когда три астронавта сгорели в испытательном модуле Аполлон, был показан астронавт Гас Гриссом, который постоянно сидел и бурчал, оскорблял, ёрничал в адрес НАСА. И этого человека нам показали первые и не понятно, по какой причине он бурчит, не понятны его мотивы и характер и кто это вообще такой. Почему не раскрыли персонажи Гриссома? Он был вторым американским астронавтом и очень уважаем в США, был большим критиком лунной программы из за плохого качества техники и ракет, по его мнению. Он называл Сатурн и Аполлон, ведром с гайками (об этом, например, говорится в книге moon shot автобиографии американских астронавтов). Мне кажется, персонаж Гриссома был совершенно не раскрыт и в таком виде он нам представляется просто каким-то второстепенным и глупым. Про Гриссома  есть другой фильм  Парни что надо и там он и его жена показаны отрицательными, меркантильными, хотящими славы и признания, и Гас там ещё и говорит как деревенщина и это при том, что его IQ, как пишут везде  было гораздо выше обычного человека. Причина, по которой человека, который погиб по вине НАСА во время тренировки, выставляют таким отрицательным человеком  вызывает вопросы. Хотя он же критиковал лунную программу НАСА.  Про Гриссома есть множество книг и есть даже его автобиографии, но вот про Эд Вайта, друга Армстронга, который сгорел в Аполлоне 1 нет никаких книг. Но он тоже не так-то прост каким нам его показали в фильме. Кстати в фильме сказали, что Эд Вайт и Гриссом часто общаются вместе, но этого не показали.   Во время этого пожара Аполлон 1 Армстронг был не в Белом доме, а был на совещании в НАСА. Об этом можно прочитать в той же Moon Shot.  Когда астронавты летят на ракете до Луны и когда они приземляется на Луне  не показано ни одной звезды. Это странно и некрасиво с визуальной точки зрения. Звезды прекрасно видны на земле и их можно фотографировать, а в космосе нет атмосферы и они там видны ещё лучше. Официально и исторически НАСА и её астронавты не привезли ни одной фотографии звёзд со своих миссий на Луну. Причем, почему то даже не было такой научной задачи попытаться сфотографировать звезды с лунной поверхности. Само НАСА объясняет отсутствие звёзд на видео и фото астронавтов тем, что аппаратура не смогла их запечатлеть из за настроек и из-за каких-то погодных условий на Луне, хотя там нет никакой атмосферы. Звезды на Луне и в космосе по законам физики, которые написаны в учебниках, должны быть видны ещё лучше, чем на земле где мы смотрим на звезды через километры атмосферы и даже на земле мы можем сфотографировать звезды обычными телефоном. В интернете миллионы фотографии звёздного неба. Для этого нужно только выдержка фотоаппарата и диафрагма и ISO. Все это было у астронавтов. Но астронавты за несколько своих лунных миссий не попытались сделать даже одну фотографию звёзд. И конечно появилось куча скептиков, которые причину отсутствия звёзд объясняли тем, что фото звезд с Луны и при полете к Луне, в 60-е и 70-е, было очень сложно подделать и поэтому НАСА отказалась от них. До высадки на Луну Кубрик выпускает свой фильм Космическая Одиссея где показаны космос без звёзд. Космос без звезд будет в видео и фото полетов на Луну. Во всех других современных полетах в космос и фильмах  звезды видны.   Луна показана серой, почти чёрно-белой. И это похоже на снимки и видео «реальных» высадок на луну. Но в большой советской энциклопедии 2-е издание в статье луна  написано что серый цвет луны, которую мы видим с земли-это оптический обман зрения из за того, что она очень далеко от нас. В реальности Луна темно коричневого цвета. Об этом пишет и советский астроном Сытинская в книге «Луна»  и все книги приводят доказательства и формулы и способы как они это обнаружили. Но получается что всемирные законы физики на Луне по версии НАСА, действуют по-другому. Так могло получиться из за того, что астрономия и космос в США сильно отставали от СССР и когда клепали видео и фото материалы  наделали много ошибок.	Вновь пропаганда величия США во всей красе.	2
25	2019-04-04 16:21:00	Шазам!	0	6	Супергеройское кино идёт вперёд семимильными шагами. Как фанат данного жанра не ожидал чего-то крутого от этого фильма, но всё равно был разочарован.   Сюжет фильма передать сложно, потому что не за что зацепиться  очень уж посредственно и по-детски всё сделано. Фильм, судя по актерской игре, сюжету, шуткам и общей атмосфере, больше рассчитан на детей, поэтому и непонятно почему ему присвоили рейтинг 12+, ведь проще было бы слегка его переделать под целевую аудиторию.  В трейлере намекали на то, что главный герой чем-то заслужит свою суперспособность, однако фильм просто закрывает на это глаза. Главный герой получил силу просто потому что получил её, смиритесь с этим и смотрите дальше.   Мотивация злодея и его злодеяний тоже почти никак не раскрыта, просто смиритесь с тем что это злодей, в фильме всё примерно так и подаётся.  В ситуации с Акваменом, Джейсон Момоа вытягивал своей харизмой весь фильм. Здесь то же самое, главный герой и злодей тоже тянут фильм, но тянут на дно.  Конечно же у всех свои вкусы и требования от нынешних фильмов, но по моему мнению, если Шазам не самый унылый и непроработанный фильм DC, то близок к этому.  6 из 10	Просмотр «для галочки»	1
26	2019-04-04 11:45:00	Роковой патруль	4	0	10ые годы 21го века переключили стрелки синематографа на новые пути. Собирающие доллары корпорации создали чёткое разделение: В кинотеатре  карусели-аттракционы, бессмысленные, беспощадные для эмоций, засунувшие суть происходящего поглубже, однако доставляющие картинку прямо к сератониновым рецепторам. Дома, по подписке: Сериалы, глубокие, умные, раскрывающиеся персонажи, оставляющие после каждого эпизода недающие покоя незавершённые гештальты.  Перед нами попытка смешать основные фишки из этих лагерей.   Взять знакомые, привычные, тёплые/ламповые персонажи, намертво приварить к ним предсказуемые, сто раз виденные роли, добавить перца, юмора, человечности (надеюсь все помнят вполне бодрый «Мультреалити» (DrawnTogether)).   Что получилось. Получился большой рвотный мусор.   Есть один несомненный позитив: Пилотная серия зашла так хорошо (даже залетела) что я аж дважды перепроверил рейтинг почему так мало?  Брендан Фрейзер, Тимати Дальтон, Операторская Работа (с большой буквы), музон, цветокорр, даже заставка на титрах обольщали мои ожидания. Сильно коробил голос в начале пилота, глупо оскорбляющий совершенно вменяемых граждан и гражданку  Ну а потом пришёл медный таз. И всех накрыл. Мозги конечно вещество очень мягкое но такое изнасилование принять в состоянии не каждый. Я пасс.  Посмотрите, сложите своё мнение, но если это тенденция, то прощай DC	Чушь, муть и компот (с)	0
27	2019-04-04 06:30:00	Зачётный препод	0	0	Я обожаю фильмы о школе, воспитании молодёжи, перевоспитании, неблагополучный семьях, где герои, несмотря на тяжёлые события вырываются из оков серых будней и т. д. Вот и этот фильм заглянула посмотреть в надежде увидеть нечто, подобное «Учитель на замену». и т. д. Но, данный фильм абсолютно меня разочаровал. Разве это учитель? Что он может преподнести своим ученикам в качестве истины. Я понимаю, что его методы подходят для воспитания этих полууголовников, но мировоззрение самого «педагога» лежит где-то на одной плоскости с воспитуемыми. Ужас  Этот фильм ничего от себя дать не может. Полтора часа бессмысленно потраченного времени. А глумление над классиками, что кстати, отображает даже слоган? Так мы прививаем любовь к искусству, которой в современных реалиях и так возникнуть не может.   В общем моё мнение  морально настолько разлагающее зрелище, что хуже и быть не может.  0 из 10	Отвратительное кинцо	0
28	2019-04-03 22:52:00	Ужин	0	2	Фильм исключительно для мажоров или тех, кто стремится к тому, чтобы гордо нести это звание. Очень верно выбрано место действия  дорогой ресторан, кто ж из нас не любит вкусно поесть, тем более, что еда, очевидно, предполагает нечто большее. К сожалению, если литературная основа этого фильма и имела намек на подробное описание всяких вкусняшек, то фильм этого совершенно не передал. Задумка с ужином двух братьев, один из которых кандидат на высокий голландский пост, а второй самый обыкновенный обыватель, тоже хороша. Предвкушаешь интересный сюжет, ибо все в нашей жизни построено на сравнении, какие огромные усилия мы порою прикладываем, чтобы, например, доказать что-то тем же одноклассникам. Но и сюжет не оправдывает ожиданий, диву даешься  насколько неинтересно все оформлено, хотя с ужинающими пришли их жены, а одного из братьев играет Ричард Гир.  Что касается основной темы фильма, то она настолько искусственная, притянутая за уши, что начинаешь сомневаться  может это с тобой что-то не то, ты не способен на сострадание и все принимаешь за дешевые сенсации. В результате единственное, что в итоге может показаться интересным  это собственная реакция на банальный сюжет и как не показаться дураком в собственных глазах. Фильм слишком нуден и скучен, чтобы порекомендовать его кому-то в качестве развлечения. Фильм слишком надуман и несет собой какой-то налет желтой прессы, чтобы всерьез о нем с кем-то говорить.  Автор книги «Ужин» упомянул как-то о плохой книге, которую ты уже дочитал до половины и только поэтому не бросаешь ее читать. Все это в большей мере касается и фильма.  2 из 10.	Вечером есть вредно	0
29	2019-04-03 18:16:00	Стиляги	0	0	"Наше кино катится в такой ад, что, обычно, пересматривая фильмы нулевых и даже начала десятых, хватаешься за голову, и вопишь: «и этому, вполне приличному кино я ставил низкую оценку и ругал его!!» пусть и остается понятным, за что ругал, но обычно иду и повышаю оценку  Особенно показательна в этом плане «фандоринская» трилогия. Как все дружно плевались на самый первый фильм (ну какой из Носкова Фандорин, какая из Нееловой леди Эс., а из молодой тогда  неужели было такое?  Александровой  Лиза!?) Но потом грянули «Гамбит» и «Советник» и в остатке оказалось, что Носков  эталонный молодой Фандорин, а «Азазель»  так и остался лучшей экранизацией  А вот со «Стилягами» Тодоровского вышла другая история.  Этому фильму в стиле «дарк-фэнтази» про Свободолюбивых Ярких Эльфов в ужасном серо-черном Мордоре можно простить многое.   Тодоровский  талантище. Он явно получил соцЗаказ от правящей партии и правительства показать мерзость Мордора и небольшой Рай Светлых Эльфов в нём  и отработал его так водевильно, что иначе как мюзикл про Эльфов и Орков это «серьезное»(?) кино не воспринимается. Хотя один момент удивил: странно, что беременной героине просто отрезали волосы, после сцены с исключением из комсомола, был уверен, что Вождь эльфов Катя вскроет ей живот и вытащит зародыш..  Игрой актеров я восхищен. Без шуток. Особенно красавиц: редко я так восхищался Женей Брик и Вилковой, «темное фэнтези»  жанр для них, ну снимите же что-нибудь еще с ними в том же стиле. Пусть сейчас они и постарели и чуть истрепались на сериальных и говнокомедийных ролях. Хороша и Акиньшина  особенно перевоплощение из Эльфийки в мать. С актерами-мужчинами чуть хуже. Из-за нереальности персонажа, Шагину сложно было воплотить этого фэнтазийного перебежчика от Орков к Эльфам полнокровно. А вот Матвеев и Войнаровский  хороши. Особенно же прекрасны Янковский и Гармаш в ролях отцов, сцены с ними  единственные, которые можно смотреть не как фэнтези, а как нечто правдивое и даже призывающее подумать.  Хотя по сути предмета лучше все же смотреть про стиляг «Ход конем» с Крамаровым.  Но вот чего этому фильму простить нельзя  так это издевательства над отличными песнями. /ругаюсь матом/  сволочи Так испохабить тексты, ломая их тексты в угоду коньюктурного звучания в фильме,.. а частично и мелодию уже фактически классических хитов 90-ых.. Добро бы переделывали пародийно или просто остроумно или хоть «под 50-ые». Но нет, из протестных и просто прикольных песен тупо сделали тексты газетных передовиц. Ладно, Майк Науменко и Цой давно умерли, БГ и Макар умерли еще раньше.   Но ведь живы и девчонки из «Колибри» (""Американская жена») и Гаррик Сукачов и «Наутилусы», жив Бутусов и даже Кинчев как бы жив  неужели столько денег им киноделы забашляли, что молчат? Причем уж 10 лет Я бы подал в суд и разорил, наконец этот фонд Кино, что выдает таким талантам, как Тодоровский, такие ангажированные заказы.."	«Стиляга!  Девушка моей мечты.. па-парам Стиляга!  Какая странная масть»	1
30	2019-04-03 17:20:00	Мистериум. Журнал 64	6	5	Скандинавские детективы  это уже такой отдельный подраздел в кинематографе. Мрачный, более-менее реалистичный, драматичный. Мне понравились предыдущие три фильма «Мистериум», однако «Журнал 64» меня не то, чтобы разочаровал, но вызвал недоумение.   Что бросается в глаза: рояли через каждый второй куст. Преступление случилось 12 лет назад, но по счастливым совпадениям, следователи периодически натыкаются на какие-то ниточки по нему и как-то всё склеивают.   Не добавляет достоверности и странное, с точки зрения профессиональных полицейских, поведение героев в экстремальных ситуациях: какие-то мелкие глупости типа  продолжают гнать по шоссе, когда у них горит лобовое стекло (не логичнее ли остановится и выйти) и т. д. По ходу фильма реализм происходящего падает и уже сложнее увлечься историей.  Отдельной клюквой изображён некий исправительный лагерь для девушек 50-х годов. Подозреваю, что оные имели место в те времена в Дании. Так вот, мало того, что там довольно долго и нудно смакуются всякие измывательства садистов и насильников над юными девами, так ещё и зачем-то герои в разговорах это приписывают «социальному государству». Вроде бы Дания как раз и славится высоким уровнем жизни граждан, будучи социальным государством. Либо у нас что-то с переводом, либо на фоне сворачивания красивой жизни даже в скандинавских странах, решено так «тонко» хаять всё социальное) В общем, этой фишки я вообще не поняла.  Если вам понравились предыдущие фильмы серии  посмотрите и эту, но многого не ждите.   5 из 10	худший фильм из цикла «Мистериум»	2
31	2019-04-03 16:45:00	Юморист	4	0	Фильм «Юморист» в первую очередь ассоциируется с крайне агрессивной маркетинговой кампанией. Прошло не так много времени, чтобы интернет забыл все эти показательные интервью, заказные ролики и гигантские баннеры на каждом сайте. Но нет ничего страшного в том, чтобы рассказать потенциальному зрителю о своей картине. Хотя, подобный подход свидетельствует далеко не о самом высоком качестве конечной работы. А если заглянуть в послужной список Михаила Идова, режиссера картины, то окажется, что из шести проектов, к которым он приложил руку, выделяется лишь один. Невольно закрадываются сомнения: «А смог ли Идов достойно справиться с ролью режиссера?» Спойлер: нет.  «Юморист» предельно плох. Это максимально плоская, пресная и скучная картина, которая пережевывает одни и те же тезисы на протяжении двух часов. Она не удивляет, она не рассказывает историю, она не раскрывает героев, она не работает с эпохой, она не делает вообще ничего. Пройдёт час (!) и только тогда на экране появится интересная сцена, которая не сработает как нужно, ведь у зрителя отсутствует эмоциональная связь с персонажами. Причем идея, которую Идов хотел донести, прослеживается достаточно четко с первых минут. Но, как оказалось, Михаил не знает, каким образом раскрыть свое видение. О каком же интересе со стороны обывателя может идти речь?  Все упирается в главного героя. В первые несколько минут разворачивается экспозиция: зрителю рисуют образ персонажа, вокруг которого и вращается «сюжет». Борис Аркадьев  уже немолодой комик, явно уставший от своего амплуа. Из раза в раз герой вынужден повторять одну и ту же шутку, выслушивать восторженный отзывы и мило улыбаться (последнее, по мнению Аркадьева, совсем необязательно). Своим поведением Борис демонстрирует не только презрение к зрителю (без которого известность закончится в миг), но и к друзьям и коллегам по цеху (сцена на веранде). Михаил Идов создает отторгающего героя, который не ценит то, что имеет и, в силу своего статуса, относится наплевательски ко всем.  Но в этом нет ничего страшного, существует огромное количество картин («Майор», «Нелюбовь», «Коктебель»), главные действующие лица которых не располагают к себе. Вот только в «Юмористе» Идов на протяжении двух часов твердит только о том, что его герой плох. Улавливаете? В первые пять минут формируется полное представление о характере Аркадьева, а потом оно становится все хуже и хуже (подобная проблема была в прошлогодней «Кислоте»). Мы поняли с первого раза, что Борис устал. Может стоит раскрыть его с другой стороны? Может стоит показать что-то хорошее? Может стоит передать внутренний конфликт? Да, он присутствует, но ему уделено порядка пятнадцати минут хронометража.  Возникает вопрос: «Что же происходит в остальное время?» Ничего. Буквально, в «Юмористе» не происходит ничего. Меняются локации, добавляются персонажи-куклы (этот хитрый, этот добрый, этот главный), герой топчется на месте, а глаза медленно закрываются. Идов транслирует идею: «В СССР была цензура». Не очень оригинально, но пусть так. Каждый, кого встречает Аркадьев, закладывает зерно: «С системой можно бороться». Мол, ты же можешь выйти и прочитать неодобренный материал. Проблема в том, что на идею отводится всего пара строк диалогов, которые тонут в пучине длинных серых сцен. Каждую такую «умную» последовательность можно спокойно сокращать  фильм выиграет в динамике. Кульминация вообще представляет собой откровенное хамство, а не представление «эксклюзивного материала».  Анализ картины после просмотра ставит все на свои места. «Юморист» недостаточно развлекает, чтобы его полюбили неискушенные зрители, и недостаточно загружает, чтобы понравиться фанатам «русского кино». Самое страшное, что на вопрос: «Как тебе?», вы чаще услышите: «Никак». Этот фильм не вызывает никаких эмоций. Здесь нет логических проблем или откровенной тупизны, которыми пестрит российский кинематограф. С другой стороны, здесь нет и намека на эффект «вау». «Юморист» до ужаса сер и пресен. Михаил Идов, подобно главному герою, сто раз повторяет одну и ту же мысль. Но интереснее не становится даже на сто первый.	Без русского мата	5
32	2019-04-03 15:50:00	Балканский рубеж	52	4	Итак, очередной супер-блокбастер про подвиги Наших. На этот раз повествование идет о войне в Югославии. Общий сюжет, разумеется, целиком и полностью укладывается в рамки политической мифологии РФ: злые америкосы самым бандитским образом устроили управляемый региональный конфликт, начали бомбить мирных граждан (как фашисты) и помогать головорезам-албанцам щемить наших братушек сербов. Но наши оказались не промах, и, несмотря на политическую импотенцию тогдашнего руководства, поступили по совести и защитили добро!  Герои получились посредственные. Ну Куценко такой же, как всегда, это и так понятно. А вот остальные это какие-то невнятные ламберсексуалы, очень похожие друг на друга. Ну и еще бой-баба, правда романтическая линия связана не с ней, а с другой героиней, которая не является солдатом. Хотя эта любовь даже указана в аннотации, никаких эмоций она не вызывает, кроме разве что скуки от фальшивости происходящего.  Фильм безумно затянут. Я заставил себя досмотреть только чтобы с чистой совестью написать этот комментарий. Весь первый час можно спокойно выкинуть без малейшей потери смысла, ибо он практически полностью состоит из невыносимо долгих крупных планов плачущих женских и детских лиц, а также суровых мужских, полных истинно православной боли, ну и абсурдных диалогов. Огромный хронометраж потрачен абсолютно бездарно, поскольку в это время легко можно было бы уместить еще и политические интриги, которые в рамках данного сюжета были бы очень кстати.   Тут уже проводили параллель с «Солдатами Бенгази». Действительно, есть определенное сходство (отряд спецназа, оборона объекта от толпы врагов, геополитический сюжет, патриотизм). «Бенгази» мне тоже не особо понравился, но там все же достаточно внятный и последовательный сюжет, а кроме того интересная тема отношений между кабинетными шпионами-аналитиками и бойцами. А главное, там раскрыты персонажи, и сразу понятно, чем один бородач отличается от другого. Да что там говорить, даже в мини-сериале «Крепость Бадабер» с этими аспектами лучше.  Экшен сцены неплохие, однако абсолютно вторичные и безвкусные. Сюда же пресловутая клиповость, которая вообще является бичом российских боевиков. Картинка истеричная и переполненная эффектами. Просто самые примитивные перестрелки, никаких крутых поединков или оригинальных сцен. Для реалистичной «историчности» это слишком сказочно, а для терминаторского героизма слишком пресно и примитивно.  Я кстати так и не понял, зачем им нужен был этот аэропорт и почему нельзя было отдавать его НАТО. И концовку я тоже не понял, в чем собственно достижение? Война не закончилась, а заложников можно было спасти и без удержания позиции Просто напакостили американцам, не дав им сделать так, как они хотели? Сомнительное достижение, учитывая, что кроме мелких пакостей мы им ничего сделать как не могли, так и не можем до сих пор.  В целом фильм действительно получился очень «деревенским». Он мне напомнил то, как многие колхозные ребята тюнингуют свои ВАЗы, поскольку им недоступны реальные спорткары или даже не слишком дорогие иномарки. «Балканский рубеж» по сравнению с голливудскими патриотическими боевиками и военными драмами это как тюнингованная Приора по сравнению с Audi r8. Причем не просто тюнингованная, а еще и обклеенная георгиевскими лентами, картонными танковыми башнями и надписями «сбил фашиста» и «на Берлин!», которые мы увидим уже через месяц. К просмотру не рекомендую никому, кроме тех, кто любит передачу «Бесогон ТВ» Никиты Михалкова.  4 из 10	Сельский стайл	15
33	2019-04-03 06:08:00	Дамбо	0	6	Фильм скучный. В бродячем цирке рождается слонёнок Дамбо. Теперь вся его жизнь это шоу на потеху публики. Непонятно, почему цирк Марка Медичи (его играет Дэнни ДеВито) лучше парка развлечений Вэндевера (его играет Майкл Китон)? Опять идёт противопоставление фрилансеров бродячего цирка Медичи и стабильного большого заработка парка развлечений Вэндевера. Фильм мне понравился, но почему фрилансеры лучше людей делающих супершоу каждый день? Дамбо на роду написано находиться в цирке и делать шоу на потеху публики. Холт (его играет Колин Фаррелл) не понимает детей, но делает вид что он борец за права животных. Это цинизм сделать из Холта любителя животных, когда он на войне убивал людей (полный абсурд).  Режиссёр Тим Бёртон сделал фильм-шоу, когда жизнь всех героев зависит от рынка развлечений. Делать шоу  это звучит грандиозно, особенно когда есть деньги на будущие планы. Вэндевер  это человек-одиночка, который сделал себя сам. Но режиссёр Тим Бёртон высмеивает людей, которые умеют делать прибыль из разрозненных шоу. Вэндевер (Майкл Китон) это человек познавший все прелести шоу и сумевший сделать прибыль на развлечениях. Дамбо  это игрушка в руках опытных шоуменов. «Научиться идти по жизни одному и добиваться результатов»  вот слоган жизни Вэндевера.  Очень обидно, что успешного шоумена Вэндевера сделали злодеем, а Холта военного  защитником животных. Очень понравилась Колетт (её играет Ева Грин). Она воздушна, она изменчива, она, как воздух, всё время летает в облаках. Фильм непонятную мораль несёт. Дамбо  это слонёнок рождённый веселить публику.  Покорить мир  об этом мечтают все цирковые артисты. «Шоу должно продолжаться»  вот месседж фильма. Для шоу живут и Колетт, и Холт, и Медичи, и все цирковые артисты. Этот фильм делает злодеем человека, который сам добился своего, сделал из мечты банк с прибылью.  6 из 10	Скучный фильм с непонятной моралью	1
34	2019-04-03 05:06:00	Власть	3	5	Трансформации тела Бэйла в своих ролях  это уже событие глобального масштаба, и, наверное, таковое, которое удавалось не многим актерам современности. Но все же как фильм «Власть» получился довольно предсказуемым и медлительным, чего как для номинанта восьми премий «Оскар» откровенно не ожидалось.  Сюжет ленты преподносит Дика Чейни как некого серого кардинала, у которого, собственно, не много лидерских качеств или харизмы, зато достаточно амбиций карабкаться вверх в пищевой цепочке. Для фанатов «Карточного домика», «Власть» покажется практически идеальной копией, ну, возможно, в характере главного героя нету коварности Андервуда, но композиционно фильм дублирует известный сериал.  Второстепенных актеров хватает, которых играют довольно известные актеры, но точно не на том уровне, чтобы появляться в номинациях второстепенных ролей на «Оскаре». Сэм Рокуэлл безусловно хороший актер, и Буш младший в его исполнении многим покажется кое-чем новым для сравнения с образом созданным СМИ, но это точно не игра номинанта на «Оскар», да и по сценарию, его персонаж как-то неожиданно теряется из главной сюжетной линии.  Неоднозначные впечатления после просмотра фильма, в некоторых деталях «Власть» демонстрирует хорошие качества, но в большей степени, из-за вялости развития событий, и банальности истории в целом, сложно поставить положительный отзыв. Считаю, что «Власть» украла много номинаций у других хороших фильмов, вышедших в прошлом году.  5 из 10		2
35	2019-04-02 23:41:00	Гений	1	0	Посмотрел фильм потому, что видел, что его смотрел отец.  Фильм безусловно радует игрой актеров, еще бы, такой актерский состав! Снимали в то время интересно, операторская работа на высоте, ламповая картинка радует глаз. Советский быт, Питер начала девяностых, тачки, техника (Электроника!!!), высший советский шик, как дачи, видаки, напитки в алюминиевых банках, ларьки, шмотки, перечислять можно бесконечно, все подлинное и настоящее, как оно было тогда, так и снято! В этом плане фильм  сокровище и огромное спасибо создателям.   Герой  инженер-мошенник-беспредельщик занимается тем, что с дружками-подельниками кидает на деньги лохов, при чем кидает жестко, те либо остаются ни с чем либо отдают кругленькие суммы, что бы их интимная жизнь не стала достоянием общественности. Кроме мошенничества наш герой занимается легальным бизнесом  и бизнес этот  овощи. Казалось бы безобидная тема торговли помидорами, однако с неё и начинается вся заварушка! В один прекрасный день наш Гений узнает, что его друг, который, кстати не последнюю роль играл в мошеннических схемах, в палатке обвешивает покупателей на 200 грамм с килограмма!!! Сергей приходит в ярость и прогоняет его к чертям собачьим! Друзья становятся врагами и пошло, поехало. Ладно бы, если сценаристам был нужен повод для конфликта, пусть хоть овощи, хоть фрукты, хоть конфеты, но к сожалению это только начало абсурда и дальше его становится только больше. Отдельно стоит упомянуть семейку главной героини, отношения ГГ и ГГейши, спецназ. Самое обидное, что наш гений, вовсе ни какой не гений, просто опера туповатые и это наблюдается на протяжении всего фильма. Я так мыслю.   Тема благодатная, безграничное пространство для полета фантазии, великолепные, неподражаемые и даже великие люди в актерском составе, однако мы имеем то, что имеем. Удивляет, как такое могут снимать взрослые люди, имея в распоряжении такие ресурсы.	Инженер-мошенник-беспредельщик	1
36	2019-04-02 22:15:00	Покидая Неверленд	1	0	"Вот не думала, что моя первая рецензия, которая заставит меня вылезти из глубочайшего «read only» будет на такое, но что вышло, то вышло.   Так получилось, что в свое время и творчество Джексона и скандалы, связанные с ним прошли мимо меня. Помню только как в новостях периодически, то тут, то там «всплывали» разные мальчики, которые «внезапно» начинали вспоминать, что дядя Майки где-то не там их потрогал. И всякий раз, что удивительно, это ничем не заканчивалось.   Вот уж и Майки нет десять лет, а «мальчики» продолжают «всплывать».   Я очень люблю документалки, военные расследования, громкие судебные дела, этим и было продиктовано мое желание ознакомиться с данным произведением, заодно и поставить для себя точку в этом вопросе.   Ознакомилась.   Ну, что могу сказать я не представляю, как себя должны чувствовать члены семьи, дети, братья, родители, если мне  совершенно постороннему человеку, вот уже три дня противно от одной мысли об этой гнусности.   После просмотра полезла на форум, где, надо сказать, народ в большинстве своем воспринял эту поделку так, как ее и нужно воспринимать, а одна девушка сказала, что неплохо бы проверить товарищей на наличие крупных долгов или серьезных операбельных заболеваний.   И, вот ведь как получилось: у одного, так внезапно и детально завспоминавшего события тридцатилетней давности, накрылась карьера хореографа и ныне он пребывает в депрессии и долгах, а у другого разорился семейный бизнес.   Как там говорит наш «всем журналистам журналист»: «Совпадение?» Ну, а дальше вы знаете.   И вот уж действительно стоило молчать столько лет, чтобы потом явить миру подобное «откровение» Хоть бы даты правильно подогнали, честное слово.   Это все лирика, а теперь давайте пройдемся по тезисам:   1.	Мы не понимали, что происходит. (Поняли, надо полагать, к сорока? До этого целостная картина никак не складывалась? А тут так удачно, аккурат к годовщине смерти, накрыло осознание. Да, так бойко: и на шоу сбегали, и интервью дали, и киношку выпустили.)  2.	Мы ничего не знали! (Вторят «непонимающим» мамы. Ну, тут открываем курс психологии за девятый класс: замкнутость, подавленность, страх, смена настроений  классические симптомы, сопровождающие регулярное психологическое и физическое насилие. Мамули, вы семь этого не замечали? Семь лет, таскаясь за ним по городам и весям, живя у него дома, принимая его у себя дома, у вас не возникло ни малейшего подозрения? Константин Сергеевич, где вы, дорогой?)  3.	Джексон отдалял от нас нашего сына. Мы бы и рады были следить за всем, что происходит, но в отелях регулярно не оказывалось рядом свободных ЛЮКСОВ (Вот тут даже не знаю, мне нужно что-то комментировать, нет? Оно, конечно, понятно, что следить за своим несовершеннолетним ребенком из соседнего «стандарта» или «эконома» после Неверлэнда и коллекционного шампанского как-то не comme il faut.)  4.	Смотрите, у меня руки трясутся, когда я к этим кольцам прикасаюсь (Бедный, бедный юноша Налицо серьезная психологическая травма, ты ведь исключительно из-за нее хранишь тридцать лет бриллианты поближе к сердцу, правда? Что ж ты так мучаешься-то, родной? Не выбросил в ближайшую урну, банально не продал, не пожертвовал в фонд борьбы с раком, как это делал тот, кого вы посмертно четыре часа полощете.   И, вот еще вопрос: а как же вы общались-то столько времени? Были вхожи в дом, рыдали у гроба? Если у тебя руки ходуном ходят, когда ты к его подаркам прикасаешься, то при личной встрече, тебя, по идее, должен был кататонический ступор накрывать.   И почему вы продолжили общение после всего этого «кошмара»? Ведь вы продолжали таскаться к нему в гости, пользоваться благами, приходили к нему уже со своими женами. Как долго любой мало-мальски вменяемый человек захочет общаться с тем, кто его семь лет регулярно насиловал, если только его при этом не держат в подвале на цепях?)   5.	Он украл у нашего сына детство, отнял у него возможность стать мужчиной. (Нет, родная! Если даже допустить, что весь ваш «вечер невероятных историй» правда, детство у своего сына отняла ты! Собственными руками! Потому что в тот момент тебе это было выгодно!)  И «под занавес» сжигание вещей Ребят, а это зачем было? Вы и так уже народ посмешили. Серьезно, для чего?   Во-первых, выглядит очень дешево, режиссеру двойка. Вы это тридцать лет бережно хранили специально, вот для этой показухи?   Ну, тут видимо все по Аллену: «Порядочность и честность  слишком дорогие подарки. И не стоит их ждать от дешёвых людей».  Во-вторых, я надеюсь, все свои колечки, бриллианты, закладные на дом вы в этот костер положить не забыли? Ведь в противном случае это называется «лицемерие».   В заключение: есть такое словосочетание «презумпция невиновности»  основополагающий принцип судебного права. На данный момент этот принцип на стороне Джексона. Многочисленные суды, допросы, унизительные экспертизы, обыски, слежка Ничего из этого не доказало его вины. Точка.   Когда будет что-то более существенное, чем «шокирующие воспоминания» двух неудачников  будет и повод для разговора."		3
37	2019-04-02 20:38:00	Завод	11	6	«Один директор: «Я своим работягам уже год зарплату не плачу, а они все равно на работу ходят». Другой директор: «Это еще что. Кроме того, что тоже зарплату не выдаю, так я прикололся и вход на завод платный сделал! Все равно приходят, работают! Кто платит, а кто через забор лазает!» (Смех)  К фильмам режиссера Юрия Быкова Я отношусь со страстным упоением смешанным со скорблезным скепсисом. Замечательно страшный «Майор» вгоняющий в ступор откровенностью, великолепный «Дурак», который считаю лучшим продуктом российской киноиндустрии, после «Брата» Балабанова пересекается с абсолютно не адекватным сериалом «Спящие» и, о ужас! «Ёлки. Часть шестнадцатая.» Фильмы о полной безнадежности на фоне серой погоды  вот, что отличает Быкова от других постановщиков.  В новом фильме Я наблюдаю, как зрителю хотят показать конфликт интересов старый как мир: с одной стороны жадный начальник, с другой бедолаги-рабочие не получавшие нормальную заработную плату с распада Советского Союза История понятная и даже хочется назвать ее банальной. Но если всмотреться во внутрь оказывается не все так просто.  Рассмотрим начальника: деловой и успешный, откровенно не боящийся похитителей и даже относясь с пренебрежением, хозяин мира сего, зубами прогрызающий себе путь наверх. А теперь обратим внимание на рабочих: грязные, не образованные, выпивающие, обидевшиеся, что в жизни у них лишь мрак и решившие отомстить за это всему миру. А теперь главный вопрос. Не лучше ли этим несчастным работягам всем умереть, оставив после себя лишь воспоминания?! Место в жизни должны занимать удачливые, эффективные, «светлые» так сказать люди (типа олигарха Смолякова), а не чернь и отродье. Понятно, без плебеев не обойдешься никак, но позволю напомнить, что наша планета не резиновая и места для копчения воздуха скоро станет крайне мало. «Простая арифметика. Вселенная конечна  ресурсы конечны», как говаривал великий титан Танос. Проблема маленького человека, которую не устает преподносить своему зрителю Быков, в том, что его слишком много и он бесполезен.  Из актерского состава охотно отмечу талант Дмитрия Куличикова, личное открытие режиссера. Артист появляется в каждом фильме Юрия Быкова. Этакий подлец, маленький антигерой, постоянно кривляющийся, ерничавший и скалящий зубы. Блестяще (как всегда!) показавший образ истинного «быдла».  Столько перестрелок и взрывов не было ни в одном фильме Быкова. Хочется верить, что это не звоночек перехода режиссера от авторского кино в кино «экшен ради экшена», в продукт массового потребления.  Что же хочет сказать режиссер нам своим фильмом?! Справедливости в мире нет. Кто-то выживает, а кто-то тонет. Это честно?! Не известно, ведь правда тоже давно умерла.   Обреченность и отчаяние возведенные в абсолютизм.  «Левиафан снова поглощает простой люд. Никакого просвета.»  6 из 10	Конфликт	1
38	2019-04-02 20:09:00	Звёздные войны: Эпизод 3 – Месть Ситхов	6	1	Интересно, что все обращают внимание на ляпы, плохую актёрскую игру, нестыковки с последующими фильмами, но почему-то никто не обращает внимания на этику.   Это же ужасно! Неописуемо никакими словами! Как люди вообще могут терпеть подобное? Мало того, это им ещё и по каким-то причинам нравится.   Здесь нас ждёт месть и предательство ещё худшее, чем в «Игре престолов». Фильм называется «Месть ситхов», хотя его стоило бы назвать «Месть джедаев» или «Месть Оби-Вана»  хотя за что, непонятно.   Самое отвратительное в этом фильме то, что расчленение и сжигание заживо своих друзей здесь показывают, как мораль.   Да самые отъявленные злодеи в других фильмах не ведут себя так, как здесь себя ведут «герои».   Складывается ощущение, что Дж. Лукас  член какой-то секты и продвигает её идеи в массы с помощью своих фильмчиков с масками и светмечами.   Здесь вас научат тому, что: любить  плохо, сострадать  плохо, сопереживать  плохо, беспокоиться о близких и пытаться их спасти  плохо. Страх, гнев, привязанность, скорбь (!)  это всё, оказывается, плохо и ведёт на «тёмную сторону».   В фильме (особенно в конце, хоть до самого конца я и не досмотрела) показывают ужасные вещи, но в то же время какой-то детский сад: изуродовать «плохих» персонажей, чтобы все понимали: зло  это плохо, вот как оно влияет на человека  совсем как для деток маленьких, чтоб наглядно было! Цирк.   А этот Йода или вуки? Это заставляло ухахатываться каждый раз, когда они появлялись на экране. Маленький зелёный дядечка, который неправильно разговаривает, запросто уделывает всех врагов одной левой. Оно-то смешно, но это, на секундочку, самый жестокий и отвратительный персонаж в фильме. Садист, маньяк, бездушный манипулятор.   Падме  рыба, тумбочка, введённая в сюжет только ради того, чтобы «утащить Энакина на дно». Камнем преткновения в который раз сделали бабу, притом бабу весьма странную. Потому как любая девушка должна бы радоваться, что у неё есть такой парень, как Энакин, который способен ради неё буквально на всё.   Оби-Ван  худший наставник, которого только можно придумать. Очень во многих произведениях эксплуатируется тема того, как ученик или сын «переходит на тёмную сторону», ну или просто чувствует в себе какие-то тёмные вибрации, но ни в одном из них я не видела такой гадкой развязки. Для примера можно привести хотя бы Ричарда Сайфера и Зеддикуса Зорандера из «Легенды об Искателе».   «Тёмные» эмоции бывают у всех, потому что мы все люди. Здесь же это показано так, что если человек испытывает эти «тёмные эмоции», например, страх или гнев (что абсолютно естественно), то его можно списать и нужно убить, притом жестоко, потому что он зло. Показана доминантность рассудка над эмоциями как будто бы, но я бы назвала это «ум без разума». Эмоции и чувства  это часть человеческой натуры, и здесь я их видела только у Энакина. Остальные  какие-то бездушные роботы или зомби.   P.S.: худшее из того, что я смотрела за всю свою жизнь  бездушность, жестокость, бесчеловечность с ещё более высоким градусом, чем в «Игре престолов», но здесь это хуже, потому что здесь это называют моралью.   1 из 10	Античеловечно и аморально	0
39	2019-04-02 19:03:00	Хэллфест	0	2	Фильм не понравился. Какой-то он получился вялый и совершенно не интересный. Были несколько моментов, когда я вроде бы начинал увлекаться событиями, но в итоге очень глупый сценарий сводил все эти начинания на нет. Также очень напрягало место действий фильма. Это явно задумывалось как изюминка фильма, мол, ужас на празднике ужаса. Однако меня бесило буквально всё.   Маньяк не пугал, хотя вроде как обязан бы это делать по закону жанра, особо много крови также не присутствует. Его мотивацию я также не понял. Не бывает убийцы без причины. Пусть понятная только ему, но всё же причина. Я, признаться, задремал немного во второй половине фильме, но не думаю что эти проспанные 5-7 минут как-то скрыли от меня истинные мотивы убийцы в маске.   По поводу того что заснул добавлю: не пропустил абсолютно ничего. Потому что весь фильм состоит из хождений взад-вперёд героев фильма и недоверия опасений главной героини. Можно было и подольше поспать, проснуться за 10 минут до конца и понять, что остался в живых тот, кто должен был остаться (закон жанра, ничего не поделаешь). Какого-то особого сюжетного поворота или завлекающей внимания детали не было. Очень посредственное и, самое главное, совершенно не страшное кино, которое очень уныло и скучно смотреть, даже не взирая на маленький хронометраж (менее полутора часов). По поводу подбора актёров особо нечего сказать. Для такого рода фильма не требуется какой выдающейся игры, главное делать испуганное лицо и громко кричать. В целом с этим справились актёры, но такой стрёмный сценарий не спас бы даже Джонни Депп.   Атмосферы не было. Той самой, которая сопровождала все фильмы про Крюгера, Джейсона или хотя бы Виктора Кроули в первых трёх частях. Ну, мочат ребят, ну да ладно. Музыкальной темы как таковой не было, по крайней мере она мне совершенно не запомнилась. Возможно, с хорошей пугающей мелодией по страшней было бы, и соответственно интересней. Вспомните тему из Хэллоуина? Да меня в детстве эта ужасающая мелодия пугала до пяток, спать боялся. А тут? Мда, жанр ужаса падает со страшной силой.  Советовать к просмотру не стану. Уж больно утомительное зрелище. Можно найти что-то более стоящее для просмотра, ну или хотя бы пересмотреть классику жанра, тот же Хэллоуин, например.   2 из 10	Унылый праздник ужаса	0
40	2019-04-02 18:45:00	Пляжный бездельник	4	5	Лунный Пёс (его играет Мэттью МакКонахи) является лучшим поэтом Флориды. Он женат на богачке Минни Бу (её играет Айла Фишер), которая его содержит. Они друг другу изменяют, но никто не держит обиды из-за этого. Фильм состоит из курения, алкоголя, употребления наркоты. На всём этом стоит символ пофигизма Лунного Пса. Фильм про прожигателей жизни, у которых есть всё и которым хочется ещё больше расслабиться или взбодриться. Минни Бу (Айла Фишер) великолепно играет жену, которая считает своего мужа гением и избранным. Да, этот фильм восхваляет беспечный образ жизни. Жизнь превратила Лунного Пса из гениального поэта в наркомана, алкоголика и хама.  Этот фильм восхваляет распутный образ жизни американской богемы. Снуп Догг играет любовника Минни Бу. Всем всегда хорошо, когда накуришься травки. Вывод один после просмотра фильма: «В распутстве погибают мечты». Мэттью МакКонахи играет бездельника-наркомана американской богемы. Он говорит: «Жизнь  это родео». Фильм пустой, потому что на первое место ставит разврат и пьянство. Лунный Пёс  поэт, который хочет получить наследство от жены. В фильме есть лёгкая эротика (девушки топлес). В чём мораль фильма? Когда у тебя есть всё, то ты начинаешь гнить и душевно разлагаться.  В распутстве погибают мечты: душевная чистота начинает гнить. Это показано, как дочка Лунного Пса и Минни Бу начинает входить во взрослую жизнь тусовщицы. Под солнцем Флориды Лунный Пёс ни о чём не парится. Он прожигатель жизни на все 100 процентов.  Режиссёр Хармони Корин сделал фильм про богему Майями. Наркотики, секс, вечеринки, солнце  это всё непонятно простому российскому зрителю. Актриса Айла Фишер (она известна по фильму «Шопоголик» (2009)) хорошо играет жену Лунного Пса.  5 из 10	Фильм восхваляет распутный образ жизни богемы	1
41	2019-04-02 15:17:00	Как приручить дракона 3	7	4	История, что рассказывает о неведомых мирах, смельчаках, что, не жалея себя идут в неравный бой против огнедышащих тварей, заполонивших всё вокруг. О маленьком мальчике, для которого не было места среди этих войн и ненависти, а потому сумевшем открыть свое сердце и тем самым понять, пусть твари и страшны на вид, но в глубине души  это кроткие, разумные существа, подобно здешним викингам, борющиеся за жизнь. Вот так начались невероятные приключения под названием «Как приручить дракона». Однако что же делает любую хорошую историю, поистине запоминающейся? Правильно конец. Не у всех это получается, если честно, не все шибко и стараются. Одни растягивают свое творение, выжимая из него соки, другие впопыхах бросают то, что начали, лишь бы поставить точку. Сами выбирайте, что хуже, но в обоих случаях, в минусе остается зритель. Проблема продолжения некогда замечательного мультфильма, по моему мнению, заключается именно во втором случае. Ибо всё на экране настолько хаотично, непродуманно и скучно, что я не могу найти иного объяснения, сей грустного (абсолютно без какого-либо сарказма) положения. Давайте поподробнее:   Персонажи:   Иккинг:   На протяжении двух предыдущих частей мы наблюдали за развитием и взрослением этого персонажа  от запутавшегося юнца, ищущего себя до вожака Олуха. В триквеле, он просто топчется на месте, лениво ковыляя из одной локации в другую. Даже, маломальская дилемма, связанная с лучшим другом, и на первый взгляд драматичное завершение их взаимоотношений, сценаристы в итоге, умудряются испортить, через таймскип, о котором никто не просил (хотя сцены-крючки в трейлерах с бородатым Иккингом сами не появились бы и их как-нибудь, да надо было поместить в мультфильм).   Беззубик:   И тут не всё гладко. После квеста с Драго и пережитых с Иккингом лишений, Беззубик тоже стал вожаком. В продолжении его главенство никак не обыгрывается (за исключением, сцены рычания на скале и финала). Благо у него есть небольшая сюжетная арка с Дневной Фурией (как ее тут называют) и наблюдать за этим было, если не интересно, то умилительно уж точно.   Астрид, Валка (мать Иккинга), Плевака, Сморкала и все остальные  тут просто мебель. Вот серьезно, ни один из этих героев, что раньше имели вес и двигали сюжет, фильму не нужен, ибо они просто стоят где-то на заднем плане, произносят реплики и летают. Особенно обидно за Астрид (что в первом фильме из крайне равнодушной и самовлюбленной особы выросла в заботливую и любящую подругу, что в сиквеле поддержала Иккинга в его сомнениях, насчет трона и была рядом, когда тот потерял близкого человека), Валку (чья человечность и любовь ко всему живому трогала до глубины души, и чей опыт общения с драконами, помог Иккингу открыть в Беззубике новые таланты), Плеваку (не просто тренера и кузнеца, а лучшего друга, как Стоика, так и Иккинга). Убери их из данного фильма и ничего не поменяется.   Злодей:   Один тот факт, что я не помню, даже его имени говорит о многом. Давайте сравним его с всё тем же Драго Блудвистом. У последнего была причина ненавидеть драконов, мотивация и твердые убеждения, коих он придерживался. Что есть у нынешнего злыдня (найти его имя в поисковике, как вы понимаете не проблема, но перед обзором я не стал этого делать из принципа, настолько он неинтересен)? Мотивация? Представьте, вы проявили себя, будучи еще ребенком (в рамках данного сеттинга, проявить себя = убить дракона), вас похвалили и вы возненавидели всех драконов. Это даже не смешно! Ни харизмы, ни грозного вида, ни тактического мышления, соответственно ни угрозы от него, не чувствуется словом вообще.   Визуально всё выглядит потрясающе. Полеты над бездонными пропастями, заснеженными горами и яркими пещерами захватывают дух, а оригинальный саундтрек Джона Пауэлла удваивает это ощущение.   Юмор тут очень специфичный. Справедливости ради, стоит признать, что и первые фильмы не изобиловали юмором (точнее он был, но не приоритетным направлением, а скорее приятным дополнением), в триквеле решили это исправить. Вот только зачем? Постоянные (что самое ужасное  повторяющиеся) подколы над Иккингом, его несостоятельностью, как вождя (подумаешь, в прошлый раз он спас Олух, а в настоящем, делает всё ради жителей) и его «тонкой шеей и худющими ногами». Плюс, какими же «смешными» были домогательства Сморкалы до матери Иккинга, да?   Итог: Финальный аккорд, меня, как любителя (не побоюсь слова обожателя) этой вселенной, крайне разочаровал. Если первые два мультфильма можно традиционно раза два в год пересматривать в кругу семьи и друзей, то третий, увы, отправляется на дальнюю полку, ибо пересмотреть его мне захочется довольно не скоро.   4 из 10	Хромой финал!	4
42	2019-04-02 14:49:00	Мы	2	0	После блестящего хулиганского сюрного дебюта «Прочь» от новой режиссерской работы Джордана Пила я ждал не меньшего повествовательного макабра с хлёсткой бичевательной социалочкой, искусно замаскированной под личину непритязательного хоррора. Даже от трейлеров старался держаться подальше. Как результат, завышенные ожидания схлопнулись, издав пронзительно-протяжный звук досады и разочарования.    Интригующее, но вялотекущее начало сменяется блестящим оммажем пугающей бессмысленной жестокости культового творения Михаэля Ханеке «Забавные игры». И там, где австрийский режиссер со всей одури бьет зрителя о кинематографическую стену, а через образовавшуюся от удара щель над оным начинает с издевкой потешаться один из антагонистов, Пил неожиданно срывается в нелепую разъяснительную патетику. Пускаясь в финале в процесс разжевывания «гениальности» своей задумки Пил разом обесценивает так мастерски воссозданную им неуютную атмосферу липкой и гнетуще-загадочной безысходности, которой пропитана восхитительная середина картины (некоторые юморески просто гениальны!). По итогу, складывается ощущение, что все эти многочисленные визуальные пасхалочки, библейские отсылки, пресловутые событийная метафоричность и напускная многозначительность остервенело используются Пилом для того, чтобы коряво залатать многочисленные сюжетные дыры.   В «Прочь» все находилось в идеально-естественном балансе: социальная подоплека органично дополнялась и сочеталась с жанровой сердцевиной истории, в результате картина одинаково бодро смотрелась и как хоррор, как едкая сатира, и как авторский манифест.   При этом снято все просто превосходно. Пил мастерски играет со светом и тенью, окутывает убойным музыкальным саундом, ловко жонглирует хоррор-штампами и настроениями, пропитывая историю какой-то жутковатой хтонью (увы, до поры до времени). В этом ему помогает Лупита Нионго, филигранно справившись как с ролью потерянной и испуганной главной героини, так и с образом инфернального доппельгангера.   В общем, Джордан Пил, лично для меня, не смог увернуться от опасности дамоклового меча его дебютной работы, откусив больше, чем смог прожевать. Смотрелось это скорее как вынужденная потуга из серии: «Хотите еще? Сейчас вам сбацаю такой масштабный сюр, закачаетесь!» Жестко надругавшись над свой задумкой, автор наспех набросил на остывающий сюжетный труп заранее припасенную аллегорическую простынь.   Вердикт: Кулик разочарован этим болотом!		0
43	2019-04-02 14:41:00	Рейд Ульзаны	0	0	"Фильм «Рейд Ульзаны» (1972)  фантазия режиссёра Роберта Олдрича о том как выгодно могли бы развиваться реальные события, но увы, они происходили совсем по-другому. Так тенденциозно снимать вестерн о реальных исторических событиях и реальных исторических персонажах, это что-то! Был бы просто ковбойский мордобой в салунах и с перестрелками  без вопросов, весёлое кино и всё. «Рейд Ульзаны»  фильм о реальных событиях, имевших место на юго-западе США в 1883  1885 гг. Тем легче сопоставить фантазии режиссёра и то что происходило в действительности в войнах индейцев апачей с армиеей США. Несмотря на название, главный «герой» в этом вестерне не апач Ульзана (Хоакин Мартинес), а американский скаут (Берт Ланкастер). Весь сюжет фильма построен вокруг него и его действий, и более логичным было бы назвать этот «киношедевр» его именем.  Немного истории. Когда в первой половине XVI века на земли апачей пришли испанцы, в доспехах и на конях, местные индейцы, наслышанные о «божественных подвигах» пришельцев в Центральной Америке и сожжённых ими городах ацтеков, не стали встречать испанцев «в кокошниках и хлебом-солью», а тупо замочили кого смогли, забрали лошадей и железные доспехи, в качестве диковинных трофеев. Потом были долгие десятилетия кровопролитных столкновений с мексиканцами. Но вот, в первой половине XIX века в стране апачей появились американцы. Быстро «разобравшись» с мексиканцами «исключительные» отжали у них сначала Техас, а затем Аризону и Нью-Мексико  огромные территории, на которых тысячи лет жили апачи, навахо и десятки других народов. Бесчисленные провокации и вероломные убийства со стороны американцев быстро превратили апачей из нейтральных индейцев в наиболее жгучих «фанатов» американской экспансии. Вожди Хуан Хосе, Мангас Колорадос, Джеронимо, Викторио, Чиуауа и Ульзана, нанесли американцам наибольший ущерб и оказали наиболее ожесточённое сопротивление в борьбе за свою свободу и землю, вплоть до конца XIX века.  Группа апачей во главе с лидером Чиуауа и его братом Ульзаной, известного также под именем Джосани, организованили побег из американского «дома отдыха»  резервации Сан Карлос, не желая более терпеть голод, унижения, обман и воровство. Эта резервация или концлагерь  клочок земли в раскалённой безжизненной аризонской пустыне, куда американцы сгоняли индейцев апачей с их исконных земель. В кино-сказке от Олдрича нет ни слова о вожде Чиуауа и причинах побега апачей из резервации, убежали и всё. Режиссёра этого фильма не интересует историческая точность или объективность в освещении событий, пусть и в его художественной интерпретации, ему давали деньги под другие «акценты». Вождь Чиуауа более известен чем его брат Ульзана, поэтому последний гораздо больше подходил на роль ужасного «монстра» и «кровавого маньяка», которого из него быстро соорудил «режиссёр-сказочник» Олдрич. Будучи опытным и искушённым, прекрасно владея киноприёмами в создании «нужного» образа Роберт Олдрич даже мельчайшими деталями и штрихами, будто случайно, подсказывает зрителю  на кого надо «точить кулаки.» Зритель должен в самом начале повествования настроится на образ «страшного» Ульзаны, в том числе, и плохим отношением к животным: Ульзана грубо бьёт лошадь по морде, собачка фермера утыканная стрелами и т. д. В фильме, конечно же, ни слова о жестокости «благородных» американских кавалеристов и ковбоев. А она была, и гораздо более ужасной, чем зритель может себе представить. Не в силах победить воинов апачей в бою, американцы выжигали их беззащитные селения вместе с женщинами, детьми и стариками. При этом чудовищно издеваясь над беспомощными и убитыми. При помощи подлости и обмана американцы убивали лидеров апачей, в надежде сломать их волю к сопротивлению. К примеру, вождь апачей Мангас Колорадос один прибыл в форт, по приглашению американцев и под белым флагом. Джозеф Родман Уэст, бригадный генерал армии США и калифорнийских добровольцев, обманул вождя апачей и не стал вести с ним переговоры. Его солдаты схватили Мангаса Колорадоса и пытали всю ночь  кололи его штыками, предварительно нагрев их на костре, после чего убили лидера апачей. На следующий день американские военные отрубили голову вождя, а изуродованные останки оставили в покинутом лагере.  На этом фоне издевательски звучит в фильме текст молодого лейтенанта кавалерии США и его вопрос к скауту-индейцу: «Почему твой народ такой жестокий?» Но, правильного ответа он не услышал. А звучит этот ответ примерно так: «Ты спроси у ваших генералов, придумавших нацистскую поговорку  «хорош только мёртвый индеец». В фильме Олдрича нет правдивых текстов, есть только пропаганда и ложь. Ни единого кадра об ужасной жизни апачей в резервации Сан Карлос, об официальной бумаге «за скальп воина апача  100 $, женщины  50$, ребёнка  25$"", чтобы стимулировать убийство индейцев. Только дебильные заклинания  «Ульзана убежал, чтобы грабить и убивать».  Берт Ланкастер  хороший актёр, на его счету десятки удачных картин и ролей. Но, с фильмом «Рейд Ульзанаы» он оказался в слабом и неудачном проекте. Никаких исторических или художественных ценностей в этом фильме нет. Снят он не случайно в 1972 году  ещё идёт война во Вьетнаме, но уже ясно  американцы её безнадёжно проигрывают, неся большие потери. Они ничего не могут сделать с вьетнамскими партизанами  «апачами» XX века. Поэтому, как и прежде, выжигают вьетнамские деревни напалмом и огнемётами. Срочно нужен был фильм об американских победах, пусть в XIX веке и пусть над индейцами, вооружёнными примитивным оружием, но победах.  Правду не замазать киноподелками как «Рейд Ульзаны», пусть и со звёздами кино первой величины, так как документы о тех событиях в открытом доступе и каждый может сравнить их с киноагитками Голливуда. До 1990 года в США не снимались более-менее правдивые фильмы о войнах с коренным населением Америки, за исключением одного\двух фильмов, подтверждающих это правило. Тем, кому интересны события показанные в фильме «Рейд Ульзаны» и войны на юго-западе Северной Америки, я бы рекомендовал посмотреть  «Джеронимо» 1993 (Джозеф Раннингфокс), «Отряд бизоны» 1997, «Апачи» 1973 (ДЭФА, ГДР), «Ульзана» 1974 (ДЭФА, ГДР)."	Побег из концлагеря (Рейд Ульзаны, 1972)	0
44	2019-04-02 13:48:00	Завод	11	4	Какое же халтурное кино именно от короля соц. драм Быкова. Как и все был в восторге от Майора и Дурака, но Майор мне понравился много больше. Подарил кучу эмоций, переживаний, нервов. Дурак завлек сюжетом, и оба фильма объединяет реализм. То, что я больше всего люблю в кино(поэтому не ценю фантастику), и Быков уже начал становиться эталоном для меня в этом самом реализме. Но увы, эта дешёвка, рядом не валялась.   Примитивные диалоги уровня Лиги Справедливости, читаемые действия героев. Сами персонажи, ну никто не симпатизирует. Ну понравьтесь вы если не перфомансами, то хотя бы актерской игрой. Седой после первого же открывания рта оставил должное впечатление, которое в конце и оправдалось. Туповатый, быдловатый, злой (конечно же из за того что повоевал в своё время и бошкой поехал немножко). Смоляковский Калугин просто поразил своими поверхностными, банальными фразами. «Да ты людей не любишь не меньше моего», «Тяжело работягам, тяжело». Какие то просто детсадовские реплики. Потом смотрю, Стасик Карпов появился) Котлярский снова начал стрелять взглядом, думаю роль сейчас будет какая нибудь небольшая, но колоритная. Поматерился, получил позорных пинков в конце, и вся роль его на этом. Начальник охраны Калугина. Какой то харизматичный актёр. Ну думаю на тебя надежда. Вытащишь этот каламбур, нет  такой же как и все болванчик статист. Как дёшево и необъяснимо выглядели его рефлексии в конце, во время штурма завода.  Примитивные разговоры о справедливости, примитивный конфликт. Слабо, Юрий, очень слабо.  «Щаз денег нет, появятся  выплачу» Настолько всё поверхностно, топорно. Каждый герой словно быстрее барабанит свою реплику, и уходит из поля зрения. Фраза Седого  «Это ж твои дети, не мои», наверное должна была стать поворотным твистом, показывающая что глав. герой ничем не лучше субъекта, которого он похитил, что отношение к людям у него на том же уровне. Но вышло стереотипно и ожидаемо. С самых начальных имбицильных идей глав. героя понял что кончится это всё ничем абсолютно. Так и оказалось. Ни денег получить, ни за идею побороться.  Поставил 4 крепких балла/10. Удивлён что на просторах интернета его не разносят в пух и прах. Достаточно дипломатичные обзоры, с аккуратными обсуждениями минусов.   4 из 10	А это точно Быков снимал?	3
45	2019-04-02 11:21:00	Хищник	0	0	Готовился к лучшему  оказалось как всегда.  На протяжении всего фильма меня не покидала единственная мысль: «Что? Этот ахтунг действительно снял Шейн Блэк?». Тот самый Шейн Блэк, что был причастен к созданию «Смертельного оружия» и «Последнего бойскаута»? Впрочем, когда я после просмотра «Хищника» залез на Кинопоиск и посмотрел его послужной список, это несколько охладило мой пыл. Как оказалось, я этого человека попросту переоценивал, и кроме упомянутых тайтлов ничего особо выдающегося в его карьере не было. Но давайте вернёмся к текущему фильму.  Начало, в принципе, довольно многообещающее. Мясо, кровь, интрига, страх  как раз то, что нужно. Эх, если бы и дальше было так! Но увы: дальше будет, в основном, только беготня и прыготня, дурацкие диалоги и полное отсутствие логики. Взять хотя бы ужасных инопланетных собак, которые знай себе стоят и поскуливают, кротко ожидая, пока их разнесут в клочья автоматным огнём. Они так несколько минут стоят, Карл! Вот куда это годится?  Главных героев в фильме сразу семь или восемь, точно я не запомнил. Самый главный из них, капитан Маккена, ничем особым не выделяется на фоне разномастных психопатов, волею судьбы доставшихся ему в напарники. Сами эти психопаты стараются быть непохожими друг на друга, и это сразу наводит на мысль о том, что Шейн пытается поиметь профит на волне популярности фильма вселенной DC «Отряд самоубийц». Но получается не очень  надо было уж тогда выводить эту линию на передний план.  Единственное, что впечатляет  это огромный Хищник-мутант, который может в доли секунды откусить человеку голову или разорвать пополам обычного Хищника размером поменьше. Но его поведение тоже нелогично. Если уж он может всё это, то какого лешего лезет врукопашную, устраивая показательный затяжной поединок? Понятно, конечно, это лишние минуты хронометража. Но почему было не потратить их на дополнительную проработку драматической стороны, например? А то получается, что в те моменты, когда мы, согласно режиссёрскому замыслу, должны испытывать «щемящие душу эмоции», у нас просто не получается это делать  просто потому, что мы не успели проникнуться сочувствием к героям, нам не раскрыли как следует их характеры. Юмор слишком поверхностный  тут вообще нужно было доходить до уровня Тарантино, в соответствии с планкой творящейся в фильме жести. Пожалуй, лишь это можно назвать удачным моментом  кровь, кишки, мясо и торчащие кости в фильме присутствуют в обилии. Но, опять же, всё это не очень сочетается с «детской» темой, которую олицетворяет мальчик-аутист, сын капитана Маккены. Зачем он здесь? Очередная «модная фишка»? Понимаю, что на нём многое держится в хлипком сценарии, но держится очень плохо и трещит по швам.  Вердикт: смотреть только под вискарь, тогда может ещё даже и понравится. Я на момент просмотра, к сожалению, был трезв.  Оценка: 0 баллов	Беззубый Хищник	3
46	2019-04-02 10:34:00	Покидая Неверленд	1	0	Это история двух обиженных семей, родителей, которые за счет предоставления своего ребенка богатому и знаменитому, скучающему певцу, пробивали себе дорогу в жизнь, совершенно не заботясь о том, что именно происходит с их ребенком все это время. Слушая, как родители спокойно оставляют 7-летнего ребенка на ранчо певца и уезжают в увлекательное путешествие. Слушая, как сами же родители месяцами позволяли своему ребенку жить в номере по сути чужого взрослого мужчины, знали, что их маленький ребенок спит с ним в одной кровати и говорят: «Мы думали, что это нормально, они же друзья» Нет, это не нормально! Не спят дети в кроватях с чужими взрослыми людьми, не живут с ними в номерах отеля и ранчо. Да, эта история о насилии над детьми, но это история о насилии над детьми под молчаливое согласие их родителей! Ведь не просто так эти дети не побежали к маме со слезами  рассказать, что с ними происходит, это говорит о том, что даже в возрасте 7 лет ребенок осознавал отсутствие поддержки своих родителей, уже боялся потерять расположение звезды. В данном случае осуждать стоит не только певца, но и родителей детей, ведь на протяжении всего рассказа становится понятно, как обижены не только дети, но и их родители, что их заменили, заменили мальчика для утех, заменили семью. Как перестали оплачивать их номера в отелях, предоставлять хорошую жизнь.   По моему мнению, родитель, узнавший, что его ребенка на протяжении 7 лет принуждали к насилию у него под носом, не может сидеть с улыбкой во весь рот рассказывать, как хорошо было дружить с Майклом, само упоминание этого человека должно вызывать в них дрожь. но, мы видим двух счастливых мам, с улыбкой рассказывающих как счастливы они были. И о чем же в итоге этот фильм? О родителях, которые через много лет, получившие возможность хорошо жить именно за счет отношений со звездой, решили защитить своих детей? О детях, переживших насилие, но решивших об этом рассказать именно сейчас, когда опровергнуть их слова практически не возможно? Или же это история о двух честолюбивых семьях, которые фактически продав своего ребенка, обеспечили себе безбедную жизнь. Печально, что не одна из мам на протяжении 4 часов фильма не сказала: Это моя вина, я виновата, что мой ребенок подвергся насилию, я делала вид, что все нормально, я не интересовалась чем занимается взрослый мужчина с моим мальчиком в своей кровати по три месяца. Я не захотела этого знать и защитить своего ребенка». Да насилие совершал другой человек, но слушая эту историю, кажется, что насилие над детьми совершал не только он, но и их родители.  И в итоге все таки не ясно цель данного фильма  рассказать каким был кумир миллионов на самом деле, кому это нужно? Защитить других детей невозможно  ведь человека, которого обвиняют в насилии уже нет в живых Торжество справедливости?  Нет, скорее это очередная попытка пробиться в жизни, за счет человека, имя которого, посмертно опорочено. Никто не может сказать с уверенностью правда все что сказано на экране или нет. И остается открытым вопрос: «А нужно ли было поднимать бурю..?»		0
47	2019-04-02 10:34:00	Кадавр	1	4	Бывшая полицейская Меган Рид устраивается на ночные дежурства в морг и в первую же смену оказывается втянута в жуткие вещи, связанные мало того что с нападениями ненормальных, так еще и с оживающими трупами!  Чтобы понимали все  «кадавр»  это малоупотребляемое/устаревшее профессиональное обозначение трупа. Существует еще выражение «кадаверная кровь»  соответственно, трупная кровь, которая, к моему удивлению, используется в медицине, в том числе при переливании и даже по некоторым показателям лучше донорской крови живого человека!  Очевидно, что дать фильму название «Кадавр», а не просто «Труп» или «Мертвец», пришла нашим прокатчикам, чтобы заинтриговать зрителя. Что такое «Кадавр»? Имя демона? Может так называется какой-то особенный обряд экзорцизма? А может что еще? Ты видишь непонятно название, читаешь описание и хочешь посмотреть поскорее фильм (ну или не хочешь). В оригинале же фильм называется «Одержимость Ханны Грейс». Хотя может было выбрано столь оригинальное название и, чтобы отделить эту «Одержимость» от многих других.  Забавны в «Кадавре» сюжетные решения. Бывший работник полиции является не мужчиной, а женщиной. Меган Рид, оставив службу стала бухать по-черному и даже посещала собрания анонимных алкоголиков! Подумать только! Экс-коп и алкашка! Случись такое с персонажами Кифера Сазерленда («Зеркала»), Итана Хоука («Нападение на 13-й участок»), Колина Фаррелла («S.W.A.T  Спецназ города Ангелов») или Джейсона Стейтема («Хаос»), даже вопросов бы не возникло. А тут  вполне себе симпатичная девушка и на тебе  пьет и скатывается вниз по наклонной!  Непонятны и трансформации одержимой. В те моменты, когда она приходит в движение  перемещается она на четвереньках, аки обезьяна, но в лифте для чего-то выпрямляется во весь рост. Спина устала ползать? Шея затекла? Только встав на ноги во весь рост, она вновь опускается на четвереньки. К чему тогда предыдущая сцена  чтобы добавить в фильм аудиоэффектов типа похрустывания костей и хрящей одержимой трупачки?  Неплохо была представлена другая ее трансформация, подобная той, которую зритель мог видеть в «Мумии» с Бренданом Фрейзером. Тогда Имхотет приобретал человеческий вид с каждой новой жертвой превращаясь из истлевшего скелета в нормального мужика. Но этот момент в «Кадавре», на мой взгляд, не был доработан. На этом как раз можно бы было сыграть и представить что-то типа надвигающегося апокалипсиса, наступления «Мрака на Земле». Финал «Кадавра» оказывается одной большой недосказанностью. Быстрая развязка и минутный последний штрих словно намекают, что режиссер силился еще что-то сказать, но у него не вышло. Примерно таким же в своей время получился еще один фильм про одержимость  «Ватиканские записи» с Майклом Пеньей.  По своей атмосфере фильм вполне соответствует сюжету  тут и безлюдные коридоры, и внезапно открывающиеся лифты, и мерцающие лампы и все такое прочее. Но с обилием серых тонов создатели переусердствовали. Коридоры, ведущие в морг, а также сам морг больше похожи на бункер, но не на медицинское учреждение. Место работы и без того депрессивное  одни трупы, порой не самый приятный запах и одиночество, а тут еще и стены давят. Даже не знаю насколько нужно быть психологически сильным, чтобы выдержать работу в таком мрачном месте. Все же морг, на мой взгляд, должен выглядеть несколько иначе. По крайней мере быть более освещенным и светлым, чтобы его работники не думал о том, как бы поскорее составить компанию своим подопечным.  В целом «Кадавр» получился откровенно скучноватым и пресным. Ожидаемое  случается, неожиданное  предугадывается. Элемент ужаса ощутить достаточно сложно. Не самый плохой фильм об одержимости, но далеко и не самый лучший.  Впрочем, смотреть Вам. Свое мнение никому не навязываю.  Приятного просмотра.  4 из 10	Приключения трупа	0
48	2019-04-02 07:58:00	Волшебный парк Джун	2	6	Этот мультик прекрасен, но в нём чего-то не достаёт (не достаёт масштабности идеи). Маленькая девочка Джун (её озвучивает Алиса Ефименко) мечтает. Это настолько её захватывает, что она весь дом застраивает своими игрушками. Скажите пожалуйста, какие родители позволят детям долгое время не убирать игрушки разбросанные по дому? Какой-то парк развлечений  что это за мелкая мечта? Кому нужен парк развлечений, когда есть видеоигры и смартфоны? Страны-производители  Испания, США  сделали неплохой мультик. Но поймите, какой парк развлечений, если все дети сейчас находятся онлайн?  Слоган мультика  «мечты ждут»  раскрыт по-детски, а не по-семейному. У этого мультика 14 продюсеров. Наверное, это связано с 100 миллионным бюджетом. Мультик качества Full HD. Мне в мультике понравился дубляж: он шикарный. Режиссёр дубляжа Гелена Пирогова справилась на 5 с плюсом. В мультике нет масштаба детской фантазии. Джун мелко плавает из-за того, что все её прихоти исполняются со скоростью света. Джун  это маленькая и избалованная девочка, которая любит математику и любит конструировать. Девочке Джун дали любовь к математике  это первый шаг к эмансипации в испанских мультиках.  Мне очень понравился голос Юлианны Карауловой (она озвучивает маму Джун). Её звонкий голос дарит материнскую любовь и вседозволенность маленьким детям. Дети так любят мечтать, а тут Джун зацикливается на одном парке развлечений (это скучно смотреть).  Дети  это самое лучшее, что есть у родителей. И когда ребёнок один, он становится избалованным настолько, что не убирает за собой игрушки. «Дети»  столько счастья в этом слове. Детские мечты  они выше гор и выше неба.  6 из 10	Детский мультик про избалованную девочку	0
49	2019-04-02 05:19:00	Золушка `80	0	0	"Отзыв будет краток, именно про сам фильм, а точнее про сюжет.   Когда его показывали во времена скудных, «серых» фильмов и нудных передач  это был как глоток свежего воздуха, как запах глянца от появившихся немецких каталогов OTTO, где фото красивой жизни смотрелось как «нечто» с другой планеты.   Сейчас, пересмотрев этот фильм, главная героиня, она же «Золушка» (да какая она Золушка?!) ведет себя отвратительно и по отношению к отцу и по отношению к мачехе, которая, вовсе не питает к ней ненависти и не заставляет (а это бы не помешало) начищать кухонную утварь.    Синди  строптивая, взбалмошная девица и вина ее отца и мачехи только в том, что в какой-то момент они допустили пробел в ее воспитании. У нее напрочь отсутствует уважение к родным людям, не говоря уже о незнакомцах. Так называемая «Золушка» постоянно ищет себе приключения (видно подростковый налет не сошел полностью) и взрослеть явно не собирается. Она похожа на эгоцентричного ребенка, которому надо получить любимую игрушку немедленно, даже если для этого нужно упасть и колотить ногами.   Мицио (""прынц»)  обыкновенный богатенький сынок, который думает, что способен выжить и без папиных денег (кого он пытается в этом убедить, наверное, себя самого).   Это фильм-перевертыш. Золушка здесь  злая, мачеха и остальные родные сдержанные и воспитанные люди, ну а принц достоин своей новоявленной возлюбленной  готов всегда (временами пыхтя) подчиняться ее капризам. Диагноз  им бы к психологам обратиться.   Роли исполняют гипертрофированно до оскомины, слишком переигрывают. В защиту можно сказать, что это 80-е и там все было «мятное, яркое и что-то лишнее», но сыграть-то можно было бы и получше."	Бедная мачеха.	0
50	2019-04-01 21:51:00	Черное зеркало: Брандашмыг	1	0	"К сожалению, а может и к счастью, я не смотрел ни одной серии оригинального сериала. Поэтому не буду облизывать и нахваливать игру, как многие это делают (за старые заслуги, как у нас принято).  Перейдём к делу.  Это худшее, что могло случиться с жанром «интерактивный фильм». Казалось бы, шёл 2018 год и что могло пойти не так? Как оказалось  всё. Наитупейший сценарий, который настрочили за минут пять на коленке, бессмысленный выбор действий, который «о, боже, так много всего решает, от него зависит Ваша концовка (лол нет)"". Весь «важный» выбор заключается в паре сомнительных решений: сожрать наркоту или нет; пойти туда или вон туда и пр.  И ладно, если после этого был бы проработанный сюжет, но, увы, нет. Через пять минут Вы доходите до тупика (одна из концовок) и возвращаетесь в меню выбора действия, мол, ответ неверный, перейдите обратно на данный выбор и выберите как полагается.  Вот и как это назвать? Ругаться хочется. Таких «неожиданных сюжетных развязок» около десяти, и всё это альтернативные концовки. Ладно, хорошо, погорячился. Парочка концовок действительно сойдёт за таковые, но не больше. Да и в них с первого раза не понять, что за дерьмо происходит на экране.   Говорят, чтобы открыть все концовки, Вам потребуется часов 8. Бред. Открыл не только их, но и так называемую «секретную» за три с половиной  четыре часа.   Возможно, потому, что люди не знали, что можно перематывать эпизоды, которые уже проходили. Это, пожалуй, маленький плюс.   Актёрская игра никакая. Взяли в надежде, что вытянут за счёт популярности и игры Уилла Поултера, но нет, ни то ни другое не спасло это произведение. Хотя его игры я там особо и не заметил, честно говоря.   Казалось бы, чего такого? У нас же всё есть. Берём хайповый сериал, добавляем хорошего и молодого актёра, набирающего популярность в киноиндустрии, и делаем интерактивное кино. Вуаля! Годнота готова! А как же сценарий? Да кому он нужен! Хотите прямо сейчас Вам сварганю? А, постойте, знаете, меня уже есть готовый. Мы просто возьмём историю про невыпущенную игру. Гениально! Аплодисменты! Успех!  Единственное, что действительно понравилось, так это пара кадров и сьёмка в некоторых локациях. Прошу выделить нужное слово «пара», а не «понравилось».  Вы скажете: «Сюжет очень хорош. Никто и близко ничего такого не делал!». Боюсь Вас огорчить, но почти любое интерактивное кино или игра, в разы лучше этого.  Приведём маленькое сравнение:  первой в моей жизни из жанра интерактивного кино была Fahrenheit на PS2. Компьютерная игра, выпущенная в далёком 2005-м году; первый проект подобного рода, возымевший успех. И даже там было больше интерактива, сюжетных линий, различных фишек и просто атмосферы. Графика, конечно, оставляет желать лучшего, но для тех времен весьма годно.  Возвращаясь в наше время, можно вспомнить много подобных работ. После успеха Fahrenheit компании заинтересовались новым жанром и начали делать своё. Да что там компании, обычные люди создавали ради фана фильмы. Далеко за примером идти не нужно: Иван Faker Дёмкин и КО, в своё время делал подобное на ютубе, его приняли очень положительно. О качестве речь не идёт, т. к. любитель. Снималось на простенькую технику, но делалось с душой, с любовью, и для зрителей, а не ради денег и хайпа.   Отсюда вопрос: когда режиссеры и компании перестанут выдавать говно в красивой обёртке и начнут уважать своего зрителя, а не высасывать из него деньги?  Под обёрткой имеется ввиду качество, красивая картинка; в наше время, располагая достаточными финансами, не сложно купить качественную аппаратуру.  Не побоюсь сказать, что всему виной Марвел. Они на протяжении долгого времени являются фабрикой, мягко говоря, некачественных конфет в ярких фантиках.   Вывод: потратил 4 часа жизни на сие «прекрасное» творение. Настолько не впечатлён, что до сих пор подташнивает. Видимо, не всё вышло, что аж накатать решил про это.  Не тратьте своё время на это, настоятельно не рекомендую."	Чёрное гуано: Возвращение Шмыги.	0
51	2019-04-01 21:38:00	Тобол	2	0	"Проклятие Стивена Кинга говорит о простой вещи: его книги не могут экранизировать. Совсем, в какую бы форму не пытались облачить рассказы, повести, романы или даже циклы. Блестяще прошедшее «Оно» не впечатлило, хотя ужаса оказалось достаточно, но, по съемочной дороге, потеряли атмосферу. Сериал «Под куполом», имеющий жуткий потенциал в этой форме, оказался дутым пузырем. А позорище «Темной башни» с ее черным Роландом, вспоминать и не хочется.   	Также, судя по всему, выходит и с замечательными романами и книгами нового русского классика современной литературы, Алексеем Ивановым. Несомненно, что согласятся с этим далеко не все, но данный блог есть не рецензия от настоящего кинокритика, а обзор на недавно случившийся очередной «шедевр» российского кинопрома.   	«Географ глобус пропил», снятый не так давно и использовавший в своей обойме Хабенского, Робака и Уколову, мог бы выправить ситуацию, став великолепным дебютом в ряде экранизаций автора «Сердце Пармы». Но перенесение действия в 2013-ый вместо 90-ых, придание Служкину дополнительных десяти лет, сыграли не на руку фильму и он потерял куда больше, чем приобрел.  	То же самое случилось с «Ненастьем», где перемешав временные ветки, проведя странный кастинг и убрав часть нужных сюжетных линий, мы получили хорошее детективное мыло с флэшбеками, но лишились главного  души этой тяжелой и прекрасной книги про Афганистан, объединивший многих в лихие девяностые и не сумевший помочь им быть людьми.   	Ну и, наконец-то, сам «Тобол».   	Роман-пеплум в двух книгах, рассказывающий о трех годах из жизни Тобольска в эпоху Петра Первого, насыщенный большим количеством персонажей, сюжетных веток, исторических событий и осмысления самой жизни Сибири, где русские еще не стали полностью своими, являясь для коренных жителей огромного куска России находниками и бедой. Яркие персонажи, интриги, никак не вертящиеся только вокруг корысти губернатора Гагарина и холерических всплесков Семена Ремезова, равно как любовной истории Вани Демарина и Маши Ремезовой. Да и сама страшная зима в крепости посреди Великой Степи и короткая ужасная война с джунгарами  не самое главное в этой книге.   	Автор, вложившись в два весьма толстых тома, писал о людях, и, в первую очередь, о людях простых, о их маленьких трагедиях, порой порождающих большие. Здесь каждый и каждая играли свою роль, от девчонки Айкони, изнасилованной после продажи ее собственным отцом казакам и до тех самых разных шведов. Петр Алексеевич, показанный в начале и конце книги, важен для сюжета, но как высшая сила, что ставит жирную точку ровно тогда, как все уже закончено.   	В книге диалоги выстраивались разноплановым языком, наделяя персонажей собственными чертами, а не прописывались схематичными и простыми мазками, включая коверканный русский от как-бы шведов, где офицер-швед почему-то не знает немецкого и общается с любовницей именно на русском. Не говоря о том, что речь простого паренька из Тобольска, наместника сибирского и светлейшего князя, джунгарского вождя и даже его переводчика  не отличаются.   	А еще в книге не было патетики и пафоса, напичканных в фильме лишь чуть лучше, чем «За Русь святую!» у Бортко в совершенно провальном «Тарасе Бульбе», где из хорошего оказалось только черно-белое вступление. Тем более обидно за фильм, вышедший на экраны спустя десять лет после клюквы, снятой странно растерявшим умение режиссером «Собачьего сердца». Здесь же здесь же вместо простой солдатской работы ратников полковника Бухгольца, звучат лишь пустые фразы о службе царю с отечеством и все. А, при этом, истинно русский воинский дух в книге отлично передан через последнюю схватку в крепости, когда в момент кажущейся гибели всего гарнизона солдаты, старые-опытные, пришедшие с полковником и вновь набранные рекруты, служащие менее года, творят настоящее чудо.  	Снятый полвека назад «Зулусы», вот что следовало брать за пример. Потому как именно в том старом английском фильме показано необходимое здесь: страшная и сложная солдатская работа, когда, несмотря на кровь и гибель товарищей, регимент выстраивается в нужную позицию и становится машиной. Машиной, сбивающей кочевников плутонгами, протыкающей багинетами и выбивающей их из крепости на силе духа и механических повторениях полученного на учениях. И патриотизм русского полковника немецкого происхождения именно в этом страшном автоматизме солдат, понимающих, что только так они спасутся и спасут выживших товарищей, отбивающихся по закоулкам.   	Еще более плохую роль для фильма сыграл его формат, куда создатели сериала, ждущего нас впереди, запихали нарезку из моментов, не дав прочувствовать самого главного в книге: Сибири и сибиряков того времени. От староверов, поистине страшных в своей упертости, то простых жителей Тобольска, привыкших к своей страшной и такой простой жизни посреди бескрайних просторов, что нам так и не показали, равно как самого Тобола и города, где кремля тогда еще не было.   	Не знаю, что нас ожидает в сериале. Не уверен, что стану его смотреть. Надеюсь, что «Сердце Пармы» исправит ситуацию и у Иванова не появится собственного проклятия Стивена Кинга с его экранизациями. Очень надеюсь.   	Смотреть ли фильм «Тобол» тем, кто уже не сходил в кинотеатр? Да, для общего развития и понимания того, как не нужно снимать исторические фильмы."	«Тобол»  книга vs фильм или Алексей Иванов против кинематографа	3
52	2019-04-01 21:20:00	Любовь, смерть и роботы	32	0	Сериал  сборник поверхностных и совсем несерьезных микро порно-мультиков на тематику фантастики и сюрреализма.  Естественно, жанр короткометражки не подразумевает полное погружение в жизненные перепетии главных героев этих произведений, поэтому обязательный твист который переворачивает весь мир с ног на голову должен быть как минимум захватывающим.   Однако та копирка которую предлагает сериал, была представлена уже много где и как, а там где сюжетных проблем нет вовсе зрителя ублажают гнилой эстетикой, смачно приправленной откровенной порнографией. (копирка с Соляриса, 12 обезьян и тд. камон, ребята, все это видели и знают миллион лет)  Непокрытый декаданс всегда будет лишь абрисом, лишенным всякого наполнения и богатства ведь цвета и краски существуют для того чтобы передать идею, то есть донести до зрителя важность того что он смотрит либо с ветерком прокатить его по американским горкам, заставив пульс участиться.  Однако ни одно произведение из данного цикла не являет собой дилемму, не нокаутирует зрителя сюжетным поворотом и не дает почву для размышлений, а некоторые оставляют после себя мысли из разряда «верните мне мои 10 минут назад».   Взять серию про Гитлера. Безумно огромное поле поле для размышлений из серии «а что если бы», а зритель вместо размышлений получает порцию бреда с юмором нет, с тухловатым юморком, и естественно с порнографией в вырвиглазной рисовке.  Или серия про Зиму Блю. Мне как конечному потребителю не может быть интересен этот безумный и бессмысленный постмодерн, место таким произведениям разве что в музее Гуггенхайма.  Каждый эпизод, на мой взгляд, лишь проба пера какого-то художника, своего рода желание попрактиковаться в красоте рисунка и безудержном полете мысли. Цель и смысл создания такого максимально поверхностного и неинтересного проекта непонятна.  Моветоном было бы закончить мыслью об ангажированности некоторых серий в угоду некоторым недобрым трендам, которые так любит поддерживать Нетфликс, но, серьезно, их идефикс режет и слух и глаз, надоело!   Баллы можно добавить за красивую графику некоторых серий и за адекватность содержания серии про СССР.	Eridanus Supervoid	14
53	2019-04-01 20:11:00	Лига справедливости	0	6	Концовка «Бэтмена против Супермена» задавала тон будущему киновселенной DC. Поклонники ожидали чего-то мрачного, интересного и действительно стоящего. Но мы не получили то, что хотели. К сожалению. Великому.   Было много разговоров после выхода командного боевика. Они продолжаются и спустя годы. Важно сказать, что фильм снимал Зак Снайдер, но после пришел Джосс Уидон и многое переделал. И такие ротации не могли не отразиться на финальной версии блокбастера. Перемены тональности, красок, музыки и диалогов чувствуются практически со сменой каждой сцены. Начало чисто Снайдерское. Титры и песня  очень достойны. Но чем дальше развиваются события, тем меньше мне, как зрителю, это нравилось. Фильм скатывался в некую попытку превращения командного супергеройского боевика в подобие «Мстителей» от Marvel. И эта попытка оказалась провальной.   Сильных сцен практически нет. Самая запоминающаяся с возвращением Супермена. И то, только потому что всегда интересно увидеть красивую постановку столкновения героев между собой.   В этой связи даже не запоминается игра актеров. Честно. Есть вялые попытки представить Флэша в исполнении Эзры Миллера в роли некоего шутника, отвечающего за юмор. Откровенно слабо. Можно пару раз посмеяться, но не более.   Аффлек и его Бэтмен какой-то пресный по сравнению с предыдущим фильмом. Его мотивация куда-то улетучилась, а вместе с ней и брутальность, что создал Снайдер.   Момоа и Аквамен предстает будто некий недалекий житель морей, чья мотивация не сильно раскрыта.   Чудо-Женщина, которую демонстрирует Галь Гадот, также слабовата. Она пытается помочь Брюсу собрать команду, выступает в роли своеобразного клея, но нет в ней силы.   Злодей Степной Волк получился пресным, эдаким ликвидатором без осмысленной мотивации, которого не понимаешь и знаешь, за что он борется.   Об остальных и говорить не хочется.   Если смотреть фильм, как отдельный блокбастер, то он вполне может понравиться, но когда ты уже видел предыдущие картины и ждешь чего-то намного более масштабного, то неминуемо получаешь разочарование.   И это объяснимо. Ведь над картиной работали несколько режиссеров, сценарий перекраивался, менялся сюжет. Все это буквально свозит от кадра к кадру.   Итогом стал провал картины и, как на тот момент, все считали, киновселенная сходит на нет. «Лига Справедливости» не раскрывает имеющийся огромный потенциал, который в нее вложен. И вряд ли найдутся почитатели этого фильма даже среди поклонников героев.   6 из 10	Лига, которую мы не заслуживали	0
54	2019-04-01 19:41:00	Годунов	2	0	"Известно высказывание Дюма-отца о том, что история  это гвоздь, на которое он вешает свои сюжеты.   Ну гвоздь и гвоздь  шутка гения.   Только вот продолжим эту мысль. Вешают, и вешают, и вешают на этот гвоздь сюжеты, а глядь  он не выдержит, да и вывалится из стены. И что останется ? Останется не история, а царапина на стене и дырка от истории. Но примерно так происходит в наших исторических блокбастерах.    Смотрим «Годунова» и обозначаем то, что вешают на тот самый гвоздь. Не все, но что явно его выдергивает из стены.   Имперская тема превалирует. Заглавный герой  мудрый правитель, которому фатально не повезло. Федор Романов  отец будущего основателя трехсотлетней династии  образец верного служения Отечеству. Соответственно, их враги (Шуйский и иже с ними)  враги Отечеству. Трагическая распря Годунова и Романова  зародыш Смуты. Но вспомним элементарное из школьного курса истории.  1.	Годунов  умнейший интриган, отодвинувший в сторону претендентов на верховную власть и великолепно срежиссировавший собственное избрание. Дружбой с Романовым и не пахло  потенциальный соперник был устранен безжалостно и эффективно. А Безруков играет пушкинского Годунова: смертельно усталого, раздавленного виной за углическое убиение, больного и жалкого.   2.	Злобный и вздорный хорёк Гришка Отрепьев весь в традициях старой исторической проромановской школы. Но год правления первого Лжедмитрия оставил впечатления о нем совсем иное. Это был человек Возрождения, как-то попавший в дремучую Московию. Ровня каким -нибудь Сфорца, Малатеста, Медичи и подобным. Эгоцентризм, беспринципность, личная отвага, презрение к каким-то там обычаям. А в фильме он истеричен, закомплексован и неубедителен до смешного. Камера все время как-то «ползает» под ним, чтобы придать величавого демонизма. Не помогает. Кстати, очевидцы утверждают, что второй Лжедмитрий был ПОХОЖ на первого. Его именно по такой причине и вытолкнули на авансцену истории (кстати, хорошо было бы сыграть обоих одному артисту с некоторым подгримированием легкой непохожести, но авторов фильма это, видимо, совсем не заинтересовало). А в фильме Лжедмитрий II вообще шут гороховый. Но ведь был у тушинского вора и двор, и жаловал он деньги и земли за службу, некоторое время как-то управлял и польскими авантюристами и казачьей вольницей, во имя чудом спасшегося царя Дмитрия Ивановича воевал Иван Болотников.  3.	Федор Романов смел, жертвенен, державен, рыцарь без страха и упрека. Ему бы царствовать, а не Бориске безродному. Зрителю все время «подсказывают», что он отец будущего основателя династии. И в силу уже упомянутой имперской идеи  без грехаА вот известный исследователь Смуты Р. Скрынников достаточно убедительно доказывает, что очень даже рвался к власти братец первой жены Ивана Грозного, что Отрепьев долго обретался при его дворе, что там и родилась самозванническая интрига. Что «переметывался» он в стан Лжедмитрия II не «казачком засланным», а сугубо в корыстных интересах сохранения имущества и влияния, что в польский плен был утащен насильно, а не в патриотических задумках повлиять на польского короля.  4.	Не держали Ксению Годунову на хлебе и воде в гнусной темнице. Да, о насилии пишут многие современники, и чуть ли не пять месяцев продолжалось принуждение («приводили ее к злодею»  как это именовалось в те времена). И все при соблюдении внешней почтительности и соображений приличий. Но пусть и так, с гнусными подробностями  допустимый авторский вымысел. А вот роль ее в истории фильмом гипертрофирована до чрезвычайности. Русская царевна, опять же в силу изначальной имперской идеи, тоже наделяется сакральным смыслом, политической активностью, которой не только не было, но и быть не могло. Совершенно не до нее было. Вихрь сдунул эту пушинку.   5.	Ни слова о Скопине-Шуйском, который принудил снять осаду Троице-Сергиевской лавры. Поляки как-то устали и ушли сами.   Ну и так далее. Актерские удачи есть, но малочисленны. Иван Грозный убедительно и несуетно страшен. Такой мог делать все. Хороша Мария-дочь Малюты на фоне рыхлого Годунова. Последовательна, злобна, решительна. Волчица. Вполне достоверна ее роль в угличском деле. Ей бы мощную опору  познала бы Русь железную руку. Хорош Шуйский. Он все время как-то настороженно в профиль, и как-то весь из-за угла, даже если анфас. Интриган от природы. Хороши Нагие, неистово рвущиеся к кормушке. Пронзительна бедная мама Юшеньки Отрепьева. Прекрасны византийские глаза Софьи. Ну что-то еще, по мелочам. Все плюсы, тем не менее, фильм на достойное культурное явление не вытягивают.   Резюме. Гвоздь вывалился. Оно бы не беда, если бы речь шла о Крестовых походах или войны Роз. Номолодежь именно так станет воспринимать НАШУ историю Смутного времени. Что так оно и было. А это печально. История наша  тема деликатная и ответственная. Надо бы тщательнЕе"	Гвозди истории	4
55	2019-04-01 19:15:00	Трезвый водитель	3	0	Удивляться не стоит, но я продолжаю это делать  я ведь понимал, что ничего хорошего не увижу, но поверил в лучшее. Ошибся. И претензии все к себе.  Комедия «Трезвый водитель» не смешная, от слова совсем. Доброты в ней ни на йоту, смысла ни на микрон. Она откровенно глупая. В ней герои либо олигархоожидалки, причем тупые, либо не менее тупые «замкадыши». Видимо в представлении господина Резо Гигинеишвили так выглядит среднестатистические россияне обоих полов. Сам то он конечно в категории от «восемьсот», по градации из его фильма, остальные «за еду» или «ни о чем». Вот два главных героя в фильме больше полутора часов своими нелогичными поступками и кривлянием показывают свою никчемность и глупость. И если герой Бурковского хоть иногда произносит что  то резонное, то реализовать у него это не получается. Про героя Хориняка даже говорить не хочется, т. к. все его действия не только не логичны, но и лишены здравого смысла. Он является квинтэссенцией, того что не нужно делать мыслящему человеку, а по задумке режиссера его «колхозность» и тупизна должны смешить людей. Если это так, то смешно наверное только ему и съемочной группе. Про девушек говорить горько, необразованные, глупые, вульгарные, все помыслы  как отдаться богатому мужику и получать содержание. Такой вот взгляд создателей на девушек. Жаль, что Ирина Мартыненко и Янина Студилина сыграли в таком кино, их героини просто отталкивали.  А где же юмор? А нет его, никакого причем, ни похабного ни туалетного, я не увидел ничего, что заставило бы смеяться, все задумки не «сыграли».  Жаль потраченного времени и денег, стал жертвой рекламы и трейлера.	Претензии к себе	8
56	2019-04-01 18:18:00	Деньги	0	0	У кого-нибудь бывали откровенно неудачные субботы в плане просмотра фильмов? У нас вот случилась одна такая позавчера. Проснулись пораньше, делать было нечего, включили «Деньги» великого Робера Брессона, которого самый Андрей Тарковский почитал. Позже днём состоялся сеанс «Мы» Джордана Пила, а вечером  «Река» Эмира Байгазина. Все три фильма подряд не понравились до жути пирога с почками, который искусно готовил Пирожок в своем трактире. Нет, ребята, мы всё понимаем: легендарный режиссёр с великим фильмом  «Дневник сельского священника»  в обойме; кино, снятое по собственным лекалам; непрофессиональные актёры и вольная экранизация рассказа Толстого.  После просмотра исключительно стойкое ощущение: без остатка сухое кино, лишённое вкуса помидоров и прикосновения дождя после запойной недели. Здесь не просто экранизация жизни, а экранизация ни много ни мало жизни в жизни или жизни дальше жизни. Идеальный пример буквальной адаптации самого типичного сценария на бумаге. Ну, вы знаете же, как там виртуозно представлено всё: «герой вошёл, сел на корточки, посмотрел наискось  реплика  сделал сальто, принял уксус, увидел дырочку  реплика, дальше  локация». Вот и «Деньги» даёт уникальную возможность лицезреть понятный фильм с чётким авторским взглядом, который, дратути, большинству привидится уж непонятным.  Сначала кажется, люди в кадре ведут себя так, как обычные люди вели бы себя вне кадра. Но чем больше углубляешься в горизонт событий, тем сильнее возникает отторжение, поскольку хочется обнаружить хоть какие-то эмоции. Весь фильм характерен тем, что эмоции засосаны пылесосом куда-то в дальний гардероб. Главный герой смиренно принимает все удары брессоновской судьбы, просто отдавая себя губительному течению. Да и главный герой тут даже не человек, а само окружение, естественная среда вокруг честных и бесчестных человечков. Признаться, зреть в корень нет желания. «Деньги» попросту не вызывает упомянутых эмоций, что уж говорить о желании обсуждать его почем зря.  А что тут обсуждать? Честного работящего человека редиски надули с фальшивыми купюрами. Его задержали фараоны. А, ок. Человека осуждают и требуют выплатить судебные издержки. Ну, ок. Его поймали на месте преступления. Опять выплата издержек и 3 года лишения свободы. А, ок. Посидит в тюрьме. Да, без проблем. Ещё чего желаете? Жена бросит и заберёт ребёнка. Хорошо, смиримся. Выпустили на свободу. Что делать? А давай покажем, что с нами сделала жизнь. Рынка нет, давай. В конце такой «саспенс», что бойся своего шкафа. Возможно, в этом и суть: бесстрастная простота экзистенциализма, которая не обязана быть красоткой. Да ладно, мы же не интеллектуалы, чтобы о чём-то тут думать.   Где там «Шазам!» и «Хеллбой».	Бабки	2
57	2019-04-01 12:14:00	Контакт	0	0	Режиссерский дебют Пола Саламоффа в виде фантастического фильма «Контакт»  это пример сокрушительного фиаско, которое может похоронить все режиссерские перспективы и амбиции Саламоффа. Впрочем, не только как режиссера, но и как сценариста, потому что сценарий к этому фильму написал тоже он. Проблема «Контакта» не в том, что он снят за копейки. И даже не в том, что он глуповат. Проблема в том, что это фильм ни о чем.  После просмотра возникает лишь два вопроса: «Что я только что посмотрел?» и «Что собственно автор хотел сказать этим фильмом?» Откровенно говоря, любой фильм сериала «Х-files», касающийся инопланетной тематики, легко переплюнет этот полнометражный фильм. Фильм в котором ничего не происходит. А, если что-то и происходит, то совершенно непонятно что. И один из главных героев, который мог бы прояснить ситуацию и объяснить что к чему, весь фильм уныло бормочет: «Это трудно объяснить». Вероятно трудно было не только ему, но и автору фильма.  Сюжет довольно прост. Три бездельника становятся свидетелями падения какой-то штуковины с неба, похожей на яйцо дракона. Они притаскивают её домой и пытаются выяснить что это. То, что штуковина инопланетная и живая, становится понятно довольно быстро. А потом они пляшут вокруг нее, спорят и ссорятся, но в итоге всё-равно ничего не понятно. Финал фильма абсурден и нелеп, как, впрочем, и сам фильм. Я посмотрел эту ересь и сэкономил вам 89 минут жизни. Не благодарите.	Непонятное где-то рядом	1
58	2019-04-01 00:54:00	Сердце Ангела	2	0	Актеры которых раньше уважал, упали ниже плинтуса в моих глазах за участие в съемках этого фильма.  Кто-то из комментаторов пишет  это шедевр, еще и потому что его сняли всего за 39 дней.   Почитайте Одноэтажную Америку Ильфа и Петрова  киноиндустрия  это конвейер, который Обязан выпускать фильмы каждые 40 дней! Иначе режиссера ждут неприятности от спонсоров. Это конвейер, призванный зарабатывать деньги. Ничего общего с искусством он не имеет.  Вдвойне обидно за актера, ставшего одним из любимых после Крестного отца. Так сильно нужны были деньги, что пришлось опуститься до такой роли?  Желание что-то объяснить и состыковать после просмотра  можно выкинуть. Фильм нужен не для развития логики, а для того, чтобы «хороший парень, закончивший вуз, после года проведенного в кинозале, стал полным идиотом».  Чтобы порекламировать сигареты Кэмл. Смешать в кучу атмосферу 50-х годов Америки, мистику и кровище уровня худших топорных триллеров.  Тысячи вещей из атмосферы 50-х нашему зрителю и не понять, они проходят мимо осознания. Вырезанное сердце и обваренная физиономия, вперемежку с куриными лапками и убогим по убранству и колориту алтарем сатанистов, дурацкими несуществующими обрядами, парой милых улыбок и намек на сексуальные сцены  следствие этих 39 дней, когда надо напихать в фильм всего до чего охочи тупые пивные идиоты.  Тут нечего анализировать, не на что писать рецензию. Нечего вытянуть даже из пальца. Вся похожесть на какие-то шедевры обусловлена тем же фактором, каким обусловлена похожесть одного человека на другого  4 конечности и 2 глаза. Просто его тоже снимали люди. На этот раз бездарные.	Разочарован всем.	1
59	2019-04-01 00:20:00	Путь домой	17	0	Фильм просто мерзкий. Мерзкий потому, что он не про животных, животные  это прикрытие, причём очень грамотное и продуманное, а на самом деле, навязывание гомосексуальных отношений. Мало того, что фильм позиционируется как реальная история, реального там по сути только человеческие судьбы, а всё остальное, то что связано с животным миром, бредятина чистейшей воды. не собака главный герой, а социум, в котором ей приходится вращаться. В любом месте, куда бы не попадала многострадальная Белла, было, скажем по-русски, хреново. Ни где Белла не задерживалась по долгу, постоянно находилась какая-то причина, отрицательная причина, которая мешала Белле воссоединиться с Лукасом и соответственно «выдавливала» очередную порцию жалости из зрителя. В конце концов этот приём «выдавливания» жалости у меня «набил оскомину».   Фильм позиционируется как семейный, но для каких семей? Если только для семей с нетрадиционной ориентацией, так как единственная счастливая и беззаботная семья в фильме  это семья гомосексуалистов, одни они счастливы вместе и им больше ни чего не надо лишь бы милый был рядом и ни куда не уезжал на долго. Блин я в шоке И это семейный фильм. Семейные фильмы в моём понимании выглядят немного по другому Почему нарушил молчание и решил немного подискутировать? Потому что при просмотре ребёнок спросил: «А почему дядя говорит про дядю, что он мой муж» Ответил, что это, скорее всего, неправильный перевод. А так хотелось выключить эту белибердень. Сто раз вспомнил «Хатико», вот этот фильм про собаку. Вот это реальная история. Есть и другие достойные фильмы, а эту мерзость удалил сразу же.	скрытая пропаганда гомосексуализма	12
60	2019-03-31 23:52:00	Мы	0	4	Эхх я верил в этот фильм. Верил в Пила! После просмотра фильма «Прочь», я решил что вот он, человек, который словно МайкВазовски из «Университета Монстров» знает теорию на 5+, знает отличный рецепт страха (где нужно поскрести», где скрипочку добавить, а где просто создать пугающую тишину). Такого, знаете ли Нагнетающего страха! Той атмосферы в фильме, которая заставит тебя вжаться в кресло, и ощущать, чувствовать всё действо фильма на себе.  Посмотрев трейлер «Мы», я уверовал, что это будет «Мощно» (с большой такой буквы М). Трейлер был Так хорош на мой взгляд, что даже появлялись мурашки. Я начал тыкать его всем и агитировал всех на этот фильм. Но сам фильм к сожалению оказался иным. Лажа! Просто Лажа! И это не следствие психологического приёма, когда «Чем больше ожидание, тем больше разочарование», нет! Это Лажа! Это не хоррор. Это даже не психологический триллер, коим был фильм «Прочь». Это это сорян, но это  не пойми что! Как я выразился уже  Лажа!  Актёрская игра СеньоритыЛупиты  вот то единственное, что вытягивает этот фильм. Мать, которая напугана, в ужасе, на панике неплохо, очень неплохо, я ей поверил. Почти догоняет её  Шахади Р. Д. (дочь главной героини), довольно убедительно показывая свой спектр эмоций, типа ужаса на лице и испуга в заплаканных глазах. Ещё бы, ведь у вас тут ДВОЙНИКИ объявились. Посреди ночи, вломившиеся в дом, странно одетые и держащие в руках ножницы! А остальные то что?! Младший из Уилсонов, он же Ивэн Алекс (коей согласно сайту КиноПоиск в кинобизнесе вот уже 50 лет) видимо просто «чей-то родственник» на площадке. Как он попал в этот фильм? Какие там эмоции одна мимика  уже заставляет тебя закатывать глаза, ибо так играть, в якобы ХоррорФильме  не уважение к зрителю, я считаю. Ну а сам сценарий (он кстати Оригинальный!) больше вопросов оставляет, чем ответов. Что? Зачем и Кем в итоге-то? Откуда? и пр. В конце возникает ощущение, будто б только что услышал недосказанную историю. А вот саундтрек вполне годный конечно же Luniz  Возможно Пил и пытался показать что-то важное в этом фильме, но лично я, как и люди на переднем ряду, а также люди по левую руку, воскликнувшие после фильм «Что я посмотрела?!», важное не увидел. Я  рядовой зритель, как и 88%+ всего зала, которые явно ожидали другого от этого фильма, а в итоге получили диарейные позывы. И какого-то некого «шедеврализма», благодаря которому в рунете можно наблюдать кучу положительных отзывов на этот фильм найти оочень трудно, если вообще возможно.  Может режиссёр и получил оскар за качественный фильм До, но это, по моему теперь уже мнению, оказалось лишь везением, сродни попаданию в яблочко с 500 метров. И ожидать, что «Мы» будет ни чуть не хуже, или заставит вас испугаться и раздумывать о чём-то глубоком  не стоит. Здесь вы точно Не получите качественной порции страха и Не ощутите атмосферу ужаса (НЕ скримерного, а именно давящего на вас), который до конца дня заставит вас не смотреть в зеркало. Так что  Нечего тут хвалить, расходимся!   4 из 10	Джордан Пил оох, Джордан Пил	0
61	2019-03-31 23:07:00	Годунов. Продолжение	9	0	XVII век в истории России называют «бунташным», чего только не было и Соляной, и Медный бунт, и восстание Стеньки Разина, и стрелецкие бунты, и раскол в православии, а начало положила Великая Смута, когда не подрывая основной идеи монархии народ с выступал за «добрых царей»- самозванцев и с упоением грабил, насиловал и убивал таких же русских людей. Вот про эти  то события и снят сериал «Годунов. Продолжение». И снят похабно.  Я не буду вдаваться в прорву исторических неточностей, но нельзя же так беззастенчиво перевирать установленные факты и события. Не был Первый самозванец таким дурачком, как его изобразили, иначе как бы он смог сплотить вокруг себя людей и установлено, что его указы были не глупые, а наоборот выводили страну из патриархальной спячки. Если Второй самозванец и был пьющим, то уж в твердости руки ему не откажешь, вешал конкурентов -царевичей и бунтовщиков без сожаления, а в фильме изображен какой  то тряпкой. И уважаемые сценаристы, не ленитесь читать историческую литературу, даже псевдо, там прямо указан убийца первого Лжедмитрия  его имя Григорий Валуев. Кстати чудным образом пропал из сериала ближайший русский боярин отдавший жизнь за Лжедмитрия  Петр Басманов, а Мосальский  Рубец низведен до примитивного убийцы, хотя эти двое направляли политику самозванца. Печально было смотреть на Мстиславского и Шуйского, это вельможи, родовитые бояре, а не криминальные авторитеты из сериалов, а общаются между собой и с другими как будто на толковище воровском. И уж совсем противно стало смотреть, когда Федора Романова стали выпячивать, как главного борца со Смутой, хоть бы биографию его немного изучили, а реального духовного вождя патриарха Гермогена отодвинули на второй план. Вообще тема с героизацией Романова меня просто раздражала весь просмотр, если уж такие принципиалы, показали бы как ребенка повесили при его сынке, а Марину Мнишек уморили в темнице, но видимо это не вписывалось в красивую историю о Романовых.  И еще один момент  авторы как то странно толкуют физические и душевные травмы людей от насилия.   Из актеров вновь порадовала Ходченкова, стервозность в старости удалась ей, а Безруков разочаровал зело, он и в первой части не Годунов, а во второй и близко не стоял. Остальных актеров критиковать не буду, по такому сценарию лучше не сыграть.  На мой взгляд истоки Смуты 9в восприятии народа) были в том, что Годунов был избранным царем, а не природным, а голод начала века только ускорил веру в то, что все это из-за «худого» царя, оттого и поверил народ в «доброго» царя Дмитрия, а вера во второго Самозванца это протестное настроение против царя Василия Шуйского. А почему был протест, становится понятно из-за процедуры избрания его на трон, и похода Болотникова к Москве. Вот этих моментов, которые должны были раскрыть отчего такое произошло в Московии, я не увидел в сериале даже близко.	Смутный взгляд режиссера	2
62	2019-03-31 22:35:00	Хищник	0	4	"Сразу скажу  самая большая ценность этого фильма находится за его пределами, но прежде чем я до этого дойду, давайте всё же почтим память ленты упоминанием.  Итак, у нас фильм о том, как (в нарушение своей традиции сейчас между линиями будут СПОЙЛЕРЫ!)  ___  Маленький мальчик шлем хищника взял, для многих в кино это в ад был портал. Или нет. Автобус в ночи сумасшедших возил, по рапорту вышло пять ног с маркой «Билл». Женщина ставила эксперимент, целы и конь и изба, хищник  нет.  ___  режиссёры не смогли договориться, какая же сюжетная линия в фильме главная, и в каком жанре они хотят творить. В результате имеем три разных сюжета, три разных жанра, и ничто из этого не сделано качественно. Из такой завязки как «есть разные сорта хищников, и так получилось, что на страже безопасности земли в этот раз автобус с людьми с альтернативным восприятием мира» можно было выжать шикарнейшее развлекательное кино с тонной юмора, зрелищностью, отсылками к другим частям Как минимум был потенциал сделать нормальный аналог «Отряда Самоубийц» или даже «Базу Клейтон», или ну на худой-то конец повторить первого и второго «Хищников». Но нет, тупо всё слили. Точнее залили, кровью. Да, крови огромное количество, но как-то не по Станиславскому, без искренности.   Работы оператора  ноль. Музыка, кажется какая-то была, про сюжет уже сказал, из актёров выделяется только женская роль первого плана  остальные как в тумане.  Так в чём же ценность этого фильма? Исключительно в миллиметровом шажке вперёд к дальнейшему пониманию конфликта между Инженерами и Яуча (""Хищниками»). Кто такие Инженеры? Это те, кто создал и Хищников, и Людей, и некоторые другие формы жизни, согласно общей мифологии циклов «Чужой», «Хищник» и «Бегущий по Лезвию»  вы могли видеть Инженеров в виде белокожих гигантов в фильме «Прометей». Если от только что прочитанного ваши мозги немного стекли в сапоги  это нормально. Просто знайте, что всё перчисленное  это одна вселенная, и в ней множество конфликтов, которые раскрываются не только в фильмах, но и в книгах с комиксами. И, да  это официально, это не фанфики или фанатские теории. Я недавно уже об этом писал, буквально за пару дней до этого.  А, да, фильм.  4 из 10  Огромный нереализованный потенциал. Обидно до слёз. Кровавых как реки в фильме. Хуже всех предыдущих частей, включая «Чужих против Хищников».  kinobalashow"	Левой задней пяткой с автоприцеливанием	3
63	2019-03-31 21:54:00	Мы	0	4	"После простенького, но очень благосклонно принятого «Прочь» Джордан Пил решил в своем втором фильме объять необъятное  режиссеру очевидно хотелось высказаться на все излюбленные левой американской интеллигенцией темы: Трампа, феминизм, неравенство, black pride, несовершенство капитализма и далее по списку. Получилось крайне слабо и безыдейно: «Мы», обладая простейшим линейным сюжетом, который может пересказать в паре предложений (""Под США в какой-то момент поселились двойники всех людей, живущих в них, и принялись повторять за ними все их действия. В какой-то момент им это надоело, и они решили выйти на поверхность и перерезать своих прототипов»), ухитряется рассказывать его настолько сбивчиво и при этом нудно, что уже на втором часу ловишь себя на мысли, что сделать этот фильм полнометражным было большой ошибкой.   В сценарии полно дыр и несостыковок, которые не дают воспринимать кино как линейно структурированную историю, а углядеть во всем происходящем какие-либо отсылки и метафоры, не обладая живейшим воображением и инфантильной восторженностью, обычно свойственными кинокритикам, решительно невозможно (в отличие от, скажем, недавнего «Пылающего», где подтексты, скрытые за первым планом повествования, считываются без труда). Да, подземные люди смогли объединиться, а наземные не смогли и все передохли; да, Америка разобщена и погрязла в неравенстве, но за всем этим можно углядеть лишь банальнейший выпад в сторону нынешних обитателей Белого дома, которых в последнее время не счесть и которые абсолютно не выходят по глубине погружения в дискурс даже за рамки прозвучавшей в фильме песни «F*ck tha Police». Самая интересная идея фильма о пагубном влиянии привычек (почему-то не вредных, а вполне обычных, вроде гимнастики или любви к фокусам) наземных людей на жизнь подземных была преступно недокручена, хотя в перспективе могла стать сильным высказыванием о вреде проецирования американского образа жизни на население стран третьего мира (предпосылки чего видятся в сцене проведения пластической хирургии при помощи ножниц).   Фильм был заявлен как хоррор, но на деле является триллером / драмой / комедией в пропорциях 50% / 30% / 20%, причем комедийная часть выглядит на две головы выше двух остальных, а в оригинале, наверное, и вовсе смешна до колик. Другое дело, что подобный микс уже использовался Пилом в дебютной работе, а потому не сбивает с ног новизной. Единственные интересные режиссерские находки в этом фильме во многом случайны: так, вплетение в детский кошмар главной героини символики Майкла Джексона в свете последних событий выглядит довольно любопытно, так же как и неловкая попытка дихотомии Beach Boys  N.W.A, которая по замыслу Пила видимо должна было подчеркнуть принципиальное различие черной (естественной) и белой (наносной) культур. Лейтмотивом эта тема проходит через множество сцен фильма, связанных с богемными белыми соседями семьи Уилсонов, а в моменте с музыкой доходит совсем уж до абсурда, демонстрируя на удивление однобокий взгляд режиссера на эту многогранную и многолетнюю проблему его родной страны.  Даже финальный твист фильма уже использовался во многих других кинолентах смежной тематики, а потому не изумляет, а лишь вызывает недоумение, как и саундтрек, который в лучшие его моменты можно назвать максимум «нестыдным». К актерской игре, впрочем, подкопаться сложно  всем центральным персонажам, которых потрудились раскрыть (а именно супружеской паре в исполнении Лупиты Нионго и Уинстона Дьюка), веришь, однако до определенного момента, пока усилиями сценаристов отец семейства опять не превращается в comic relief бездаря, а его жена в эталонно сильную и независимую женщину.  Подводя итог, хочу выразить сильную разочарованность, ведь, судя по прочитанным до просмотра отзывам и рецензиям, «Мы» должен был оказаться чуть ли не «Бойцовским клубом» (учитывая тему двойников и социальный посыл) своего поколения. На деле же  пшик и роспись режиссера в собственном неумении высказываться на темы, чуть более сложные, чем бытовой расизм. В отрыве от окружающего фильм антуража  это возможно и где-то 5,5 баллов, но, пытаясь быть объективным, поставлю:  4 из 10"	Переоцененная халтура	0
64	2019-03-31 21:49:00	Мы	23	2	Это второй хоррор, просмотренный мною на большом экране(первый Оно), после восторженных рецензий (93% положительных), я смело двинулся в ближайший кинотеатр!  И увы я не смог отказаться от написания рецензии, поскольку невозможно отставить фильм без единой негативной рецензии, которую он заслужил на все 100%!  Сюжетная линия фильма выстроена на твердую четверку, легкое введение достаточно плавно набирает напряжение, которое не сходит до самого конца фильма, лишь немного увеличиваясь или снижаясь в отдельных сценах, уровень хоррора в фильме достаточно невысок и испытать какой-то особый саспенс, почти невозможно, однако фильм не смотря на это очень атмосферный и поглощающий, монтаж и операторская работа, сплетаются воедино с профессиональной музыкой, идеально попадающей в настроение каждого эпизода!  Однако, краеугольным камнем любого фильма является сценарий и построенный на его основе сюжет, если его нет или он похож на сито, всё остальное не имеет никакого смысла! Как бы замечательно не орудовал скальпелем хирург, если пациенты умирают, то хирург не заслуживает своего звания. Аналогично с фильмами, если в сценарии просто отсутствуют какие-либо объяснения это недопустимо! Нельзя просто взять и не ответить на добрую сотню вопросов почти к каждому моменту фильма! Если утрамбовать его доброй сотней отсылок, мелких намёков и пасхалок, то это не залатает дыру под названием сюжет! Грамотно показать всю глупость сценария очень сложно без спойлеров, но скажу лишь, что у меня к сценарию вопросов как минимум пару десятков и придумать на них ответы, чтобы они не выглядели полным бредом, просто невозможно, поэтому сценарист и режиссер решили на эти вопросы не отвечать вовсе!  Можно легко понять и оправдать сценарии фильмов о призраках, зомби, полтергейстах, инопланетянах и сумасшедших людях, любые подобные фильмы имеют свою может быть сверхъестественную или фантастическую, но все же логику, сюжет «Мы» не имеет её вовсе! Всем известно что зомби не существует, но в «Обители зла» этому дается причина  компания «Амбрелла»; людям неизвестно о существовании пришельцев, но мы можем предположить, что они существуют и делаем это через «День независимости», выстраивая внутреннюю логику их существования.   Фильм «Мы» это тот случай, когда весь фильм тебе интересно, что же происходит и ты с огромным любопытством наблюдаешь за происходящим, за очень приятно снятой картинкой и отлично отыгранными персонажами, но в итоге «пшик» и фильм рассыпается, а всё то, что держало тебя в напряжении оказывается пустотой, бредом сценариста или режиссера! Я предпочитаю обратную ситуацию, когда совершенно невыносимый, бредовый и нелогичный фильм, полностью собирается одной небольшой деталью в концовке и ты в итоге аплодируешь стоя!  Всесторонний позитив вызван тем, что кризис жанра хоррор, так иссушил души фанатов, что они в упор не видят дыру галактических масштабов в сюжете фильма и это крайне печально, вспоминается шутка: «Как сделать человеку хорошо? Плохо, а потом как было!» Как порадовать киномана фильмом? Годы доводить его жаждой прекрасного до творческой смерти, чтобы потом глоток слегка свежей идеи уже привел его в восторг!  К сожалению такой сценарий обесценивает прекрасных, актеров, операторов и музыкантов, которые постарались на славу!!!  2 из 10		26
65	2019-03-31 21:44:00	Звёздные войны: Последние джедаи	0	0	Готовился к худшему, но оказалось ещё хуже.  Главный вывод из увиденного: практически все происходящие на экране события преследуют единственную цель  отработать хронометраж. Здесь нет истории. Если в «Пробуждении Силы» ещё было, что-то вызывающее интерес, помимо экшен-сцен, то здесь  нет. Да по большому счёту, здесь и экшена особого нет  по крайней мере, его слишком мало по сравнению с тем, сколько здесь болтологии и «проходов по коридорам».  Я не сказать, чтобы фанат классических «Звёздных войн», но большой поклонник приквел-трилогии, ведь именно там Джордж Лукас развернулся во всей красе. Именно там он выдал грандиозную зрелищность и эпичность, а также придал истории потрясающую глубину и психологизм. Предыдущие фильмы являли собой, по сути, «космический вестерн». Вторая трилогия стала «космическим фэнтези», и это здорово пошло ей на пользу. В новых сериях попытались сделать «космическую драму», но очень, очень сильно облажались.  Задел Джей-Джея Абрамса был, хоть и не очень впечатляющим, но по крайней мере, не имел знака минус. У продолжения этот минус длиннее, чем его финальные титры. «Последние джедаи» выглядят не как очередной фильм легендарной саги, а скорее как пятый по счету бездарный сиквел какого-нибудь ужастика. В самом начале нам показывают пафосную гибель каких-то абсолютно левых людей, которая, по задумке авторов фильма, должна, вероятно, вызывать зрительское сочувствие  но она его не вызывает. Декорации слишком камерные, в них душно и тесно. Персонажи время от времени произносят пафосные фразы, отсылающие к истории франшизы, но за этими фразами не чувствуется ни толики подлинного смысла. В поступках героев очень мало логики и мотивации, многое кажется притянутым за уши и крайне неубедительным. Масса дословных повторов сцен из старых фильмов и даже один повтор одной и той же, по сути, сцены в самом этом фильме (сравните пробег табуна кошкобыков и стаи ледяных лис). Самым харизматичным из представленных в «ПД» персонажей получился кошкобык, на котором сопротивленцы удрали из казино. На втором месте  ворюга в исполнении Бенисио Дель Торо. Лучше всего сняты сцены с Люком Скайуокером на далёкой планете, но когда там появился, для исполнения бредовейшего диалога с Люком, магистр Йода, у меня возник фейспалм.  Вердикт: никакого удовольствия от знакомства с этим фильмом, смотришь будто через силу. Ничто не трогает, ничто не цепляет, ни один из предложенных создателями ходов не заставляет воскликнуть: «Вау! Это было круто!». Фильм начинает обретать хоть какой-то смысл и представлять минимальный интерес лишь в течение последних минут 20  но этого слишком мало для проекта, претендующего на звание блокбастера, да ещё и в рамках такого гиганта как «Звёздные войны».  Оценка: минус один балл.		2
66	2019-03-31 21:38:00	Аквамен	6	3	Да уже отберите у них камеру кто-нибудь. Когда они уже обанкротятся-то снимать всё это?  А вы, Лундгрен, Кидман и Дефо, куда смотрели, когда в это вписывались? В пустеющий банковский баланс?   Рост героя за фильм  нулевой, но теперь у него золотая вилка для гигантского канапе (и сам Момоа не то чтобы блещет артистизмом). Побочный злодей вроде как даже замотивирован как надо (с большим натягом  ай ай, я творил злодейства, и мне сделали за это бобо), но воспринимать его серьёзно с космическим блюдцем из фантастики пятидесятых на голове нереально. Главный злодей настолько картонный и сахарный одновременно, что непонятно как он выжил под водой.   Самая сильная сторона фильма  визуальная. Графика сделана отлично, даже пахнет подводным киберпанком местами. Но вот всё остальное  там, где должен быть фильм   3 из 10  Понравится, если вы фанат конкретно Момоа и графония  их здесь много.  kinobalashow	Доколе?	4
67	2019-03-31 21:27:00	Контакт	0	0	Режиссерский дебют Пола Саламоффа в виде фантастического фильма «Контакт»  это пример сокрушительного фиаско, которое может похоронить все режиссерские перспективы и амбиции Саламоффа. Впрочем, не только как режиссера, но и как сценариста, потмоу что сценарий к этому фильму написал тоже он. Проблема «Контакта» не в том, что он снят за копейки. И даже не в том, что он глуповат. Проблема в том, что это фильм ни о чем.  После просмотра возникает лишь два вопроса: «Что я только что посмотрел?» и «Что собственно автор хотел сказать этим фильмом?» Откровенно говоря, любой фильм сериала «Х-files», касающийся инопланетной тематики, легко переплюнет этот полнометражный фильм. Фильм в котором ничего не происходит. А, если что-то и происходит, то совершенно непонятно что. И один из главных героев, который мог бы прояснить ситуацию и объяснить что к чему, весь фильм уныло бормочет: «Это трудно объяснить». Вероятно трудно было не только ему, но и автору фильма.  Сюжет довольно прост. Три бездельника становятся свидетелями падения какой-то штуковины с неба, похожей на яйцо дракона. Они притаскивают её домой и пытаются выяснить что это. То, что штуковина инопланетная и живая, становится понятно довольно быстро. А потом они пляшут вокруг нее, спорят и ссорятся, но в итоге всё-равно ничего не понятно. Финал фильма абсурден и нелеп, как, впрочем, и сам фильм. Я посмотрел эту ересь и сэкономил вам 89 минут жизни. Не благодарите.	Непонятное где-то рядом	0
68	2019-03-31 21:11:00	Тор 2: Царство тьмы	1	3	Практически точная копия первой части. Скучно!  Быстро пробегу по плюсам:  Локи  главный плюс картины. Интересный персонаж, здорово отыгран. Цепляет своим поведением и поступками. Одна из жемчужин КВМ.  Визуал улучшился, в сравнение с первым фильмом. Видны явные заимствования из других картин (в отличие, например, от Стражей галактики, в которых это если и есть, то не бросается в глаза), но это, в принципе, ничего не меняет. Картинка хороша, спору нет.  Неплохи земные персонажи (Не считая Джейн). Все живые, все неплохо смотрятся, шутят и разговаривают. Жаль, что фильм не про них.  А теперь парочка моих «Почему?»   Пойдем от большего к меньшему.  Почему Тор не изменился за три фильма (два сольника и Мстители) практически совсем. Он такой же туповатый, самовлюбленный и безрассудный воин, готовый предать даже отца, ради того, что ЕМУ кажется правильным (и после этого кто-то называет Старка главным нарциссом?). Развития персонажа нет, поступки глупые. За таким героем неинтересно наблюдать.  Почему главная героиня на столько деревянная? Сопереживать ей вообще не хочется. Такой же мертвый и неинтересный персонаж, как и Тор (их отношения на столько же интересны, если что). Просто красивая мордашка, без которой Сэлвик справился бы не хуже в финальной сцене, а Тор поцеловал бы его и свозил отдохнуть в Асгард. Думаю, даже разрешил бы не надевать штаны.  Почему нельзя сделать нормального злодея? Антагонист опять ПРОСТО ЗЛОЙ! (Опять из-за Кэпа, который был один фильм назад)  Почему на смерть царицы Асгарда плевать всем, кроме Одина? И следовательно, почему я должен о ней переживать?   Ну и главный вопрос. Зачем я пересматривал это..?  Не повторяйте моих ошибок и забудьте фильмы о Торе, как страшный сон.  И это я еще не дошел до третьей части В её честь и оценка! AVE!  3 из 10	Тор 2: Царство сна и батхёрта	1
69	2019-03-31 21:02:00	Как приручить дракона 3	4	0	Не понимаю, почему зрители и кинокритики так высоко оценили третью часть. Неужели никто не видит, что сюжет практически полностью копирует сюжет второй части (и снова показан тайный затерянный мир драконов), а злодей абсолютно никакой  без каких-либо особенностей и индивидуальности (и опять же, как и во второй части, антагонист  драконоборец, умеющий подчинять себе драконов)? Неужели кому-то правда смешон юмор про подкаты к маме Иккинга и однотипные, откровенно глупые подколы близнецов? А вы вообще запомнили каких-нибудь персонажей? Можете сходу что-то интересное сказать хоть про одного? И вы правда ни разу не заскучали во время просмотра и не посмотрели на часы?  Первая часть меня по-настоящему тронула (сколько же эмоций смогли передать создатели в безмолвной сцене знакомства Иккинга и Беззубика), и я помню её свежий сюжет с забавным юмором и прекрасной идеей. А по прошествии нескольких недель после просмотра третьей части единственное, что вспоминается, это неплохой конец, завершающий всю трилогию, и красивые полеты драконов. В остальном же фильм рассчитан только на детей, и я не понимаю, почему он так понравился взрослым?	Откуда такие высокие оценки?	9
70	2019-03-31 20:32:00	Щорс	0	0	Этот фильм, как и многие фильмы и до него и после, особенно подчёркивал, что главным героем нового времени стал борец с богатыми людьми, преисполненный классовой ненависти (причём вполне обоснованной). Но вот если посмотреть на этот фильм глазами современного человека, то можно увидеть не классику кинематографа, а тупую агитку. Мне было бы очень неприятно оказаться в театре, когда на тебя смотрит пулемёт, а я (в смокинге) и моя дама (в вечернем платье), закутавшись в соболиные шубы, трясёмся от страха от одного только взгляда психопата наделённого властью. Для Щорса, а особенно Боженко, всякий кто элегантно одет и ухожен,  ВРАГ. Только нищета и разруха радует их глаз. Если бы в СССР такие люди победили полностью, то мы все бы жили как в каменном веке. Борьба за народное счастье в фильме показана как борьба с образованными и хорошо одетыми людьми. Боженко и вовсе предлагает расстрелять всех, кого они собрали в театре: мужчин, женщин и стариков. Ведь это всё буржуи! И это после того, как их заставили выполнить все требования большевиков. Для бедняков главное не самим нормально жить, а чтобы никто не жил хорошо. Вот и вся философия. Вот только это в фильме показано так красиво, а в жизни было далеко не так интеллигентно. Жадность и недалёкость одних, не даёт другим право убивать людей направо и налево. К сожалению, в СССР считали по другому. Но зато и сейчас тоже так считают. Только если тогда романтизировали «красных», то сейчас «белых».	Средний класс против!	0
71	2019-03-31 20:11:00	Простите за беспокойство	0	3	Фильм преподносился «ценителям» как глубокая комедия только «для своих», а кто недопонял  тот сноб, не кинокритик, и вообще фу таким быть. В принципе, завязка звучит неплохо  темнокожий парень пытается освоить карьерную лестницу колл-центра, и ничего не выходит, пока старый опытный дед не советует ему применить магию «белого голоса», заговорив которым можно многого добиться.   Увы, выжать из этой завязки не только ничего почти не получилось, так и под конец всё вылилось в какой-то треш. Не поймите меня неправильно, уж я-то треш люблю, но только если он действительно треш, а не подмигивание «эй, ну ты понял, понял, мы тут в общем, ну типа это как треш, но только лучше».   Фильм пытается показать вот эту вот близкую нам всем проблему «из грязи в князи» и проблематику обрушения социальных конструктов и усиление дестабилизации личности при увеличении степени конфликтности в рамках навязанных стереотипичных паттернов поведения. Но вышло не оч.  Отдельных горчиц за воротник заслуживает убийственный рассинхрон губ актёров и «белого голоса» в английской версии. Ну то есть это такая халтура, что даже на художественный приём не тянет.  3 из 10  Из плюсов фильма можно отметить главного актёра. Он хорош. А ну и «белый голос»  реально один-в-один как те, которые рекламируют что-то в США, я аж покосился на один рекламный динамик в Лас-Вегасе как-то раз, думая, не маркетинг ли это фильма.  kinobalashow	Неудачная коньюктурная (конъюктурная?) смесь комедии и треша	0
72	2019-03-31 19:35:00	Бегущий по лезвию 2049	4	0	Вообще я всем говорила с момента объявления о начале работ над римейком Бегущего по лезвию, что оригинальная картина нисколько не устарела и снимать продолжение смысла нет, но почему-то американские кинопродюсеры ко мне не прислушались. Удивительные люди, денег им надо.   Почему же не получилось? Несмотря на прошедшие тридцать лет с лишним лет добавить к сказанному в оригинальной картине по делу нам как поколению абсолютно нечего, мы не доросли, мы можем только передразнить как на уроке литературы героя которого не до конца поняли. Римейк  это когда «мы теперь не снимаем черных в роли прислуги, у нас президент Обама». А у нас никакого культурного сдвига для римейка в мировом масштабе не произошло. Может Вильнев и хотел снять эту растерянность  ну ок, есть репликанты. Мы их боимся. Они не могут рожать, но один смог. Теперь будет революция. Или нет. Ну короче теперь они рожают. Триллер? Да ну что вы, нет  это созерцание в третьяковке шедевра под классическую музыку в наушниках. Все чинно, спокойно. Вот золотое сечение в кадре, вот шикарное цветовое решение, а здесь гениально выставлен свет.   Конечно Вильнев снял визуальный шедевр, красивый 3D плакат, как учат в киношколе  каждый кадр распечатал и можно на фотообои. Конечно эта визуальная красота спокойно удерживает зал весь фильм, ну ладно большую его часть, несколько человек таки ушло, черствые люди, но создать или опопкультрить киберпанк как оригиналу, создать свою моду этой новой модели фильма не под силу. Сказать что-то новое тоже, главный герой душка, главную роль вроде как хотели отдать Фассбендеру, но это конечно было бы прямо порно, а тут так местами легкий флирт. Главный герой не имеет секса с начальницей, имеет ручную голограмму, считает себя избранным, ходит грустный и ищет вчерашний день.  Немного про нас. Признаю.	Бегущий по заставке вашего смартфона, какое там лезвие;)	1
73	2019-03-31 19:33:00	Дамбо	0	5	Дамбо версия фейспалм  Рубрика «Что вы наснимали!»  Тим Бёртон  ты чего?!   Пару дней назад состоялась премьера римейка мультика 1941 года «Дамбо». Прошло около суток с момента как я это посмотрела, поэтому весь мат и эмоциональная нецензурщина из меня выветрилась. Собственно, теперь бы разобраться что не так? Набрали же актеров А класса (Колина Фаррелла, Дэнни ДеВито, Еву Грин, которая особенно хороша в роли гимнастки).  Чё за базар, спрашивается?  Комментирую:  Дамбо 1941 года хороший, талантливо сделанный мультфильм о врожденных недостатках, которые при поддержке друзей могут стать достоинствами. Он про изгоя, у которого есть скрытый талант и пока большинство над ним смеётся, маленькие люди (мыши) и отщепенцы (вороны) помогают малышу реализовать свой талант и прийти к успеху.  Собственно о чём же версия 2019? Кратко  ни о чём. Ни о людях, ни о слонах, ни о семье, ни даже о бизнесе. Ничего вразумительного  Оригинал по сути басня, он про людей. Хотя все роли достались животным, а римейк он   Конфликта в фильме НЕТ. Вот родился слоник, с экстремально большими ушами. Все повздыхали и всё. Сразу приняли и сказали много пафосных мыльных фраз про любовь и веру в себя. Напомню, что в оригинальной версии слоник Джамбо, из-за своих больших ушей не мог нормально выступать в цирке, поскальзывался о них, его за уродство отвергли другие и после того как его мать упекли, сделали слоненка посмещищем и клоуном.   В новом фильме совсем другое: родился слоник  все поумилялись какой он кавайный, ну насупили брови для виду, потом из кустов вышел злой белый мужчина и спровоцировал мать Дамбо на истерику. Уже в начале фильма страшный злодей погибает, попадая под бревно. Мать Дамбо увозят.   Может римейк затрагивает тему материнской любви как раньше?   Нет. нам показывают слониху, которая лежит, готовясь родить (никаких вам красивых аистов как в оригинале, ШИШ) потом защищает своего малыша от злого белого человека, а потом весь фильм нам ГОВОРЯТ, что Дамбо по ней скучает. По Дамбо это никак не видно, может у него просто живот болит на самом деле или там он спать хочет? Выглядит это всё примерно как когда дети играют в куклы и наделяют их человеческими чувствами.  А что в оригинале? В оригинале всем в цирке аисты приносят малышей, и тигрице и бегемотихе и жирафихе, а слонихе -нет. И вот когда уставший аист всё таки приносит Слонихе долгожданного младенца, он, по меркам слонов, оказывается уродом, другие слонихи начинают посмеиваться над его ушами, а мать защищает его. Очень много, как ныне модно говорить, quality time мама Дамбо проводит с ним: играет, шутит, купает, они вместе помогают устанавливать тент от цирка. Когда пацаны (люди) начинают издеваться над ушами Дамбо, грубо хватать его и пугать, мать дает хоботом взбучку одному, опрокидывает в чан с водой другого, поднимается на дыбы за это её сажают в отдельную клетку. Дамбо остается один. Слонихи его отвергли и стесняются такого выродка.  Что еще плохо в римейке? Сюжет.  Вот слоник летает  его научила талантливая Мери Сью дочь Колина Фарела, которая мечтает стать как Кюри, но видимо без чтения, образования и прочей лабуды, потому что с книгами этого ребенка не видно, она занята, она дрессирует слона  ну как дрессирует, даёт ему перо он и летит. Талантливый же.  Актеры-дети  чувство стыда, когда другой делает какую-то фигню, т. н. испанский стыд, не покидал меня на просмотра протяжении всего кинополотна  мало того что дети играют плохо (я понимаю нового Осмента из шестого чувства и Искусственного разума поди сыщи, а тут еще и у продюсеров народились дети), так еще и девочке досталась роль скучной девятилетней тетки, которая говорит «Правильные», «Важные» вещи с серьезным и напыщенным видом.  Потом конечно начинаются игрища «перекупить эксклюзивное животное», невнимание любовника и прочие очень важные для маленьких зрителей вещи.  Более того, непонятно на кого рассчитан фильм? Детям на соседних рядах было скучновато, они мессаджа про закупку оборудования и продаж билетов на открытие парка аттракционов, инвестиции и пренебрегаемой любовником (?) Евой Грин не очень поняли, некоторые начали плакать во время сеанса. Признаться я тоже поплакивала, слилась с общем хором, но потом их папа таки успокоил и мне тоже пришлось страдать беззвучно. Я с тобой неизвестный малыш!   Цирк вообщем уехал. А слон  летал.  5 из 10 за визуал		0
74	2019-03-31 19:28:00	Капитан Марвел	6	5	Есть такая проблема  называется «синдром Супермена». Это когда главный герой настолько силён, что в целом ему особо ничего и не угрожает (в этом, например слабость всей «Лиги Справедливости»  убери всех кроме Супермэна и ничего особо не поменяется). Смотреть такие фильмы очень скучно, ведь ты понимаешь, что ну ничегошеньки не будет. Самую капельку интерес трепыхается «а если вот эти жахнуть, а этим, а вот этим?», но всё равно это не сильно помогает  чтобы переживать за героя надо чтобы ему могла угрожать опасность. Собственно, этим синдромом страдают многие супергеройские франшизы, в том числе и «Чёрная Пантера». Теперь же к ним врывается ещё одна героиня  Капитан Марвел.  Самое большое отличие от аналогов  тут попытались как-то «вырастить» героя за время, которое он отнимает у зрителя, и вроде даже немного вышло. Наблюдать как персонаж развивается даже кое-где интересно. Но, увы, в конце имеем очередного Супермэна, которому не страшно вообще ничего, и становится видна главная причина содзания этого фильма (помимо бабла)  надо было срочно рассказать хоть что это за герой такой, на которого собираются свалить львиную долю спасения человечества в грядушей (на момент написания рецензии) последней части «Мстителей»  «Endgame». Больше, увы, ключевых ролей у этого кина нет.  Особый минус хочется поставить за эксплуатацию Марвелом сцен после титров  когда-то это была весёлая «пасхалка», возможность немного подмигнуть самым преданным фанатам, пошутить, удивить. Теперь же это не просто превратилось в обязаловку, так теперь вообще ключевые сцены туда пихают. Совсем обнаглели.   5 из 10  Есть только одна причина смотреть это  если вы по какой-то причине не просто взвалили на себя ярмо желания посмотреть последнюю часть «Мстителей», а ещё и не хотите довольствоваться пятисекундным объяснением шёпотом во время вступления фильма «а, это кто?  это супер-вумен местная, короче, горящий конь из избы», и вам непременно надо знать всё-всё-всё про весь иконостас персонажей «Марвела».  P.S. А вы думали я что-то про феминизм буду задвигать? Фи, я считаю что ничего плохого нет в том что все типы людей стремятся быть представлены во всех категориях фильмов, и не то чтобы категория постылых посредственных супергеройских фильмов была в этом плане недозагружена, но Одним больше, одним меньше  kinobalashow	Проходной фильм-затычка перед «Эндгеймом»	8
75	2019-03-31 17:17:00	Мы	43	0	Всё, хватит! Хватит создавать много шума. Шум из-за Джордана Пила (шутки про глагол в прошедшем времени), которого восхищенная, завороженная и одурманенная пресса громогласно называет то ли гением, то ли мессией. Да вообще фигурой масштаба Альфреда Хичкока, Дэвида Линча, Дэвида Кроненберга или хотя бы М. Найта Шьямалана. Не знаем, как вам, но сие так возмутительно. Очнитесь: этот в меру интересный и способный афроамериканский постановщик, конечно, снял пока два заметных фильма, ведь в них есть своя закадычная атмосфера. Но что точно, они явно переоценены в плане всестороннего внимания и восторженных отзывов. Надо лишь успокоиться и не кричать о Джордане Пиле во всех углах, которые отыщутся в интернете.  Хотим точно посоветовать: не опаздывайте к началу, потому что есть важный информационный текст, ровный пролог и впечатляющая сцена с титрами, когда замечательная композиция ловко сочетается с кроликами-католиками. Всё, что будет раскрыто позже, как раз присутствует именно в начале. А если опоздаете, то, возможно, останетесь под сильным впечатлением от шок-контента. И то, если вы только начинаете познавать кинематограф и практиковать походы в кинотеатр. Остальные же, прожженные и видавшие и бывалые, ничего гениального иль незабываемого (как это стараются подать) в истории не обнаружат. Да, можно не спорить с тем, что режиссёр постарался показать нечто оригинальное, но нам не понравилось, хотя буря вокруг проекта поднялась большая.   Понимаете, бывает так: любой вымысел кинематографистов или писателей можно принять, поскольку в реальной жизни столько естественной кучи, что поневоле захочешь допустить существование любой нечисти и чуда-юда и просто сверхъестественного. Как раз фантастические, остросюжетные, страшные истории помогают нам в этом. Идея, переданная фильмом «Мы», к сожалению, запахла тотальным бредом. То, как появились доппельгенгеры и с какой стати они вообще напали на достопочтенных американцев, вызвало типичную реакцию, когда рука тянется вверх к лицу. У создателя настолько разыгралось воображение, что он решил таким вот образом изобразить большой страх бедных американцев перед а-ля Белыми Ходоками. Никто не видел, но боятся увидеть.  Но там «Игра престолов», у них интереснее. А здесь амбиции перенести проблему с двойниками частного характера в масштаб целой страны показались хрупкими и ненадёжными. Информационный текст в самом начале возбуждал аппетит, так как присутствовал простор для встречи с разудалым хоррором. Однако много позже, когда скучный монолог давал объяснение появлению всего дерьма, уже хотелось одернуть руку с заскорузлой истории. В конце же появляется ВОТ ЭТО ПОВОРОТ, только он легко читается, поэтому так и осталось загадкой, зачем Джордан Пил включил его в сценарий. Попахивало, без сомнений, уж извините, недошьямаланом. После такого трюка ясно одно: до сюжетных аттракционов М. Найта Шьямалана создателю «Мы», как пешком до Ио.  В итоге, в новинке проката даже смешного мало. Комедийным хоррором и не пахнет. Чёрная комедия? Возможно, и то, если считать комедией попытку соригинальничать в плане зарождения всей катавасии. Чёрная? В отличие от белых, здесь чёрным даётся куча возможностей победить незваных врагов, только они все равно толком не используют сие преимущество. Похоже на «Оскар». Дали квоты чёрным ребятам, но что-то кроме нескольких славных фильмов ничего грандиозного они не выдали. «Прочь» и «Чёрный клановец», «Лунный свет» и «Чёрная пантера», хотите тыкнуть пальцем? Ребята, камон, у них нет Данилы Козловского. А если серьёзно, уже не будет удивления, если вдруг под конец года «Мы» начнёт фигурировать в списке основных номинантов на все премии.   Ведь какой посыл! Там целая Америка! Пил  чёрный Хичкок!	Задоппельгенгеровались	39
76	2019-03-31 15:13:00	Порок на экспорт	0	5	То, как американцы видят и подают наших соотечественников в своём кино, имеет свою длинную и отдельную историю, благодаря чему образ «русского» в качестве персонажа закрепился как самостоятельный штамп, используемый без зазрений совести любым, даже уважающим себя режиссёром. Правда, чем больше знакомишься с Кроненбергом, начиная от нулевых, тем всё больше понимаешь, что ни вкуса, ни таланта у этого человека давно не осталось. И «Восточные обещания»  наилучшее тому подтверждение, так как снять подобное всерьёз равноценно для хорошего режиссёра творческому самоубийству. Удивительно, насколько ощутимо хуже становится кино, как только речь в нём заходит о русских. И дело тут вовсе не только в обиженной национальной гордости и бунтующем против подобного примитивизма менталитете. Даже отсеяв всё это, невозможно не заметить, насколько привычно-натянутым и пошлым выглядит подобный сюжет. Русская мафия, обитающая почему-то в Лондоне, ведёт свои тёмные делишки, прикрываясь легальным бизнесом и убирая неугодных ей личностей. Тут существует свой особый кодекс  кодекс «воров в законе», выражающийся в характерном и специфическом братстве, а также чисто символическом представлении в виде системы наколок, по которым своего отличают мгновенно, умея прочитать на теле всю репутацию и историю человека. И, словно как по волшебству, возникают здесь бывший дядя-кгбшник, борщ и «Очи чёрные», водка, болельщики «Арсенала»  и прочая условно гангстерская и советско-бытовая атрибутика, которая давно уже, правда, устарела  но только не для американцев.  Надо отдать должное Вигго Мортенсену и Венсану Касселю, которые честно стараются играть свои роли спокойного загадочного наёмника и малахольного придурковатого сынка  наследника крупного мафиозного авторитета. Но в том-то и проблема, что старания актёров слишком уж заметны. Так как на русских они совершенно не похожи, а избранный серьёзный, без тени иронии тон (вылитый «Красный воробей») делает всю историю ещё более грубой и поверхностной пародией, с примитивным деревянным сюжетом  и ещё более деревянный языком. Добросовестное упорство Мортенсена и остальных по произношению аутентичных слов (смешиваемых, к тому же, постоянно с английской речью) превращает все диалоги в корявую и запинающуюся, плохо воспринимаемую обеими сторонами пустую болтовню, произносимую натужно, подчёркнуто и как бы на автомате. Несостоявшаяся любовная линия между ясноглазой простушкой в исполнении Наоми Уоттс и покрытым татуировками Коляном-Вигго так же схематична и необязательна здесь, как и вообще вся интрига с чужим ребёнком, изнасилованной четырнадцатилетней девочкой и дикими неуправляемыми чеченцами  драка с которыми ещё хоть как-то запоминается и выделяется на фоне прочего надуманного бреда. В общем, после такого, за Кроненберга только стыдно  пусть даже актёры и молодцы. Сделали, по крайней мере, всё здесь возможное для них.  4,5 из 10	Облажался, браток	2
77	2019-03-31 14:56:00	Человек, которого надо уничтожить	0	5	Первый фильм режиссера Валентино Орсини с братьями Тавиани основан на жизни социалиста и профсоюзного лидера Сальваторе Карневале. Сальваторе возвращается с севера на родную Сицилию и пытается организовать социальную борьбу крестьян за землю. Естественно, он сталкивается с интересами мафии.   Сальваторе доставил много хлопот землевладельцам, борясь за права простых землепашцев. Он пытался применить накопленный в Тоскане опыт сельских профсоюзов на Сицилии. Для этого старался сплотить крестьян и устраивал самозахваты пустующих земель. Ну, кому же такое могло понравиться?   Валентино Орсини и братья Тавиани сделали основной акцент на конфронтации личности (Сальваторе) и группы (крестьяне и мафиози). Во всей истории очевиден политический подтекст необходимости революционного насилия.   Итальянские критики отметили фильм премией на Венецианском кинофестивале, однако сегодня первый блин Орсини-Тавиане выглядит скорее комом. Экзистенциальные метания главного героя утомляют и путают зрителя. И хочется проникнуться интересом и уважением к персоне профсоюзного босса, но как-то не получается.   5 из 10	Профсоюзы против мафии	0
78	2019-03-31 14:36:00	WTF 101	0	1	После просмотра первых серий этого, «юмористического» мультсериала. Мне вспомнился отрывок из фильма «Идиократия», где не совсем смышленый человек  будущего, смеялся над довольно тупой передачей, примитивного содержания. Хохотал он громко и хотел еще, еще, и еще смотреть на то как человек бессмысленно получает удары по между ног и другие увечья. И самое худшее то, что подобное проскальзывает и в нашей реальности.   «WTF 101»  это не меткая сатира, не высмеивание истории, личностей, и нашей с вами Земной жизни. Это то позор, самый настоящий, неподдельный. Подумайте сами кому будет смешно от того что человеку отрывают лобковые волосы, кому будет смешон процесс дефекации? А здесь такое есть, вы уж поверьте. Создатели не решились показывать нам подобное с самого пикантного ракурса, но сцена где из человека вылетают продукты жизнедеятельности здесь есть. Смешно? Сатира? Высмеивание? А может человеческое помешательство и глупость, может это символ того куда движется наше общество?   В сериале постоянно показывают омерзительные вещи, от чего не то что смеяться, смотреть это не возможно. Это гадость, тупость и полное не уважение к зрителю. Такое должно быть стерта с лица земли, а не транслироваться на наших больших экранах.   1 из 10	Дно пробито	0
79	2019-03-31 13:57:00	Манчестер у моря	1	5	Я так и не понял похвалы этому фильму и мне он показался довольно нудным. Ничего нового я не узнал из этого фильма и рассказанное только оставляет в недоумении. А многие хвалящие просто рассыпаются в комплиментах, как этот фильм сурово показывает жизнь. Но интеллектуальная ценность лично для меня довольно туманна  Зачин этой ленты таков, что главный персонаж Ли ненароком по пьянке сжигает свой дом с детьми. Жене удаётся спастись. Притом пьянка была довольно шумная, в результате с затуманенным мозгов Ли наворотил делов. В результате всей этой трагедии Ли стал довольно замкнутым и асоциальным. Впрочем и до трагедии Кейси Аффлек не особо смог показать своего героя адекватным.  Поэтому мне и не понравился фильм. Ли совсем не научен такту и мне вообще сложно догадаться, от чего его племянник Патрик так к нему привязан. Тем не менее Ли уезжает из родного города в Бостон и отвлекается, работая техником у частников.  Но беда не приходит одна и скоро умирает Джо, родной брат Ли. Причина  сердечная недостаточность и Ли становится опекуном Патрика.   Я вообще против пьянки, если человек уже становится семейным и тут у него трое детей. Так что всецело в проблеме считаю виновным героя Кейси Аффлека. Вот откровенно, Кейси Аффлек тут играет просто критически деревянно и при своём железобетонном выражении лица. Лучше всего показал здесь только Джордж. Защищал Ли как только мог и впоследствии именно он стал усыновителем для Патрика.  Проблема этого фильма в том, что его довольно сложно анализировать без рассказывания сюжета. Но Кейси Аффлек просто весь фильм вызывал отторжение и только рефлексировал по своей же трагедии. Чувство такта отсутствует напрочь и после трагедии он так и не завязал со своим распитием пивка после работы. Это было отвратительно. Но может это я просто что-то не понимаю и это типа «нормально» распивать дома пива и орать толпой ночью в 2 часа ночи, когда дети спят буквально за стеной. Потом идти в 2 часа ночи за продуктами.  Весь фильм персонажи ходили туда-сюда. Хотя даже не ходили, а просто слонялись. Патрик отрывался с двумя подружками и был явно кумиром девичьих сердец. И Ли постоянно со своей кислой миной.   Проблема была явно в непродуманной системе. И Ли с радостью бы свалил от своего бремени быть опекуном. Но просто его держало какое-то надуманное чувство долго. Притом из-за деревянной игры Аффлека я так и не понял особой трагедии персонажа Ли по потере детей. И герой весь фильм особо не развивался. Я уж молчу про характерный говор, когда персонаж постоянно что-то мямлил и не мог внятно выразить свою мысль.   В общем, не рекомендую этот фильм. Он довольно депрессивный и без какой-либо логики. А систему, при которой даже похороны платные, я итак ненавижу.  5 из 10	Очередные проблемы из-за пьянки	1
80	2019-03-31 13:56:00	Граница	1	0	Фильм расскажет нам о том, как в работе, погрязшей в коррупции, низменности и отсутствия морали, вдруг начинаешь понимать, что ты что-то делаешь не так и стараешься хоть что-то исправить. Получается или нет, вопрос следующий.  На самом деле, история про то, как будучи на стороне закона частенько задумываешься о том, что этот закон не всегда верен и позволяет «распускать руки», далеко не нова. В этом фильме мы увидим «погранцов» Техаса, которым суждено защищать границы США от мигрантов.  Собственно, узнал я про этот фильм из-за того, что в нем главную роль играет Джек Николсон. Играет очень здорово. Безусловно, это не оскароносная роль, но Джек, как мне кажется, просто не может играть непрофессионально. А их дуэт с не менее крутым Харви Кейтелем добавляет фильму плюсов.  Однако, от скуки при просмотре меня это не спасло. Увы, но, видимо из-за довольно прямолинейного сюжета, при котором, уже после первых двадцати минут фильма, понимаешь, что здесь будет происходить, ощущения от просмотра примерно такие же, как от нахождения на той самой границе Техаса. Сухо, жарко и пыльно. Одним словом, выматывает.  Возможно, изюминкой, которая могла бы спасти от прямолинейности этого фильма, могло стать ощущение мерзости и отвращения от негативных героев и их действий. Но, увы, от этой мерзости веет небольшим душком, и в то, что персонаж настоящая мразь, ты не веришь, а он этой самой мразью просто обязан быть.		0
81	2019-03-31 11:42:00	В погоне за Бонни и Клайдом	52	5	Как часто вас обманывают трейлеры? Нас редко, но данный релиз Netflix сработал изумительно  они выкатили шедевральный ролик, в котором были все мои слабости  киношная эпоха великой депрессии, Кевин Костнер и Вуди Харрельсон, бравые погони, перестрелки на Томпсонах, все под интересную музыку Reuben And The Dark «Hallelujah». В совокупности это смотрелось чертовски круто!  Что же на деле? Нас встречает парочка знаменитых грабителей-любовников Бонни и Клайд, но их лица засекречены и образы сокрыты. Авторами просто обозначено  они плохие ребята, народ их любит за робингудство. Персонаж Костнера вдруг сразу был назначен тем самым спасителем мира от этой заразы, а откуда и почему вдруг взялся Харрельсон ему в помощники  это излишние подробности для сюжета, как и то, почему он «выглядит на все 75».   Вроде и режиссер Джон Ли Хэнкок не дилетант в своем деле, имея в активе неплохие «Невидимая сторона» (2009) и сценарий к одному из лучших фильмов Клинта Иствуда «Совершенный мир» (1993). Может все дело в сценаристе Джоне Фуско? Возможно, ведь своей писательской руки он не приложил к заметным и достойным работам.  В результате вас ждут максимально душные два с лишним часа, в которых харизматичные и высококлассные актеры никак не раскрываются, их мотивы не ясны, антагонисты абсолютно картонные и обозначены просто для заголовка, а также крайне неудачный монтаж, перенасыщенный долгими и бессмысленными планами, зато в наличии огромное число мужчин в костюмах и со значками, вероятно имеющих отсылки к неким историческим личностям силовых структур. Единственной экшн-сценой будет погоня одутловатого героя Костнера за школьником, что даже звучит нелепо. «В погоне за Бонни и Клайдом»  это отличная картина для Badcomedian, если вы понимаете, о чем я.  5 из 10	Провал от Netflix	17
82	2019-03-31 11:26:00	Мы	0	5	После просмотра данной ленты остались сугубо негативные впечатления: непонимание, разочарование, даже потраченной суммы на сеанс было жалко. И вот почему.   В наше время, когда важнее чем-то казаться, чем быть этим на самом деле, подобные фильмы очень популярны, так как, если вам нравится подобное, то вы без сомнение одухотворенный потребитель высококачественных шедевров. Но вот только нет.   Говорить, что вам нравиться что-то подобное, равносильно тому, что восторгаться комедией с минимумом шуток. Большую часть экранного времени происходит что-то мутное и ненужное, но потом  БАЦ!!!  шутейка. Да, Мы больше похож на кино, в отличие от тех же Бабадука и Оно следует за тобой, но по уровню это всё равно проходной середняк со слабым сценарием состоящим из обычного набора из фильма ужасов с примесью триллера. Даже как и все ужастики он заканчивается стандартным твистом, который настолько очевиден, что я не мог поверить, что у Пила хватило наглости его добавить в фильм. Хотя его я предугадал в середине фильма только из-за того, что режиссёр сознательно обманывал зрителя, чтобы это хоть как-то было неожиданно. В остальном мы имеем всё тех же глупых по стандартам хоррора героев, второстепенные персонажи мрут как мухи, в то время как протагониста и её семью нужно просто отбросить в сторону, а не убить и так далее.   Забавно, что Пилу даже было лень придумать предысторию происходящего, и всё объясняется текстом и закадром в начале фильма, а потом делается нелепая попытка это как-то вписать в ориджин двойников. Можно конечно говорить, что этот фильм метафора, что тут не должно быть всё логично, но нет, фильм сам по себе плох, он нарушает свои собственные законы, нелогичен, затянут и содержит огромное количество шуток уровня начальной школы.   У фильма есть плюсы вроде хорошей актёрской игры, нескольких отличных кадров, достаточно вдумчивого начала, но это всё не важно, если сам фильм представляет из себя претенциозный набор нестрашных штампов, который живёт лишь паразитирование на остальном жанре.  5 из 10		0
83	2019-03-31 09:08:00	Годунов. Продолжение	7	0	"Если первая часть «Годунова», при наличии грубого искажения исторических фактов и невнятном сюжете, хотя бы внешне сохраняла атрибуты, присущие жанру, то вторая часть совершенно лубочная. Никакого ощущения «Смутного времени» даже не пытаются создать. Полный хаос в изображении событий, их последовательности. Дешевые декорации (не знаю, сколько истрачено денег, но выглядит убого), дешевый реквизит, сумбурное дерганье персонажей, любовные страсти, больше уместные в мексиканском или бразильском «мыле». Батальные сцены откровенно слабые. Даже грим поленились наложить аутентичный. Подумать только, царевна пережила ужасную смерть родителей и брата, сидела в темнице, подвергалась многократному жестокому изнасилованию  и через пару кадров на ее лице ни морщинки, ни пятнышка, свежа и румяна, как будто из салона красоты! Смех и грех.  Об актерской игре вообще говорить не приходится, бедные актеры втиснуты в такой слабый сценарий, вынуждены произносить такой глупый (за редким исключением) текст, что им можно только посочувствовать, слишком плохо прописаны роли. Тем более что, вдохновляясь, очевидно, канонической лентой «Иван Грозный» Эйзенштейна, режиссер и оператор нажимали на крупные планы (дабы скрыть убогость декораций). Но тут необходим хороший текст, которому зритель поверит. А вот с этим беда. Чуть лучше других смотрится Ткачук в роли Самозванца, но с его придурковатостью явно перебрали. Это был умный человек, умевший манипулировать другими, а вовсе не психопат, движимый исключительно похотью.  Зато неожиданно приятное впечатление произвела Светлана Ходченкова. Роль стареющей стервы ей подходит. Не то что роль амбициозной девушки, которую она пыталась изобразить в первой части.  Не могу не отметить еще один момент, который, вероятно, случился против воли создателей фильма. Своей пропагандисткой задачи (""монархия  исторический путь», «православие  наше всё») сериал не выполнил. Наоборот, очевидно, что простому люду было глубоко безразлично, кто сидит на троне  Рюрик, Годунов, Самозванец, Шуйский, Романов. Простой люд всегда голодает, страдает, пытается выжить, и господь Бог, поминаемый иногда к месту, а больше всуе, нисколечко не помогает. Вот это соответствует исторической правде, хотя и показано в виде лубка."	А где история России ??	3
84	2019-03-31 07:10:00	Мы	0	0	Читаю положительные рецензии и честно не понимаю за что хвалят этот фильм. С чего бы начать чем же мне так не угодил этот фильм?   Фильм позиционирует себя ужасами, которыми не является, но да ладно это не так уж страшно, фильм не обязан подстраиваться под какой то жанр, все-таки режиссер художник и делает как хочет, просто не очень люблю когда обманывают трейлерами.   Сюжет рассказывает казалось бы типичную историю для фильмов ужасов семья приезжает отдохнуть, но внезапно приходят двойники или как называет их режиссер доппельгангеры и пытаются их убить. И в принципе на этом весь сюжет заканчивается. Фильм идет 2 часа, первые 20 минут режиссер ещё нагоняет жути, типичными приёмами для фильмов ужасов. После прихода двойников сюжет заканчивается. Про то откуда взялись эти двойники вам расскажут мельком в конце и то что скажут не может вас удовлетворить, ну меня не удовлетворило совсем. Зато есть твист в конце, на который плевать и после него ещё больше вопросов остаётся к сценарию. Но ладно с сюжетом, интересно ли смотреть этот фильм? НЕТ. Совершенно нет, после того как появляются двойники начинаются побегушки от них, длительностью около часа и как же это утомительно смотреть, не знаю кому это может быть интересно. Почему же не интересно? А потому, что Джордан Пил смешивает комедию с ужасами, да и бог с ним в «Оно» так же было. Но я не могу назвать этот фильм комедией, т. к в комедиях, шутит фильм, а тут мне приходилось шутить над ним, что бы не уснуть. Я понимаю, что абсурдные диалоги сделаны специально и поведение двойников специально такое, но это не делает фильм лучше. У меня на сеансе весь зал ржал и напряжения вообще не было, но смеялись они не над шутками из фильма, а над своими. Персонажи, что можно сказать про них? Да ничего. Набор клише. Мать-любит семью все, что можно сказать. про неё. Отец-выполняет роль шута. Дети-просто дети.  Да, актерская игра прекрасная у главной героини, но персонажи то скучные. Че там по саспенсу о котором писали в положительных рецензиях, его нет. Не знаю, где они его нашли, его тупо нет. Напряжения нет по нескольким причин: персонажи скучные, им не сопереживаешь, ведь это не люди, а просто герои с одной-двумя чертами характера, абсурдность диалогов, поведения двойников, да это сделано специально, но опять же это портит атмосферу и её просто нет. Если кто-то подумает, что я не уловил напряжения из-за того, что весь зал смеялся, то это не так. Его тут просто нет.   Сколько же я прочитал какой это гениальный фильм, такие великие подтексты. Какой гениальный режиссер, просто фантастика. Ну и какой же подтекст? На мой взгляд тут вообще их нет. Ну если вам делать нечего можете себе его придумать. Почитал я интервью режиссера, где он говорит, что двойники олицетворяют наши плохие качества. Ну в таком случае двойники должны быть полноценными персонажами, и иметь индивидуальные особенности. Ведь у каждого человека свои грехи, кто-то жесткой, алчный и т. д. А из четырех двойников умеет говорить лишь один и все они могут олицетворять только человеческую жестокость, НО есть одно НО, замени двойников на хищников, чужих, фиксиков, смурфиков, которые ходят и убивают людей, абсолютно ничего не изменится, т. к двойники не персонажи, а лишь куклы, которые ничего не показывают. Или может мораль была в финальном монологе? «Вы не цените, что у вас есть». ООО боже спасибо гениально, никогда не слышал такого. Во многих художественных произведениях довольно простая мораль, но художник должен доказать почему это так, зритель должен проникнутся мыслью, а тут что? Тут полтора часа просто побегушек от двойников, без морали. Ещё режиссер писал, мол в фильме много социального подтекста на США, уж не знаю я там не живу, возможно американцы и заметят это, я этого не увидел. Максимум, что я могу предположить, это про митинги мол двойники выходят митинговать, вроде за благую цель, но сами при этом проявляют жестокость. Но я не обязан ничего додумывать за фильм. Ах дааа, как мог забыть про аллюзии на библейские истории и остальное. Как же я это обожаю. Во главе угла в фильме стоит история, а тут её нет, зачем мне твои отсылки? Если тут нет сюжета, персонажей и просто смотреть не интересно. Я не против отсылок, но это должно быть когда есть все остальное. Например как в фильме «Дом, который построил Джек» Ларса Фон Триера. Да тоже много отсылок на искусство, религию, Данте и т. д. Но там есть интересная история и гениально прописанный главный герой. Как я считаю если режиссер хочет что-то сказать, скажи зачем вот это все? Неужели просто нельзя сказать? Но кто-то любит претенциозность я нет.  Ой какой авторское кино гениально, «Дурак», «Майор»- авторское кино, которое говорит о социальных проблемах и смотреть его гораздо напряженней и интересней.   Но не буду лукавить в фильме есть три плюса.  1. Великолепное музыкальное наполнение, что композиции, что реп. Особенно пение детей зашло.   2. Актерская игра Лупиты Нионго.  3. Ну и то, что все таки фильм удивляет абсурдом.  Последнее, что я скажу, как по мне этот фильм снимался ради денег, у него уже один из лучших стартов в уик-энд среди фильмов ужасов. И что же тут же пишет режиссер? «Могу снять сиквел тут же такая обширная вселенная», конечно Джордан она огромная, ведь ты её не раскрывал её она тут просто пустая. Как я считаю, если ты уж говоришь, что это авторская картина у неё не должно продолжения ну или ты сразу заявляешь я снимаю трилогию, что бы уместить все, что хочу сказать. А не так, что фильм собрал и ты «ооо класс сейчас ещё авторского навалю». Для режиссера фильм начинается с конца, т. к он закладывает определенную мысль и ведет к ней. Какие могут быть если ты уже привел к главной морали зрителя.   Кому же может понравится фильм? Не знаю, тем кто любит отсылочки на библию или может не требовательному зрителю, может его впечатлят побегушки. И повторюсь плевать бы на всю эту мораль, если бы фильм было интересно смотреть.	Извини Джордан я тебя не понял.	0
85	2019-03-31 05:31:00	Покидая Неверленд	11	0	Мерзость Вот единственное слово приходящее на ум после просмотра этого четырехчасового даже не знаю чего   Типа документального фильма? Скандального расследования? Откровения?   Не знаю, какое определение дали своему «труду» создатели, но мне, кроме словосочетания «желтая мерзость» ничего на ум не приходит.   Посмотреть это решила, что называется, «от нечего делать».   Личность Джексона меня никогда особенно не интересовала. Его поклонницей никогда не была. Пик его популярности пришелся на то время, когда меня больше занимали появившиеся в нашей чудесной стране изделия американского игрушечного гиганта Mattel, а не дяденька в надвинутой на глаза шляпе.  Уже позже смутно помню эту чудовищную историю с судом. А потом, уже в сознательном возрасте помню новость о его смерти и такое же тошнотворное, как и этот «фильм», поведение Митрофановой, за которое последнюю, на мой взгляд, совершенно справедливо выставили с Maximum’а.   И вот, опять же, не знаю, чего добивались создатели этой мерзости, но я, которая до этого даже названий ни одной из его песен не знала, полезла с запросом «Michael Jackson» на YouTube. И увидела Поразительно талантливого, красивого человека, стопроцентного харизматика с колоссальной работоспособностью. И если на всех своих концертах он выкладывался так же, как и в свои сорок лет в Мюнхене, то могу с уверенностью сказать, что он честно заработал каждый свой цент.   Я не знаю, имеют ли под собой какую-то почву все обвинения в его адрес, и гадать на этот счет не собираюсь. Но вот, что после всего прочитанного и увиденного знаю доподлинно:  -Был долгий изнурительный судебный процесс, который ни к чему не привел.   -Была многолетняя слежка ФБР, которая также ничего не дала.  -Были шокирующие признания, которые потом либо оказывались ложью, либо от них отказывались сами дающие показания.   -Не было ни одного стопроцентного доказательства насильственных действий по отношению к детям.   И вот вспомнился анекдот, родившийся на просторах сети, после многочисленных историй с Вайнштейном и Спейси:   -Когда женщина согласна  это секс.   -Когда не согласна  это изнасилование.  -Когда была согласна, а через двадцать лет передумала  это сексуальное домогательство.   Товарищам, представленным в фильме, у меня поверить ну не получилось.   Судите сами:  -Мы такие несчастные и не понимали, что нехороший дядя с нами делает   В семь лет допустим, а дальше  в двенадцать, четырнадцать, шестнадцать?.. А когда вы, с ваших слов, вместе смотрели порно, то, видимо, думали, что это произведения компании Дисней?   -Ой, он дарил мне золотые украшения, знал, как я их люблю (в 7(!) лет). Теперь я терпеть не могу золото, смотрите  смотрите, у меня руки дрожат  Да, именно поэтому ты тридцать лет бережно хранишь все кольца с бриллиантами в кожаном футлярчике.   -Мы были так счастливы, что на нас обратил внимание сам поп  король, все об этом мечтали!  Светясь от счастья, рассказывает мама о человеке, который, вроде как, семь лет насиловал ее сына.   - Когда я узнала о его смерти, то стала танцевать. Больше он никому не причинит зла!   Рассказывает другая мама, но, правда, забывает упомянуть, что живет в доме, купленном на деньги Джексона.   -Мы ничегошеньки не знали все это время!  Хором кричат обе мамы.   А теперь представьте себя на месте этих мам. Представьте, как вам предлагает, пусть медийный, тридцатилетний мужчина забрать вашего семилетнего сына на неделю  другую в свое поместье и, не скрывая, спать с ним в одной кровати. Вам ни минуты не покажется это странным?   Перечислять подобный бред можно еще долго. В четыре часа хронометража его запихали более, чем достаточно.   Что хочу сказать по итогу: относиться к Джексону можно по-разному, но отрицать его талант и вклад в мировую культуру глупо. И пока в мире будут появляться личности подобного масштаба, вокруг них всегда будут кишмя кишеть посредственности, которые будут стремиться хоть к какой-то сопричастности, а если повезет, то и к выгоде. Будь то хореограф, ставивший попсовые подтанцовки для бойс-бендов, которые уже лет пятнадцать никто не вспоминает, будь то недорежиссер, снимавший короткометражки, которых никто никогда не видел, будь то хамоватая косноязычная диджейка и таковая прочая. Этих персонажей забудут и очень скоро. А вот Джексона  вряд ли		20
86	2019-03-30 21:31:00	Добро пожаловать в Акапулько	3	0	Определенно, «Добро пожаловать в Акапулько» войдет в топ-десять бездарнейших фильмов из мною виденных, причем займет место ближе к лидерам чарта. Выйдя из кинотеатра, все, что я хотела сказать об этой картине, ограничивалось словами, «за которые у нас по закону дают 15 суток».   Фильм снял некий Гильермо Иван. Судя по получившемуся результату, это человек со скромнейшим дарованием, которому не дают покоя лавры Тарантино, Миллера, Ричи. Количество заимствований в фильме неприлично. Странно, что режиссеру об том хотя бы деликатно не намекнули.  В картине идет речь о программисте, который после алкогольных возлияний в аэропорту, попадает не в тот город (свежо!), а там за ним начинают охотиться преступники и агенты ЦРУ. Каждый мечтает вырвать у растяпы некий пакет (о чьем существовании он до поры до времени не догадывается), в котором что-то там хранится.  Исполнивший главную роль Майкл Кингсбэйкер или абсолютно не умеет играть, или фантастически не подходит на эту роль. Он выглядел как порноактер, пытающийся изображать невинность: широко открытые от удивления глаза под дурацкими очками, совершенно статичное лицо, скрытая хламидой рельефная фигура, что совершенно не вяжется с образом лошары-айтишника. Кроме того, весь фильм у главного героя в голове будет блуждать такая фантастическая дребедень, что создавалось впечатление, что он буквально из другой картины. Режиссер, действуя шаблонно и сперев (я в этом уверена, клянусь) идею из дурацкого фильма с Мадонной в главной роли «Кто эта девчонка?», показывает нам, как персонаж Кингсбэйкера трансформируется, становится бруталом, метким стрелком, мачо. Смотреть на это и смешно, и жалко.  В картине снялись, как мне показалось, все, кто этого захотел, из известных  давно сбитые летчики  ужасно выглядящие Майкл Мэдсен и Уильям Болдуин. Так снимать любит наш печально известный «режиссер» Александр Невский, который стабильно в свои боевички приглашает актеров, о которых мы забыли еще лет 25 назад. А он помнит.   Возможно, у Гильермо Ивана был скромный бюджет (он, кстати, спродюсировал картину и снялся в одной из ролей), но это не извиняет дурацкого сюжета, кошмарной актерской игры, колоссального количество заимствований, туалетного юмора и тому подобных вещей, из-за которых мне захотелось уйти из зала где-то минуте на 40-й после начала картины.   Из плюсов можно отметить, пожалуй, красивые виды Акапулько. Для кого-то, возможно, экшн. Но это на любителя.   Можно, наверное, назвать «Добро пожаловать в Акапулько» легким, ненапряжным фильмом, позволяющим приятно отдохнуть. Но, видимо, подобный безмозглый пошлый отдых не для меня.		2
87	2019-03-30 21:11:00	Тор	2	4	Тор  это Супермен КВМ.  Скучноватый персонаж, за которым неинтересно наблюдать, потому что ты знаешь, что у него все получится. Извините конечно, но мы прекрасно знаем, что он БОГ! О каком сопереживании речь?  Единственное, что оставалось  дать персонажу развиться за время фильма. Но и этого, к сожалению, сделать адекватно не получилось. Попытка видна, но итог удручает.  Сначала Тор эксцентричный, немного психованный и самоуверенный.  «Он опасен, он безрассуден и заносчив»   И единственное, что хоть немного меняется к финалу  это его самоконтроль. Он начинает немного больше думать, прежде чем делать. И всё! Почти все, что делает Тор после середины фильма, сделал бы Тор из начала.  Драма, которую нагнали в конце нивелируется следующими фильмами, что обесценивает ее при повторном просмотре.  Фильм вытягивает неплохая картинка и крутые персонажи, такие как Локи, Один и Хеймдаль. Все земляне тоже неплохи, в отличает от персонажей из других миров. Про тех же «друзей» Тора неплохо сказали агенты ЩИТа (см. заголовок).  Музыка также не запоминается от слова совсем.  Кино ниже среднего. На один раз, для ознакомления с киновселенной.  4 из 10	Зена, Джеки Чан и Робин Гуд	0
88	2019-03-30 16:56:00	Алита: Боевой ангел	7	0	Когда 3D технологии далеко превосходят сценаристов Голливуда, получается такое кинотворение как «Алита»: вырвать идею, напихать спецэффектов, получить прибыльное муви.   Основой для фильма послужила манга 1990-х годов «Сны оружия», вышедшая на пике популярности киберпанка. Я не читала мангу полностью, поэтому не могу сказать насколько автор пытался придерживаться оригинала, однако стремление режиссера угодить концепциям 90-х гг достаточно ярко просматривается в устройстве и дизайне мира: все те же старые разваливающиеся постройки в сочетании с супер-технологиями, непонятная проигранная война, гиперболизированная несправедливость в отношении мирных жителей, отсутствие границ между человеком и синтезированной плотью  вроде бы здесь есть все то, за что мы любим киберпанк, однако лично у меня создалось впечатление, что режиссер не справился с экранизацией проекта «Алита».  Начнем с того, что герои получились ну прямо-таки картонней некуда: тут и переброс шаблонными репликами, и 100% попадание каждого происходящего на экране действия, четкое разграничение на «черное» и «белое». В доли секунды герои успевают не раз сменить жизненные принципы и моральные устои на 180 градусов, пресловутое «нет» резко становится воодушевленным «да», логика также быстро переходит в откровенную глупость. Буквально на протяжении всего фильма, меня не покидало ощущение, что я смотрю детский спектакль, где дошколята учатся незатейливому мастерству актерского искусства  так все выглядит неестественно. Здесь нет «поступков» героев, есть прописанные действия, каждое из которых ведет к определенной концовке, которая становится ясна как день, эдак, минуте на 20-ой фильма.   Стоит отметить, что вся эта нелепица происходит на фоне высококачественных 3D спецэффектов, за счет которых режиссеру и удалось вытащить фильм на мировой уровень, а на затеряться посреди низкобюджетных боевиков. Эта кинокартина буквально кричит о том, что 3D технологии и художественная составляющая превзошли саму идею, ради которой задумывались. Если снять всю эту визуальную мишуру, на обозрение зрителям предстанут голые костяшки, символизирующие повествовательную бедность и неспособность студии воплотить идею в достойное самобытное произведение, которое бы заставило улыбаться, плакать, негодовать и радоваться не только за счет эффектов и музыки, а просто потому что происходящее на экране смогло проникнуть в сердце и заставить прочувствовать весь спектр эмоций.   Алита  это фильм ради фильма, ради больших кассовых сборов, ради экранизации давно забытой идеи. Я бы сказала, это попытка режиссера помериться силами с другими гигантами, чтобы доказать всему Голливуду, что он тоже может. А все остальное неважно.	Ода визуальным эффектам	4
89	2019-03-30 14:51:00	Реинкарнация	3	5	«Реинкарнация»  кино такого рода, что может вначале обмануть, показаться большим, чем оно есть, но неизбежно в итоге раскрыть себя. Так, на первый взгляд, фильм Ари Астера  добротный триллер, встречающий сходу зловещей атмосферой, пропитанной предчувствием беды и томящего безумия. Некое семейство в лице брата, сестры, отца и матери хоронят в начале бабушку по линии последней  особу явно своеобразную и по жизни недолюбливаемую. Хотя бы потому, что род её преследует некое проклятие или болезнь  форма расстройства личности, сумасшествия или чего-то пострашнее. Но жуткие смерти, маячащие в прошлом, не оставляют семейство и теперь, когда вслед за похоронами происходит несчастный случай. А вместе с ним входит в их жизнь потустороннее, поначалу удивительное  но такое, какого они предпочли бы не знать.  Сложно рассказывать об этой картине, не рискнув проспойлерить массу моментов. Хотя все эти ужасы и мрачные тайны крайне нелепы и надуманны  так что и знание развязки ничего существенного не привнесёт. При этом смотреть «Реинкарнацию» ради чего-то ещё кажется бессмысленным. Режиссёр, действительно, умело щекочет нам нервы, заставив почувствовать непримиримый ужас того, с чем человек сталкиваться не должен. Да и снято это настолько ловко, настолько убедительно расставлены зловещие акценты, что даже против воли пугаешься и веришь. Но в этом  и главная уязвимость фильма. Жанровость и та очевидная натужность, с которой нас пытаются впечатлить ракурсами, страшными картинками и звуками, обозначается всё больше с каждой минутой. Агония затянувшейся мистерии длится и длится  пока не перерастает, наконец, в сатанинские бредни, вызывающие почти тошноту и унылое разочарование.  Так как на деле кино это  не более, чем дешёвая профанация. Довольно жуткая, профессионально и эстетически впечатляющая  и всё же отталкивающая. Своей идейной пустотой и ограниченностью, особенно нелепых на фоне яркого внешнего представления. В этом смысле ближайший родственник «Реинкарнации»  «Убийство священного оленя», режиссёр которого  не меньший виртуоз  и столь же раздражающе-претенциозный художник. Возможно, и глупо придираться к фильму Астера, пытающемуся выглядеть лишь хорошим ужастиком. Но лучше бы он был побанальнее и попроще, не смущая своей красотой там, где ей совершенно не место. Да и мистику надо подавать тоньше. Больно уж идиотично-откровенна она местами.  5 из 10	Профанация	2
90	2019-03-30 14:47:00	Не в себе	2	5	Симпатичная девушка с внешностью Клер Фой и странным именем Сойер Валентини попадает по недоразумению в психушку, куда пришла жаловаться на фобии и тяжёлую жизнь. Неосмотрительно упомянутое «суицид»  разовые мысли о нём  заставило врачей принять меры и девушку на всякий случай запереть. Мотивы были не сказать, чтобы благородные  но главное не это. Главное, что санитаром в то местечко устроился работать «сталкер», от которого бедная Сойер едва унесла ноги. А он тут как тут. Но галлюцинация ли это или кошмарная реальность? В дурдоме поневоле усомнишься.  Этим описанием исчерпывается, в сущности, всё, что можно сказать о картине Содерберга. Новомодная тенденция снимать на айфон дала режиссёру возможность повыпендриваться, поснимать с чудных ракурсов, продемонстрировать большие и выразительные глаза Фой  но и только. Так как в остальном кино это  беспомощный малобюджетный триллер, ни капельки не страшный и ни чуточку не таинственный. Специфическая камера создаёт некоторое ощущение абсурдности, клаустрофобичности, сдвига границ  но совершенно бесполезна при этом в руках человека, пользоваться ею не умеющего. В том смысле, что айфон  конечно, не проблема. Важно не на что  но как снято. Удивительно, до чего слепым и самонадеянным можно быть, не замечая отсутствия складности, увлекательности  даже элементарной психологичности собственного произведения. Это, конечно, эксперимент  но по эстетике своей настолько любительский, искусственный и занудный, что ради чего, спрашивается, было экспериментировать? И, если бы не хорошая актриса, пытающаяся играть здесь что-то, смотреть было бы не на что.  2,5 из 10	Неудавшийся эксперимент	1
91	2019-03-30 14:19:00	Мастер и Маргарита	0	0	Роман Мастер и Маргарита я прочитал еще в юности по школьной программе. Помню общее необычное впечатление, но на глубокие размышления он меня тогда не натолкнул. Потом лет через 15 (в 2005 году) я посмотрел фильм, и он мне понравился  прекрасная картинка, великолепная игра актеров, музыка, точная передача фраз  Месяц назад я случайно прочитал отзывы о фильме на Кинопоиске и зацепили меня именно отрицательные. И актеры не точно подобраны и сцены вырезаны, по сравнению с Булгаковским текстом. Я пересмотрел сериал  приятное впечатление не разрушилось. И вот тогда я решил перечитать первоисточник Эффект от прочтения ни с чем не возможно сравнить. После приятного впечатления от сериала  совершенно обратная реакция на роман. Вместе с депрессивным налетом появилось ощущение какого-то лукавства и неестественности от всего, что описано на страницах романа. И нет у Булгакова хэппи энда для главных героев.  Стал перечитывать более внимательно, почитал историю создания романа, биографию Булгакова и, возможно, понял замысел автора. Не даром у Михаила Афанасьевича эпиграф к роману напрямую отсылает к Фаусту Гете. С этих позиций и нужно рассматривать роман. Все что связано с воландом и особенно все, что он говорит, его, к сожалению, разошедшиеся на цитаты фразы -это от лукавого, они не настоящие, лживые. Это не настоящее писание, не настоящая справедливость и не настоящая любовь-любовь без души.  У кого в романе нет имени, только клички? У животных и Мастера, а в конце романа у него и клички уже нет только номер. У Булгакова в романе, на мой взгляд, точно подведена параллель, что, так называемая, любовь Мастера и Маргариты аналогична привязанности собаки Банга и Пилата. Сам автор, как он и обещал в начале второй части романа (Как он обещал  отдельная тема. Почитайте не пожалеете) показывает нам настоящую любовь, и это любовь жены профессора Понырева (Бездомного) к своему мужу. Ждет, не спит, читает Книгу, делает укол, спирт только для дезинфекции. Разве не так надо спасать любимого и больного человека? Книга у Булгакова тоже персонаж. Каких книг накупил Мастер, какую они с Маргаритой сожгли покидая подвал, и какую Книгу читает жена Понырева (Бездомного)? Я считаю, что Булгаков читателю указывает на Библию.  Михаил Афанасьевич в своем романе приготовил для читателя очень вкусное, острое, но предельно ядовитое блюдо, по ходу романа он разбросал подсказки и противоядие выложил в конце, в последних абзацах Эпилога. Получился такой сюжетный твист, заставляющий читателя еще раз перечитать роман и разоблачить сеанс черной магии.  А что же фильм? Подсказки вычищены (почитав роман поймете какие сцены не вошли в сериал), финал отредактирован. Нет сюжетного твиста  нет противоядия. По факту получили красиво оформленное вкусное ядовитое блюдо. Сеанс черной магии без разоблачения. Ода сатане тьфу	Сеанс черной магии без разоблачения	0
92	2019-03-30 10:55:00	Арена	0	2	И что это было? Что я посмотрел? Повёлся в очередной раз на каст и, хоть и неоригинальное, но всё же увлекательное описание фильма. Какая же чушь меня ждала в эти полтора часа!  Сюжет наивный и ооочень глупый. Мега тупое зрелище. Я опущу внимание на то, что всё своровано из более успешных фильмов данной тематики (Бегущий человек или Смертельная гонка, например). Но как всё было плохо выстроено, как отвратительно было смотреть то, что наснимал режиссёр этого творения. К тому же сама картинка в фильме серая и отталкивающая. Уже от такого изображения хотелось выключить фильм на самом начале.  Фильм совершенно ничем не цепляет. Все события фильм тягучие и угнетающие. Я сильно многого не ждал, но и такого откровенного бреда я тоже не был готов увидеть. Персонажи очень плохо прописаны, похоже на скорую руку готовили их, диалоги никудышные. Для кого снимают такое унылое кино? Под него хорошо спать, что я и сделал пару раз при просмотре. И всё так банально и предсказуемо. Да я заранее предсказал почти всё, что произойдёт в фильме. А финал совсем никудышный. Вроде создатели хотели что то закрутить, придать интерес концовке, но в итоге начудили и получилось не пойми что.  Сцены боёв отвратительны. Просто смешны и нелепы. Даже опуская хромающую на обе ноги графику, всё очень плохо. Сыграно без души, актёры такое ощущение просто мучаются на съёмках. Келлан Латтс на время съёмок в фильме был ещё никому неизвестен, и такой паршивой ролью очень сложно сделать себе имя. Вяло и очень криво играет. Но вот КАК? удалось заманить на роль в фильме такого потрясающего актёра как Сэмюэль Л. Джексон  вообще непонятно. Его злодейский персонаж с натяжкой назовём неплохим, по крайней мере на фоне остальных, но с такой постановкой можно легко начать деградировать. Также в фильме приняли участие ряд актёров средней руки, чередующих роли в сериалах и эпизоды в большом кино: Джонни Месснер, Джеймс Римар, Дэниэл Дей Ким (кореец из Остаться в живых) и Нина Добрев (Елена из Дневников вампира).   Так стоит ли смотреть ЭТО? Нет, ни в коем случае. Пощадите свои нервы и тратьте время на такую убогую постановку.  2 из 10	Полный отстой	0
93	2019-03-30 09:30:00	Трезвый водитель	0	2	Уникальный случай. Наверное, единственный фильм, во время просмотра которого (в кинотеатре) мне хотелось встать и выйти из зала. Желательно в окно. И да, это была где-то 15-ая минута. Дальше лучше не стало.  Сюжет. А есть ли он вообще? Да, есть. Но если бы его не было, а фильм представлял бы собой склейку из 3-4 скетчей на тему проституции, автомобилей и пикапа, мало бы что изменилось. Хотя нет, стоп. Мне пришлось бы терпеть это не полтора с копейками часа, а минут 20.   В таких простеньких (это самая лестная оценка, которую я могу дать) комедиях всегда хорошо работал приём доведения обыденных и банальных ситуаций до критического абсурда. Потрать сценаристы чуть больше времени и пропиши такие моменты чуть лучше (эх, сколько можно было придумать реально смешных или идиотских причин, откуда у девочки Porsche), это, конечно, не сделало бы фильм лучшей комедией в истории этих 15 минут, но сделало бы его просмотр хотя бы капельку интересным. По итогу мы имеем сюжет, в котором мотивация персонажей раскрывается причиной «потому что гладиолус», а сами персонажи прописаны настолько плохо Нет, они не прописаны вообще. Вот девочка, вот вторая, подруга. Вот парень, вот его друг. Одни бухают, другие таксуют. Все. Это все раскрытие персонажей, которое можно найти в ленте. Но о героях ниже.  Персонажи. Такое ощущение, что актерам было ничуть не веселее сниматься в этом шедевре кинематографа, чем мне его смотреть. Весь актерский состав выглядит помятым, незаинтересованным и категорически сонным. Двоим из них было настолько плохо, что они умудрились поспать прямо по ходу сюжета.   С эмоциями у всех героев тоже капитальные проблемы. Мой кот спросонья активнее реагирует на окружающую среду, чем здешние персонажи. Была одна сцена поцелуя, и, такое ощущение, что в момент репетиции дубля случайно включили камеру, а потом забыли перезаписать.  Итог. Хотелось написать ещё что-то, но я как представил, что у себя в голове мне придётся ещё раз прокручивать сцены из этой волшебной ленты  2 из 10. 1 балл за красный Cadillac, и один за Porsche. Если бы я выбирал любимых персонажей, эти двое были бы моими фаворитами.  А если серьезно: не смотреть ни под каким предлогом.	Фильм без сюжета, комедия без юмора	1
94	2019-03-30 01:56:00	Мы	0	3	Дебютный фильм режиссера Джордана Пила «Прочь» получился на удивление добротным ужастиком/триллером: остросоциальным, интригующим, простым для восприятия и одновременно сценарно грамотным. Впечатляющие кассовые сборы, любовь зрителей и критиков, 4 номинации на Оскар (победа за «Оригинальный сценарий»). Чувствовалось, что фильм очень «режиссерский» и продуманный. Ну как после такого успеха не ожидать повторения банкета? Признаться, и я ждал, но какого же мое разочарование! Изложу свежие впечатления прямиком из кинотеатра. До просмотра фильма трейлеров не смотрел и даже синопсиса не читал.  С первых же кадров, относящихся к 1986 году, нам дают понять, что на этот раз события фильма будут более масштабными, намекая на некие «бесконечные подземные тоннели» на территории США Морально я уже начал готовиться к чему-то вроде «Метро 2033», но благо в центре повествования оказалась простая чернокожая семья. «Отлично»  подумал я. Один раз режиссеру уже удалось снять прекрасный фильм, построенный на чернокожем персонаже и проблемах черного населения. Стало быть, автор снова в своей теме. Но воодушевлению скоро пришел конец, ибо как же начало фильма бездушно затянуто! Прежде чем на экране вовсю развернется действительно интригующая и вызывающая уйму вопросов чертовщина, главные герои успеют утомить вас своими бессмысленными словесными перепалками и ничем непримечательным семейным бытом. Один вопрос все не покидал меня: «О чем же будет этот фильм?». В «Прочь» всё было выложено с самых первых кадров (чернокожего парня похищают в типичном районе «для белых»). Этот же фильм так мой вопрос и не разрешил.  Стоит отдать «Мы» должное: как только начинается главное действо, от экрана действительно совсем не хочется отрываться. Но чем дольше оно длится и чем дольше пытаешься хоть что-то осмыслить  тем больше разочаровываешься. Злодеи и вся ситуация начинают вызывать все больше вопросов и непонимания и в конце концов просто перестают не то что пугать, а вообще держать в напряжении. Зритель быстро понимает, что с главными героями ничего фатального не случится, ибо злодеи то ли просто безмозглые зомби, то ли до полного помрачения рассудка какие-то супер изощренные маньяки с некой абстрактной целью. Их цель так и осталась для меня тайной, даже после классического монолога-исповеди «глав-гада». Тут и какой-то мутный «мировой заговор» и личная вселенская обида, и нелепый финальный твист, который кроме ухмылки у меня ничего не вызвал. «Что же в конце-то концов хотел сказать автор своими синими занавесками?!» и радость, что вся эта мешанина закончилась  мои финальные эмоции при титрах.  Я вполне допускаю, что просто «ниасилил» этот фильм из-за незнания Американских реалий, неактуальности затронутых для меня тем и просто недостаточной эрудиции. Но черт возьми! Первый фильм Джордана Пила затронутыми темами так же был далек от просто русского человека, но держал своей подачей, отличной атмосферой и сопереживанием за главного героя. Тут же просто пшик И при всем при этом чувствуется, что фильм снимал все тот же талантливый режиссер: местами прорезается уместный юмор и та самая оригинальная режиссерская подача.  Как итог: и не фильм ужасов, и не социальный комментарий, и не фантастика. Общая безыдейность, штампы и чувство недосказанности в перемешку с непониманием. Балл за актерскую игру, балл за быстро улетучившуюся интригу и балл за проблески режиссерского таланта.  3 из 10	Второй блин комом	0
95	2019-03-30 01:50:00	Между нами горы	1	3	Фильм полностью разочаровал. Создатели попытались работать на стыке жанров  мелодрама и фильм о выживании. То ли это довольно сложно сочетать такие разные жанры, то ли это просто такая корявая попытка (к чему я склоняюсь больше), но не получилось ни то, ни другое.  В слогане фильма и в описании заостряется, что попавшие в бедствие двое  незнакомцы, следственно это должно создавать сложности. Строго говоря  да, Бэн и Алекс незнакомцы, но это ничуть не чувствуется. Они не то чтобы враги, вынужденные быть вместе, чтобы выжить, но между ними даже толком и разногласий нет. Так, 2-3 раза вначале сказали «ласковые» слова и не более. В дальнейшем они говорили обычно мирно и полюбовно. От этого фильм становится скучным.  Также хотелось отметить, что само выживание оказалось совсем несложным. Они просто шли вниз, и за них почти не переживаешь. Опасность была показана всего 2 раза  пума (которая появилась всего на минуту), да как Бэн почти сорвался. И всё  не показано толком, что такое мороз, голод, страх, безысходность, дикие звери, переохлаждение, болезни.  А конец  это весьма заезженный приём в любовных повестях. По сути, конец ничуть не интригует, уже заранее знаешь конец.  Итог. От силы можно похвалить за красивые виды, вполне терпимую игру актёров, спецэффекты, в остальном фильм полностью пустой. Из чего-то похожего, но намного лучше, могу посоветовать такой фильм как «На грани» (1997 г.)  там тоже выживание двух героев в условиях холода и взаимоненависти.  3 из 10	Разочаование	0
96	2019-03-30 01:21:00	Бабич	0	0	Какой странный фильм. Ничего не раскрывает, не рассказывает историю. Все непоследовательно, рвано. Один эпизод не связан с другим. Поступки героев ничем не обоснованы. Сначала сражается против большевиков, обзывая их лгунами, а так же обливая их тоннами помоев. Потом присоединяется к ним, внушая людям что красные молодцы  гасят буржуев, за народ и все такое. Как только большевики объявляются хорошими  начинают расстреливать всех направо и налево. Как получилось, что последовал кадр с гг, который только расхваливал большевиков. Следующий эпизод идет к ним на убой. Как? Зачем? Почему так получилось  какая разница. Как герой переубедился  непонятно. Главное раздуть национальные чувства, поиграть на них  и подсовывай всякую дичь. Зачем стараться? Герой изображен ну таким неадекватом, что как и любой псих несет всякую ахинею. Обращаюсь к авторам столь потрясающего шедевра  раскрыть характер поэта и делать из него идиота разные вещи. Вряд ли Бабич был идиотом со стеклянными глазами бормочущим всякую чушь. Отражение исторических событий  нулевая. Потратив 2 часа на тот фильм, на замечательное повествование и мужественно терпя бревновую игру актеров, корчащих из себя непродуманных плоских персонажей  ты не узнаешь ничего. Никакой истории. Естественно никому не объясняется что такое автономия, какая разница им Держу пари  авторы совсем не работали с документами. У них в голове нет никаких знаний о том периоде, и лишь собственные больные фантазии. Фильм впустую тратит время зрителя и не дает ничего. Короче, бездарщина и говнище.	Оказывается это еще тот неадекват,	0
97	2019-03-30 00:54:00	Дракула 3D	3	5	Граф Дракула! Да, это я  (примерно 24-ая минута фильма)  Дракула 3D  Сразу же Оскар за «гениальные» диалоги. Через пару минут они испоганят культовую сцену  «дети ночи, что за музыка», нет слов. Поздравьте меня, пожалуйста, я нашел самый отвратительный фильм про графа Дракулу. Понимаю, что существует огромное кол-во различного дешевого трешака (порно-версия Дракулы, например), но Ардженто вроде бы снимал серьезное кино. Даже в Канны зачем-то возил, видимо на правах культового режиссера.   Я не оспариваю былых заслуг Ардженто. Когда-то он показывал реально интересный джалло-хоррор. Но это было давным-давно (70-ые, 80-ые). В 21 веке, режиссер состарился и окончательно потерял связь с талантом. «Дракула 3D» подтверждает мои слова. Его больно смотреть. Сцена за сценой. Герой за героем. Ардженто разрушает все, к чему прикасается.   Вы ругаете Такеши Китано, якобы его «Беспредел» проигрывает ранним криминальным фильмам. Ругаете Эмира Кустурицу, ругаете Романа Полански и др. Конечно, они сбавляют обороты крутизны, но Ардженто выставил себя на посмешище. Да, я ругал предыдущий фильм под названием «Джалло» с Броуди. «Дракула 3D» открывает новый уровень деградации Ардженто. Картина заслуживает минимальную оценку. Кол.  Без смеха, вот настолько все плохо. Брэм Стокер гремит костяшками. Извращение над романом, извращение над жанром ужасы, извращение над графом Дракулой. Какие-то компьютерные мультяшные животные. Какие-то большие зеленые богомолы (в прямом смысле слова). И не нужно оправдывать Ардженто, типа хотел поиграть с 3D модой. Он отснял практически двухчасовой (!) фильм, ничего себе. Адская постановка.  Глаза болят от кислотного визуала. Стремная картинка. Чересчур яркие невменяемые тона. Поведение всех героев за гранью маразма. Неоправданно кровавые моменты (я еще могу  нет, Дарио, успокойся). А в качестве бонуса  сиськи родной дочери Азии (мы все смотрим Дракулу из-за сисек, конечно же) и Рутгер Хауэр в роли Ван Хельсинга (Господи, зачем ты на это подписался).   Стыдно, пошло, мерзко. Не рекомендую. Лучше «Феномен», лучше «Птицу с оперением», лучше все остальные экранизации Стокера. Меня изнасиловали, как киномана. Мне не понравилось. За богомола накину полбалла, а-ха-ха. Истерика! Держитесь подальше от данного эпоса, умоляю.   1,5 из 10	Мои фильмы из помойки!	5
98	2019-03-29 21:40:00	Т-34	1	1	В один из дней премьеры «Т 34» увидел в новостях интервью зрителей возле залов кинотеатров. Все хвалили этот фильм за правдоподобность, зрелищность, бережное отношение к истории ВОВ. Я был заинтригован, искренне надеялся, что фильм получился хотя бы нормальным. Посмотрев фильм дома, уже после премьеры, убедился, что в Российском кинематографе все на своем месте, все также плохо и убого. Меньше всего хотел увидеть в фильме про советских танкистов Матрицу и кроссовер Реальных пацанов и Полицейского с Рублевки, а именно это и показано в фильме. Очень много слоу-мо, считаю, что это было не нужно совсем. Режиссер скорее всего стремился показать войну в первую очередь хипстерам и поколению айфонов, поэтому все выглядит слишком современно, как будто Гриша Измайлов и Антон Богданов в перерывах между съемками в своих сериалах переоделись в военную форму и начали изображать воинов красной армии, при этом не выйдя из своих сериальных образов. Саша Петров играет одного персонажа уже лет 5. Меняются только локации и одежда.   Сюжет фильма неубедителен, примитивен, вторичен и нелеп. Алеша Сидоров перестарался с экшен сценами, хотя и выглядят они неплохо, но все же местами фантастичны. Любовная линия была лишней в фильме, можно было обойтись без нее и вообще сделать сугубо мужской фильм. Но сейчас видимо так никто не делает, поэтому мылодрама должна быть везде. Смотря на экипаж тридцать четверки мне было обидно за танк. Актеры не понимали как играть танкистов священной войны, не доигрывали, характеры персонажей не раскрыты. Очень неприятно, что многие будут отдавать преимущество этому современному фильму, пренебрегая советскими фильмами о войне, и что более страшно верить ему, этой сказке про игру в зарницу.   Единственный плюс у фильма это песня «Бери шинель, пошли домой», но считаю оскорблением вставлять эту святую песню в это вторичный шлак.   1 из 10 за песню и красивые съемки.  P.S. если хотите посмотреть фильм про настоящих доблестных танкистов, смотрите фильм «Жаворонок» 1964 года. Это настоящий фильм про войну, про героев, которые отдали свои жизни, борясь с фашистской гадиной. Не оскорбляйте память прадедов и дедов, они отдали свои жизни, чтобы их близкие жили счастливо. Не смотрите этот бред, а если посмотрели, не верьте, мой вам совет.  Светлой памяти всем, кто сражался на этой кошмарной войне против немецких оккупантов и не дожил до этих дней. Крепкого здоровья всем ветеранам, этим золотым людям, которых считаю главной гордостью России. Дай вам бог всего самого лучшего, спасибо вам мои дорогие!	Война глазами хипстеров	10
99	2019-03-29 19:54:00	Мы	0	0	После феноменального успеха «Прочь», от нового хоррора Джордана Пила ожидаешь как минимум не меньшего. Большего  фильма ждали слишком многие. Возможно, именно из-за этого объективно оценивать «Мы» трудно, уж очень высоки были ожидания. Режиссер в этом «виноват» исключительно сам, оглушительным успехом своей прошлой картины он поднял планку до заоблачных высот. К сожалению, в этот раз дотянуться до неё не вышло.  Оценивать картину без спойлеров проблематично, но тем не менее. «Мы»  это кино в духе времени. Выспренный, идеально-конформистский, но при этом безукоризненно снятый хоррор, в котором слишком мало хоррора и слишком много политики. Джордан Пил в этом смысле полностью соответствует духу времени, разве что в «Прочь» всё это происходило не в ущерб сюжету, а здесь Впрочем, каждый зритель судит по-своему.  В процессе просмотра неизменно возникают маленькие, казалось бы незначительные детали, которые только подчеркивают настроение фильма. Вот белый работник в парке аттракционов выдаёт девочке майку альбома «Триллер», вот белая подруга главной героини намекает на недавнюю пластику лица, вот белый мужчина выходит ночью на шум возле своей машины  Кажется одного номинанта на «Оскар» мы уже имеем. Время такое.	Мы? Они!	0
100	2019-03-29 18:55:00	Большая перемена	3	1	"Закидайте меня тапками, но я совершенно не понимаю всенародной любви к этому недоразумению. Затянуто, скучно, неоправданно. Слишком заказной, слишком ненатуральный, неинтересный и непоучительный.  Главный герой действует как манипулятор, причем не особенно-то и успешно, если поместить его в реальные жизненные обстоятельства. Что за странное стремление перелить именно свою кровь?   Я весь фильм пыталась поставить себя на место тех, для кого это все  ностальгия.   Но в других фильмах об этом времени показана реальность. А здесь искусственный шаблон, не выдерживающий критики.  Ничего милого я не вижу ни в Полине, ни в супруге Ганжи (любой мужик уже бы сбежал от такой «мамочки», измеряющей все оценками).  Ничего мужественного ни в ком из мужских героев, разве что здравое решение послать к чертям Полину, отпустить эту нездравую влюбленность со стороны Федоскина.   Собрали великовозрастных и незрелых притом детей. За которыми ходят и порицают, порицают, порицают. Проблемы из ничего (урок на 10 минут раньше, вот, трагедия же).   Понравился начальник Леднёва, его ответ работникам по телефону был единственной здравой мыслью:"" нянек за вами нет. Вот, всем героям этого и хотелось пожелать, чтобы без нянек справлялись и стали самостоятельными.   Женщины поголовно, взбрыкнув на время, возвращаются к тем, кто обманул их надежды, кто никак не исправил своих ошибок. Нипочему. Просто от большой любви.  Увы и ах.   Простите все влюбленные в этот фильм. Я обожаю советские фильмы, но не этот.  1 из 10"	Увы.	1
101	2019-03-29 17:00:00	Власть	3	6	Вчера наконец-то посмотрел фильм «Власть» с Кристианом Бейлом в роли Дика Чейни, и, скажу честно, у меня сложилось весьма странное ощущение от того, что я увидел. Сейчас объясню о чем я. Давайте по порядку.  Как фильм, на мой взгляд, «Власть» вышла очень не ровной, ну то есть в фильме есть очень крутые монтажные решения, там есть необычные визуальные метафоры, там есть очень смешные нетривиальный шутки, ну и конечно превосходный актерский состав. Но не смотря на все эти плюсы фильм портит скомканность и сумбурность. В идеале конечно не плохо было бы превратить его в сериал, чтобы была возможность рассказать всю историю политической карьеры Чейни. И режиссер МакКей не зря пытается показать все с самого начала, потому что благодаря этому, мы видим Дика в разные периоды его жизни, мы начинаем хоть немного понимать, что он за человек и как он пришел к тому к чему пришел. НО  все это очень рвано и зачастую ты, как зритель, не понимаешь, что в данный момент происходит на экране и почему тебе показывают именно это.  Но самая слабая часть картины, на мой взгляд  это момент, когда Чейни, вроде как, организует всю эту бучу с провокацией, которая в итоге привела к войне в Ираке. Мы, мягко скажем, абсолютно не понимаем его мотивов, ну вот прямо вообще. Он это сделал для народа Америки? (как заявляет об этом в самом конце картины). Всему виной личные амбиции? Он хотел оставить хоть какой-то след в истории? Или все дело в деньгах и нефти?  У меня такое ощущение (можете назвать меня конспирологом), что этот фильм просто пытается свалить всю вину на амбициозного вице-президента, понятное дело, что Чейни не лыком шит, но все же. Я думаю, что причин начать войну в Ираке было куда больше, и лиц, заинтересованных в ней, тоже было куда больше. Короче, мы получили псевдоправду, ну или полуправду, понятное дело, что фильм  это не документальная хроника, но все же странно, однобоко и неправдоподобно.  И, блин, не знаю, замечали ли вы, но практически каждый год на «Оскар» номинируют фильм подобного характера, в прошлом году это было «Секретное Досье» Спилберга (я его посмотрел, и мне даже понравилось). В 2016 «Игра на понижение» того же МакКея (кстати, мне это кино тоже понравилось). И все из них вроде как рассказывают про скандальные правительственные тайны USA govермента, но говорят ли они нам хоть толику правды? Или это такая свобода слова, которая нам на самом-то деле ничего толком не рассказывает? Да черт его знает, просто, как-то задумался.  6 из 10	Нужно больше власти!	1
102	2019-03-29 16:52:00	Оз: Великий и Ужасный	1	3	Сей шедевр современного кинематографа вышел на большие экраны уже давным давно. И, по правде говоря, я, скорее всего, уже и не вспомнила бы о его существовании, если бы не наткнулась случайно на него совсем недавно при переключении каналов телевизора. Это-то и всколыхнуло в моем сознании те «прекрасные» эмоции, вызванные у меня «Озом» при просмотре в кинотеатре, которыми я сейчас хотела бы поделиться.  Все достоинства этой картины исчерпываются невероятно красивой, яркой и восхитительной графикой. Да, пейзажи, спецэффекты и прочие внешние атрибуты фильма на высоте. А вот с сюжетной составляющей дела обстоят куда хуже. Тут уж можно придираться, можно нет, но лично меня привлекают фильмы, где главные герои располагают хоть какими-то достойными моральными качествами, которые побуждают им сопереживать и болеть за них. Может быть, поэтому мне не слишком по душе фильмы про ограбления, аферы и воровство, если, конечно, объектами обозначенных деяний со стороны главгероев не выступают ещё более отмороженные негодяи. Но даже если и допустить, что персонажи идут в начале действия по такому пути, есть масса примеров, где в итоге они меняются в лучшую сторону (взять того же Флинна Райдера из «Рапунцель» или Аладдина), отчего становится понятно, что безнравственные поступки, по сути, являлись лишь оболочкой, скрывающей отвагу и доброе сердце.  Что же мы видим здесь? Перед нами история знаменитого Оза, хорошо знакомого нам из «Волшебника Изумрудного города», о его пути от фокусника из Канзаса до «великого и ужасного» волшебника. Так что, может мы с вами увидим историю человека, который никак не может найти своё место в жизни, но отчаянно стремящийся доказать окружающим что он чего-то стоит, и, в конце концов, понимает своё предназначение? Забудьте! Мы видим историю обыкновенного шарлатана, не обладающего какими-либо достойными качествами, живущего лишь ради материальных ценностей в виде славы и богатства и не скупящегося на откровенное использование людей направо и налево за счёт своей смазливой мордашки и «нечеловеческого» обаяния. Редко когда в фильмах с первых же секунд главный герой вызывает у меня такое стойкое отвращение, которое ближе к концу лишь усиливается. Для меня было очевидно, что герой Джеймса Франко уже давно насквозь прогнил, и даже его последующие мало мальски героические поступки уже вряд ли оправдают его предыдущие действия. Все его якобы благородные и честные намерения, которые он демонстрирует начиная с середины фильма, просто смердят фальшью и притворством, поскольку, очевидно, служат лишь прикрытием его подлой и трусливой душонки.  Все мои рассуждения можно подкрепить конкретными примерами из фильма  второстепенными персонажами. Да-да, все они в стране Оз представляют собой альтер-эго тех личностей, с которыми так или иначе взаимодействовал наш «волшебник»: обезьянка  его верный помощник, фарфоровая кукла  девочка-инвалид и т. д. И, конечно же, три колдуньи, с которыми поочередно знакомится наш герой. С их-то помощью и проявляется вся его мерзкая сущность во всей красе.  Начну, пожалуй, по очередности знакомства с конца. Глинда в исполнении Мишель Уильямс (она же  Энни, верная подруга Оза в нашем мире)  наверное, единственный человек, перед которым герою не приходится притворяться. По всей видимости, она олицетворяет собой все то хорошее, что якобы осталось в герое Франко (к слову, все мои претензии не в адрес самого актера  с ролью он справился хорошо, тем более, если его персонаж вызывает столько эмоций, пусть и отрицательных). Хотя то, что она одобряет враньё и притворство псевдоволшебника, ставит и эту теорию под сомнение. Хотя, в целом, она вызывает симпатию, и к самой Мишель никаких претензий нет, но и ей в этом фильме далеко до Рейчел Вайс в роли Эваноры. Мало того, что ее актерская игра меня не оставила равнодушной, так ещё и то, что ее героиня воплощает, по сути, все пороки главного героя, главный из которых  безудержное стремление к материальным ценностям (вспомните хотя бы, с каким щенячьим восторгом он бросается в горы золота), для меня не оставило никаких сомнений, что, сколько бы он ни притворствовал, прикрываясь завесой благородства и чистоты души (клянусь, я безумно ждала, что Оз таки врежется в волшебную стену, пропускающую только тех, кто «чист душою», ведь он даже сам понимает, насколько у него она гнилая, когда вопит «мне точно конец!»), сущность его останется прежней.  И, наконец, Теодора в исполнении Милы Кунис. Вот кого мне было реально жалко весь фильм и за кого я болела по-настоящему! Как я понимаю, Теодора олицетворяет собой всех девушек, чьи сердца за всю свою жизнь опытный ловелас разбил без зазрения совести. У него ничего не шорохается в душе, даже когда его пытается образумить обезьянка, взывая к остаткам этой самой совести, или когда он видит уже обезображенную ведьму  он испытывает лишь отвращение, а не сожаление. По сути, перевоплощение Теодоры выглядит как то, что происходило с несчастными женщинами  чистая, наивная, светлая душа, которую растоптали, поматросив и бросив, тем самым изуродовав. Скажу честно  прекрасно понимая, что подобного чуда не произойдёт, я все равно искренне надеялась, что бумеранг все же вернётся: что Теодора накажет бессовестного повесу, отомстив тем самым за всех представительниц прекрасного пола, чьим доверием он когда-то нагло воспользовался.  И в чем же, интересно, посыл фильма, в котором герой, не обремененный достойными душевными качествами, забирает все лавры, а та, кто на себе испытал тяжесть предательства и разбитого сердца, преподносится как злодейка и негодяйка? Опять же, в «чудесное» перевоплощение главного героя я, цитируя господина Станиславского, «не верю!», от слова совсем. Тем более, что он, по итогу, остаётся абсолютно безнаказанным, никакого справедливого возмездия так и не происходит. Да, пусть друзья Оза, которые действительно проявили себя с лучшей стороны, получают заслуженную награду. Но в остальном все наоборот  а финал так просто пестрит несправедливостью! Не представляю, как можно высоко оценивать фильм, в котором главный герой  мерзавец, обманщик и шарлатан  непонятно с какой стати становится счастлив, а та, кому ни за что ни про что были причинены страдания и боль, получает незаслуженное наказание и в итоге остаётся ни с чем.  3 из 10  За красивую картинку.	«Я не волшебник!  Но им это не известно».	1
103	2019-03-29 16:17:00	Любовь, смерть и роботы	83	0	Когда казалось падать уже некуда, Netflix прошиб дно кинематографа.  Весь сериал построен на низших человеческих инстинктах. По замыслу создателей, чем больше крови, смачных ударов от которых разлетаются кишки, секса и извращений, тем лучше. Они оказались правы, многим это пришлось по вкусу. Короткие серии с большим количеством насилия и высокой детализацией персонажей впечатлили людей. В каждой серии присутствует одна банальная мысль. Мысль не новая, но помещенная в такой видео ряд стала вдруг интересной, и даже философской.  Последнее время и так пользуются популярностью фильмы со слабым сюжетом, но красивыми спец. эффектами. В этом произведении создатели пошли еще дальше: зрелищность за маленький промежуток времени. И готов шедевр.  Я посмотрела 3 серии, уверена, что остальные сделаны по тому же принципу воздействия. Досматривать нет желания. Ни уму, ни сердцу этот сериал ничего не даёт, но если вы хотите погрузиться в мир полный жестокости и злой иронии, откусить «запретный плод» то вам сюда. Хотя этот «плод» всего лишь банальное червивое яблоко.  Людям постепенно требуется все больше и больше, что бы получить свою дозу адреналина. Если раньше вид крови вызывал содрогание и ужас, то теперь этого мало, нужно по максимуму напичкать фильм насилием и сексом. Вот и весь секрет этих «философских» историй.  Никому не рекомендую для просмотра.	Насилие, секс и роботы	12
104	2019-03-29 14:28:00	Проклятие: Кукла ведьмы	2	0	Предположим, в сняли очередной мистический фильм про проклятую ведьмину куклу. У вас три слова (по алфавиту): Ведьма, Кукла, Проклятие. Математика подсказывает, что у вас есть шесть вариантов расставить эти слова  и каждый раз будет славное название. Кукла: Ведьмино проклятие. Ведьма: Проклятие куклы И так далее. Среди прочих вариант «Проклятие: Кукла ведьмы» не лучше и не хуже. Пусть будет.  После фильмов про «Заклятие» и «Аннабель» трудно сказать что-то новое в жанре. Авторы данного образца решили не заморачиваться и создали стандартный зачин: идет война, героиня с дочерью поселяются в пустующем доме, где все время хлопают двери и слышатся чьи-то завывания. Хозяин дома убеждает их, что все в порядке, но ключей от одной из дверей не дает. Вскоре девочка находит куклу столь ужасную, что волосы дыбом встают, но мама позволяет ей с ней играть. А потом девочка пропадает в лесу.  Примерно в этот момент авторы решили, что сюжет получается слишком банальным, и ровно посередине фильма (я проверял по хронометражу) развернули историю на полном ходу на 180 градусов, решив, что теперь они снимают не очередную «Аннабель», а очередной «Остров Проклятых». Что ж, креативность  это прекрасно, но две половины фильма стыкуются друг с другом так плохо, что главная героиня просто пропадает из сюжета. Да-да, последние минут тридцать вы ее вообще не увидите и не узнаете о ее судьбе. Хочется развести руками и спросить: «А что, так можно было»?  Еще одно интересное свойство фильма  новые персонажи в нем могут появиться в любой момент. Это только дилетанты представляют всех героев в первой трети фильма  тут один из главных героев появляется ближе к середине, и еще один  ближе к концу.  Но и этого авторам показалось мало, и они решили закончить фильм ударным эпилогом на двенадцать минут. Уже в наши дни молодые блоггеры влезают в «тот самый» дом и находят «ту самую» куклу. По сути, получился уже третий фильм, вообще никак не связанный с первыми двумя.  А что же страшная кукла  спросите вы. Что она делает? Она поворачивает голову. Скрипя. Всё.  Отдельно хочется отметить работу художников. Точнее, ее отсутствие. Хотя действие происходит в заброшенном особняке, герои находятся в комнатах с пустыми голыми стенами, или снимаются на фоне полной темноты. Ни книжного шкафа, ни окна, ничего, за что хоть глазом можно зацепиться. Очевидно, понимая это, сюжет норовит «сбежать» в лес  там хоть есть живая фактура в виде деревьев. А фильтром можно сделать его хоть мрачным, хоть веселым.  Учитывая все эти вопиющие недостатки сюжета, можно только посочувствовать исполнителям главных ролей  Хелен Кревел и Филип Риду. Кревел достоверно играет убитую горем мать, которой никто не верит, а Риду изображает непроницаемого англичанина, за непробиваемой внешностью которого может крыться как друг, так и враг. Интересно, что при своем зрелом возрасте в кино они пришли только в 2015 году. Интересно узнать у них, что их привело в кинематограф, и конкретно в фильм «Ведьма: Куклино проклятие» точнее «Проклятие: Кукла ведьмы»	Я знаю три слова	2
105	2019-03-29 10:22:00	Хэллоуин	1	4	Ни для кого не секрет, что классический Хэллоуин Джона Карпентера вышел аж в 1978 году, и вот минуя все сиквелы-приквелы в 2018 году Дэвид Григ выкатывает на суд общественности прямое продолжение классического Хэллоуина.   Эта рецензия некий туториал для тех, кто любит ужастики, но пропустил оригинальный фильм 78 года, и теперь хочет ознакомится с прямым продолжением оригинала. Несомненно, такие люди есть, в этой рецензии я попытаюсь объяснить, почему на этот фильм не нужно тратить своё драгоценное время.  Стоит сказать, что я не смотрел классический Хэллоуин, но так уж получилось, что я в курсе всех событий данной вселенной, так что могу трезво и не озираясь на 1978 год оценить эту кинокартину.  Начинается все очень стандартно для классических фильмов данного жанра. Есть маньяк Майкл, есть Лори, роль которой играет все та же Джейми Ли Кёртис, и ее семья. Как не трудно догадаться, Майкл хочет убить Лори и всех кто встанет у него на пути. Однако, есть одна маленькая загвоздка. Майкл находится в лечебнице, и что бы воплотить свои планы в жизнь решает сбежать оттуда. Аж через 40 (!!!) лет. Понятное дело, что авторы решили подвязать этот временной промежуток к событиям 78 года, но в истории 2018 года это смотрится очень коряво и неуместно.   Вообще, смотря картину вы не увидите не то что бы никаких неожиданных (насколько это возможно для хорроров) поворотов сюжета, а даже попыток сделать это. Фильм настолько предсказуем, что это одно большое клише. Нет, не так. Это- КЛИШЕ. Серьезно, по ходу просмотра угадываются 100% действий персонажей и поворотов сюжета.   Погрузиться в атмосферу Хэллоуина решительно не получается, так как от безграничной, непробиваемой тупости персонажей картины хочется биться головой в монитор, а потом вздёргивать руки вверх с криком: «Why?!». Такое ощущение, что абсолютно всем героям картины перед тем как выпустить их на арену с маньяком провели лоботомию, так как ни одного вразумительного действия я не заметил. Чего стоит только этот цирк с подвалом у Лори в доме. Авторы картины настолько не умело вешают ружья Чехова в своей ленте, что просто диву даёшься, когда в конце фильма ни одно из них так и не выстреливает. Например, нам расскажут, что у Карен, дочки Лори, было очень суровое детство, как мать готовила ее к неминуемой встрече с Майклом, проводя жёсткие испытания для своей дочери. И что в итоге ? Угадайте, нам покажут хотя бы частичку ее суперподготовки, из  за которой она лишилась счастливого детства? Нет. Карен- это классическая истеричная женщина в лентах данного типа, абсолютно не обременённая интеллектом.   На других героях вообще не хочется заострять внимания, так как в большинстве своём они все статисты.   Актерская игра  это отдельная тема фильма. Хочется отметить разве что Кёртис, она хотя бы пыталась более-менее вразумительно отыграть свою роль, у остальных же персонажей игра настолько плохая, насколько это вообще возможно.  Как таковой музыки в фильме я тоже не заметил, хоть она и является неотъемлемой частью для погружения в атмосферу кино. Зато замечаешь как создатели прямо в лицо и уши тычут тебе заглавной темой Хуллоина. «Вот, ты слышишь, слышишь? Мы сняли новую ленту с этой музыкой. А сейчас слышно? А сейчас? Мы пробудили в тебе ностальгические чувства?» Это начинает нереально раздражать уже в к середине просмотра, такое ощущение, что только этот рингтон завезли в картину.  Единственное, что мне понравилось в фильме  это одна довольно таки неплохо снятая сцена длиной в несколько минут без монтажных склеек. Увы, это все за что хочется хвалить.   Очевидно, что фильм пытался сыграть на чувствах фанатов к классике, и довольно успешно это сделал (при бюджете в $10 миллионов сборы составили $250 миллионов).  Подводя итог, хочется сказать что Хэллоуин 2018 года  нереально тупой, фантастически скучный и абсолютно не страшный хоррор. Он не привносит ничего нового в жанр ужасов. Фанаты Майкла Майерса фильм и так заценят, ну а простые любители ужастиков могут смело пропускать эту ленту, потому что ни новых ощущений, ни эмоций она вам не даст.   Смотрите хорошее кино.  4 из 10	Майкл к нам приходит	0
106	2019-03-29 01:26:00	Временные трудности	1	0	Хочется сразу сказать, что в этом фильме красной нитью прошла идея «Бьет  значит любит»  лейтмотив российской действительности. Создатели фильма нам говорят про какой-то контекст времени, который исключал какую-либо адекватность по отношению к болезни главного персонажа. А болезнь (ДЦП) неизлечима. Чтож, с этим сложно не согласится, ведь и правда в СССР «инвалидов не было»: их скрывали, для них не было создано никакой инфраструктуры, но с тех пор мало что поменялось, к сожалению.   Идея фильма, в принципе, не плохая, но почему из всех возможных вариантов, нам показывают именно этот? Где отец издевается над ребенком, заставляя его делать то, что он не в состоянии сделать. Для него ДЦП  это не болезнь, а так  детское упрямство, как будто специально мальчик не хочет ходить ходить, завязывать шнурки и держать ложку прямо. Ответ от создателей опять же удивляет: нет, он не издевается над ним, на самом деле так любовь свою проявляет. И вроде как, идея-то хорошая  нужно бороться, перестать себя жалеть, двигаться вперед и не требовать к себе жалости, чтобы чего-то добиться,  но подана она ужасно. Здесь это не работает метод кнута, потому что это ДЦП! Если почитать истории о том, как люди боролись с этим неизлечимым недугом и сглаживали физические отклонения, то ни в одной из них не будет того, что есть в этом фильме! Долгие реабилитации, лечение в больнице, куча нервов, сил и денег, потраченных только для того, чтобы облегчить проявления болезни, но не вылечить их полностью. А получается так, что всех детей с ДЦП, которые лечатся в больницах в неврологии можно вылечить с помощью морального насилия показанного в данном кино. Заставить делать то, что они физически не могут. И создатели искренне верят, что все получится, если сильно захотеть. Может тогда людей с полным параличом после инсульта срочно выписать из больниц и бросить в лесу  кто выйдет из леса на своих двоих  тот больше всех хочет жить. Именно такой вывод напрашивается после просмотра данного фильма. Поэтому очень сложно оценивать сюжет, который несет в себе сцены физического и морального насилия, а некоторые заезженные сюжетные линии, явно подсмотренные у голливудских фильмов, не только не добавляют драматичности, а только еще больше раздражают.  Игра актеров в целом не плохая. Особенно хочется выделить Илью Рязанова и Риналя Мухаметова. Илья сыграл так, что ему хочется сопереживать, Риналь же показал всю бурю эмоций и в целом отлично показал пластику человека с парализованными конечностями. К сожалению, больше этот фильм похвалить не за что.  Что можно сказать на по следок: очень жаль, что фильм имеет такой высокий рейтинг в России по-сравнению с рейтингом на иностранном сайте IMDb. Потому как это показывает насколько наши люди не готовы принять правду, что насилие в любом его проявлении  не допустимо, даже, если оно якобы направлено на благо. В целом данный фильм имеет место быть, если изначально определить жанр, как «фантастика» и не ссылаться на каких-либо личностей, на жизни которых якобы основан данный фильм, потому как все это ложь от начала до самого конца. Неужели зрителям, так нравится обманываться тем более за свои же деньги? Мне бы очень хотелось, чтобы подобного рода фильмы не выходили, потому что они ничему хорошему не учат и не показывают, а все больше взращивают неприязнь к людям с ограниченными возможностями.  Даже за игру актеров я не дам и балла, поэтому  0 из 10	Бьет  значит любит?	4
107	2019-03-29 01:07:00	Звезда родилась	5	0	Фильм «Звезда родилась»  это некий набор трендов голливудского кинематографа последних десятилетий.  Сразу скажу, Брэдли Купер  хорош, мне нравится он и в качестве актера, и в качестве режиссера.   Леди Гага тоже замечательно справилась с ролью. Ни Купер, ни Гага не виноваты, что Голливуд диктует свои особые условия. Потому что, если копать глубже, обнаруживаешь, под каким слоем пропаганды создано это кино.  Итак, что у нас по первому пункту?  1. Сильная, независимая женщина Элли работает официанткой, поет вечером в баре. Вся такая труженица, талант которой остается незамеченным. Ухаживает за папой и его друзьями. Плюс нежная, добрая, радостная, несмотря ни на что. Не женщина, а супергерой. Зачем ей вообще мужик?  2. Слабый безвольный и, что немаловажно, белый кантри-певец Джек. Пьющий и затухающий. Готовый обвинить всех вокруг в том, что его карьере приходит конец.  Линия его героя в принципе не меняется на протяжении всего фильма:  -начало: пьющий и слабый,  -середина: очень пьющий и очень слабый,  -конец: не пьющий и слабый до крайности.  3. Трансвеститы и друг-гей  люди, которые всегда поддержат не только главную героиню, но и вообще всех на свете. Это в кино всегда очень и очень положительные герои.  4. Друг главного героя -афроамериканец- тоже к третьему пункту- всегда очень положительный персонаж. Интернациональная семья в фильме  признак благополучия.  5. Что больше всего забомбило, так это, конечно, финал. Хотели, так сказать, указать на «единственный выход» из ситуации для главного героя, Джека. Единственный «правильный» выход для нормального гетеросексуального мужчины в кино. И, вообще, в принципе для нормального мужчины в этом мире.  Голливудский конвейер по уничтожению традиционного уклада семьи и семейных ценностей работает на «ура». Мне, как женщине, искренне жаль наблюдать такую тенденцию.  Краткая «рекомендация» от создателей фильма: друзей лучше искать среди геев, трансов, афроамериканцев: все они- душки. Помните, женщина сильная и успешная, мужчина  слабак и тряпка.  А собаки лучше детей.  И так из года в год, из фильма в фильм.  П. С. К музыке претензий нет. Шэлалалалалоу.	Очередная подмена понятий	8
108	2019-03-29 00:50:00	Трезвый водитель	0	2	По пути в кинотетр я надеялся увидеть комедию хотя бы уровня горько с тупыми шутками категории Буэ и Г, над которыми можно было бы, выключив голову, посмеяться. Тем более, что актерский состав к этому располагал. Андрей Бурковский очень неплохой актер, да и Виктор Хориняк подает надежды. Мои надежды были уничтожены.   Сюжет.: Сюжет настолько туп, что в нем даже не напрягаясь можно найти сюжетные дырищи. В самом начале Стас обьясняет Артему, зачем тот ему нужен, он говорит, что платить таксистам не вариант, ибо он потратит на них все деньги, которые заработал за ночь. Из этого мы можем сделать вывод, что он зарабатывает не особо много. Затем, где-то в середине фильма, когда Стас выставляет Артему счет, он говорит, что за ночь они могли бы заработать 25 тысяч. Действительно, в век убера и яндекс такси, он бы обанкротился. Неужели напарник обошелся бы дешевле бомбилы эконом класса?   Шутки. Очень сложно рассуждать о том, чего практически нет. В фильме, заявленном, как комедия смешить нас пытаются какими-то неловкими ситуациями, которые по сути вызывают лишь испанский стыд. Удивительно, что в таком фильме откуда-то взялось парочка, действительно, смешных моментов. У меня создалось впечатление, что их написал совершенно другой человек.  Итог. Фильм, который концептуально мог бы быть очень смешным убила режисерская и сценарная импотенция. Главному герою совершенно не хочется сопереживать, на протяжении всего фильма я испытывал испанский стыд. Фильм, хоть и содержит пару смешных моментов, но ради них смотреть этот фильм не стоит. Больше всего меня огорчает, что этот фильм финансировал фонд кино, хотя ничего удивительного сдесь уже нет. Радует лишь то, что за билет я отдал сто рублей.  2 из 10	Играют они, а стыдно мне	0
109	2019-03-28 23:01:00	Одиночка	0	3	К Элвису, как к актеру отношусь нормально, в предшествующей этому фильму «Пламенеющей звезде» он меня по хорошему удивил. Пару просмотренных драм и мюзиклов с его участием тоже положительно воспринял. В этом фильме его персонаж меня разочаровал, но он не был самым худшим в увиденном.   Авторы заявляют, что это драма про парня-дикаря с не простой судьбой. На мой субъективный взгляд это мелодрама со слащавыми мордочками. Одно из главных в фильмах с Элвисом, это в каком количестве его песни представлены в фильме. На моей памяти здесь вставлено три исполнения Элвиса. Вставки эти мне не то чтобы не понравились, они попросту ничего не вызвали, просто так надо. Актерский состав в этом проекте очень сильный, но выбор главных ролей только еще больше испортил представленную историю.   Гленн естественно не похож на парня забияку, фермера, несчастного парнишку и прочие приписанные ему статусы. И чтобы зритель ему сопереживал, герою дают дальнейший «тяжелый тернистый путь» ему предстоит выбор из трех девушек, с которыми ему придется продолжать свою трагичную судьбу. Чем авторы должны были отвлечь зрителя, чтобы он забыл, что их герой корячился на ненавистной ему ферме и хотел поскорей от туда свалить куда угодно я пропустил, и тут на тебе джекпот  три самые красивые девушки в твоем мире (по крайней мере из тех которых показали на экране) тебя за что то там безумно любят и всё готовы для тебя делать, не прося ничего в замен, ты можешь выбрать любую из них, они разные по типажу, характеру, возрасту и т. д.,чтобы найти у них какой то изъян нужно быть большим занудой, а еще к каждой прилагается хорошее приданное, но ты даже можешь не торопиться и продолжать интрижки с ними по очереди, они ведь в курсе, что ты со всеми ими тремя крутишь и это не мешает им оставаться верными тебе, а если ты всё таки решишься и выберешь одну из них, за остальных волноваться не стоит, ибо к ним очередь выстраивается из видных ухажеров, просто им не так везет, как тебе, они не прожили всё это время на ферме. К такому персонажу невозможно почувствовать человеческого сочувствия или жалости.   Ценности картина никакой ни несет, некая фантазия про любовь в розовых тонах, наверное единственное положительное в фильме, это красивые актрисы.   3 из 10	банановое масло	0
110	2019-03-28 20:56:00	Тор: Рагнарёк	7	2	Первые два фильма о сыновьях Одина были довольно неплохими  особенно удался дебютник. Третий же «Тор» просто ужасен. Смена режиссера (Тайка Вайтити  будь он неладен!) и смена всей концепции персонажей явно не пошла на пользу. Забудьте серьезного Тора, забудьте несущего в себе печать трагедии Локи  этого младшего, да к тому же неродного брата и сына, забудьте «Тор»  это придурошная клоунада, и не более того. У нас там конец света на носу? Будем сыпать идиотскими «приколами»! Был бог грома  и нет его: теперь перед нами какой-то дурачок, трясущийся в кресле парикмахера аки первоклашка, боящийся прививки Только что ушел из жизни отец? Да плевать, будем гримасничать Пьяная валькирия упала в груду мусора? Халк стукнулся о мост? Смешно ведь! Для кого-то  быть может Но не для меня.  Идиотский тон повествования мешает воспринимать персонажей, сюжет, который вроде как крутится вокруг такой серьезной вещи, как Рагнарёк, да вообще мешает всему, весь фильм сидишь с кислым выражением лица  настолько корёжит от глупости, происходящей на экране. Те же «Стражи Галактики» как-то умудряются быть достаточно смешными, не опускаясь до полного идиотизма, но в случае с «Тором 3» это почему-то не работает (Интересно, почему? Может дело в качестве юмора?) Впрочем, дурной пример заразителен, вирус тупизны «Тора 3» был подхвачен недавним «Акваменом», и, судя по сборам, такое очень и очень многим нравится. Увы.  На данный момент «Тор 3» наряду с «Капитаном Марвел»  это худшее, что есть в MCU.   2 из 10	Несмешная клоунада	2
111	2019-03-28 20:17:00	Дамбо	0	6	Один из самых ожидаемых диснеевских фильмов, главная звезда недели и главный сборщик вечно зеленых, меня не впечатлил   На сеансе я скучал. История про слоненка, который умел летать ну уж через чур клиширована. Сценарий вообще главная проблема  все идет по такой уже избитой формуле, что уже становиться дурно. Не знаю как у других, но фильм не сумел заставить меня полюбить главных и второстепенных героев людей (слоненка это не касается, но об этом позже..), а злодея фильм не мог заставить меня ненавидеть. С ним вообще все странно получилось, в сценарии точно решили сэкономить на нем. некоторые герои могут пропасть во время фильма, а некоторые появиться из не от куда. Так  же хотелось бы сказать про много начатых, но не законченных сюжетных линиях. И главное! То что хочу сейчас сказать очень рискованно, но не заметить сильных и уверенных в себе женщин, которые не идут на поводу толпы было трудно.  Слоненок Дамбо прекрасно анимирован, в него быстро влюбляешься, но мне его не хватил. Слишком мало ему времени. Это тоже один из минусов фильма  он затянут, но вспомнить на, что именно было потрачено столько времени, вспомнить сложно.  Фильм понравиться лишь детям. Он красивый, а в слоненка Дамбо просто влюбляешься. Грустишь, когда грустит Дамбо и радуешься, когда радуется Дамбо, но это лишь ложка меда в бочке дегтя.   6 из 10	Дамбо, лети!	1
112	2019-03-28 15:07:00	Эверест	1	0	Данный фильм я хотела посмотреть с самого его выхода в свет. Любые поисковики фильмов по жанрам и тематике один за другим рекомендовали его к просмотру. Почему-то каждый раз я отдавала предпочтение другим картинам, хотя все в «Эвересте» соответствовало моим предпочтениям: история о противостоянии силам природы, стихиям, выживание человека в экстремальных условиях. Люблю такие фильмы. Они о силе духа. Они о людях, которые борются за свою жизнь, хватаются за любой шанс, за самую тонкую ниточку, борются за право вернуться домой, борются за себя и за других. Они о тех, кому не повезло вернуться, о тех, кто погиб подав руку другому. Я ошибалась. «Эверест» не об этом. «Эверест» о бескрайней человеческой глупости, о безграничной человеческой самонадеянности и напускной «грусти-печали» не понятно по кому и чему, он о тех, кому делать нечего, о тех, кому не важны слезы и боль их родных и близких. Фильм об эгоистах, о чокнутых, о самоубийцах, и тех, о ком говорят «с жиру бесится». И знаете, ни в одном персонаже я не увидела желания выжить, у них не было сил бороться, они садились в сугроб и умирали, даже не пытались бороться. самого главного в фильме нет  жажды жизни, борьбы до последнего вздоха. Персонажи сдаются сразу же. Почему я так жестоко рассуждаю? Думаете кино о героях? Давайте разбираться. Представьте: допустим, катастрофа, самолет падает во льдах, половина погибает сразу, половина пытается выжить. Они не стремились пропасть во льдах без вести, они не мечтали быть сожранными медведями, волками, они не грезили о медленном обморожении и замерзании в сугробе на смерть. Они не искали смерти. Они хотят домой. Жалко людей? Да! Согласны? Идем дальше. Группа психов, которым, сидеть дома живыми и невредимыми, рядом со своими любимыми, рядом с детьми  плохо, а в горах, в минус 100500, по уши в снегу за минуту до смерти  хорошо. Покорить Эверест и умереть. Больше радости в жизни нет, цели нет, увы, так хоть на гору заберусь повыше. Я не понимаю, и не хочу понимать людей, которые драматизируют свою жизни, придавая обычным вещам мистической подоплеки. Вот, мол, гора Эверест, сейчас я на нее залезу и сразу себя зауважаю, я проверю себя на прочность, я дойду, чего бы мне это не стоило, видимо, даже жизни. Есть миллион способов умереть раньше положенного тебе срока  выбирай любую смерть по своему вкусу. Хочешь замерзнуть на горе  пожалуйста. Хочешь с нее упасть  на здоровье. Так плохо тебе жить? Так плохо? На столько? Люди, которые намеренно ищут смерть, пренебрегая всем и всеми  мне не понятны. А этот фильм именно о них. Гора Эверест это всего лишь гора. Нет у нее души. Нет у нее сердца. Нет у нее жалости или любви к вам. Не провозглашала она себя «вершиной мира, которая не желает покоряться людям», не просила она об этом звании. Это не более чем объект природы. Всего лишь. А еще, это то место, куда человека не приглашали. Нет нам там места, не приготовила нам природа там почву. Нет кислорода, экстремально низкие температуры, лавины, бури, огромные каньоны, пропасти, скаты, льды, и все это готово нас убить, потому, что нам там не место. Но нет, мы  люди, мы хотим все себе подчинить и словить кайф, захлебываясь адреналином.   Фильм снят потрясающе. Визуальная часть меня покорила. Съемки проходили не на зеленом фоне, на котором потом дорисовали все что нужно, а в реальных природных декорациях. Это здорово, правда, сейчас этого очень не хватает в кино. Актеры  некоторые большие молодцы, некоторые видимо обморозились буквально и не смогли выдать ничего естественного и толкового.   Многие скажут, что давать подобную оценку  грубо и злобно. Фильм основан на реальных событиях, версий произошедшего много, каждый из выживших написал книгу и изложил свое видение, свои мысли о причинах трагедии, об ошибках членов команды и так далее. Я там не была и не знаю, что было на самом деле, и Вы все тоже не знаете. Нужно понимать, что любой фильм, даже основанный на реальных ситуациях  в любом случае  имеет художественную составляющую, выдумку, чувства, которых не было, слова, которых не произносили  ведь нужен сюжет, нужны эмоции, нужно оправдывать бюджет, жанр, нужно заманивать зрителя. Внимание, пожалуйста, я не оцениваю действия реальной группы, не оцениваю действия погибших  они погибли, и их не вернуть  светлая им память! И возможно, в реальности все было не так, как рассказано в фильме. Я оцениваю только фильм, и героев фильма, без привязки к их реальным прототипам, а герои фильма  один глупее другого Герои фильма шли в гору уставшими, больными, полуслепыми, задыхаясь и падая на каждом шагу, но шли. Если вы думаете, что это достойно уважения и восхищения  Вы ошибаетесь! Считаете это отвагой и героизмом  Вы занимаетесь подменой понятий! Отвага и героизм  отдать жизнь за любимых, отвага и героизм идти на войну, защищая родину, свой дом, своих людей. Героизм и отвага  пожертвовать собой ради своего ребенка, жены, мужа, родителей. Переться куда-то, где чертовски опасно, будучи не способным на это  глупо. Понимать, что путь в один конец, что там опасно, что там  можно погибнуть  глупо, и еще более глупо  не понимать этого, не отдавать себе отчет, что ты рискуешь, не оценивать свои шансы умереть и думать, что подобные «вылазки» это хобби, воскресное приключение, разминка и легкая прогулка на свежем воздухе.   Фильм в целом меня не тронул, простите мне мою черствость.	8848 метров над уровнем моря	0
113	2019-03-28 14:30:00	Вдовы	1	3	Если Стив МакКуин решил растратить весь бюджет на пару взрывов и актерскую команду, то в этом нет ничего страшного. Но только в одном случае: кинокартина должна быть «вау». Но все, что мы получили  это унылую тягомотину на 2 часа.   Целых 120 минут я пытался проникнуться историей и понять мотив каждого героя, только вот сценарий так трещал по швам, что на половине фильма я просто начал зевать. Спойлер: зев продлился до самого конца.  «Давайте, пожалуйста, быстрей к моменту, где они пойдут на дело, случится что-то неприятное, потом твист, потом хэппи». Час  именно во столько можно было уложить историю с довольно типичным сценарием. Это хотя бы не стало разочарованием и попало в список «фильм на вечерок».   Когда в первые сцены начали мелькать такие знакомые и шикарные актеры, я готовился к настоящей драйвовой смеси в жанре «последнее ограбление». Сюжет быстро завернулся и повис. Его безнадежно пытались подогреть вечными проблемами США: расизм, политиканство, копы, самостоятельность женщин. Но если повис, то окончательно. Герои суетливо трепыхались по разным локациям, сетуя об одном и том же разными диалогами.   В какой-то момент я понял, что нам хотят показать реальных людей, настоящих женщин, далеких от дел своих мужей, вот их быт, вот их жизнь. Мол, правда и лайв  ну а что, годно. Да только вот за настоящим есть что-то глубокое, мудрое. Ценности, принципы, философия. Раскройте все это.   Скомкали, нарезали, отрыгнули.  Это полный провал. Фиаско, МакКуин.  3 из 10	У нас куча дел, слез в списке нет.	3
114	2019-03-28 11:34:00	Проклятый дом	2	2	Сколько следишь за этой всей кухней, столько не можешь понять, по какому принципу отбираются фильмы ужасов в российский прокат. То хорошие картины пропускаем, то в прокате каким-то образом оказываются такие вот «Проклятые дома».  По факту, фильм скорее артхаус, а не хоррор. Любителей спешу огорчить  драматическая часть такая же унылая, как и хоррорная. Нам будут рассказывать про трудные взаимоотношения отца и его сына-подростка. Сделано это настолько уныло и неинтересно, насколько это возможно. Виной этому по большей части не картонный образ сына, а нелогичные и странные поступки отца. По его действиям крайне трудно проверить, что он хочет как лучше. Упасть в глазах сына  да; выставить себя клоуном  возможно. Но не более того.  Обычно в подобных фильмах хороши «плохие» дома. Но в данном случает не пахнет ни характерным интерьером, ни атмосферой. Пугалки невероятно глупы и примитивны. Какой-то особой операторской работы я не заметил. Как и работы композитора. Я просто не могу найти плюсов, за которые можно зацепиться и похвалить «Проклятый дом».  Актёры. Алекс Дрэйпер играет ужасно, по неясным мне причинам его выражение лица всегда слегка удивлённое. При любых обстоятельствах. Грег Нафтон тоже ничего удивительного не показывает.  «Проклятый дом»  абсолютно ненужный хоррор, в котором нет ничего, что может заинтересовать даже фаната жанра.  2 из 10		5
115	2019-03-28 07:24:00	Смерть в сети	0	1	Давно я не смотрела такой чуши. Чего и остальным не советую.  Сюжет какой-то тупой. Студентка колледжа получает задание «исследовать природу человеческого поведения в интернете» (лолшто??). Она целыми днями бесцельно сидит в видеочатах и, кажется, сама не знает, что она там ищет. Пока, ВНЕЗАПНО, кто-то в прямом эфире не совершает жестокое убийство. Интернет-маньяк оказывается прошаренным хакером, способным удалённо включить чужой компьютер (подчёркиваю, он выключен) и в два щелчка мыши отформатировать винчестер. FACEPALM  Далее начинается откровенная дичь: главная героиня обращается в полицию, но там над ней лишь ржут. Её друзей и подруг похищают прямо из их домов или режут на месте. Самое смешное то, что всё это безобразие происходит прямо средь бела дня, дома у героев, под носом у полицейских. Но почему-то последние абсолютно бессильны. Амёбы какие-то, честное слово.  Лишь за пару минут до конца фильма режиссёр вспомнил, что надо бы как-то оправдать бюджет. Зрителю дают понять, что всё это мракобесие  платное шоу, созданное для больных, но обеспеченных людей. Порядочный режиссёр мог бы провести небольшой ликбез на тему «Dark Net для чайников». Задумка-то вроде не плоха, но реализовано всё настолько плохо, что я удалила фильм с компьютера после первого же просмотра.  1 из 10.	НЕ ХОДИТЕ, ДЕТИ, В ИНТЕРНЕТ ГУЛЯТЬ	0
116	2019-03-28 06:43:00	Убрать из друзей: Даркнет	0	1	Очень обрадовалась, когда узнала, что вышла вторая часть моего любимого фильма. Посмотрела вчера и да, разочаровалась. Будто не Тимур Бекмамбетов кино снимал, а какой-то зелёный выпускник киноакадемии. Вообщем, по порядку:  С первой частью этот фильм не имеет никакой связи. Никто никого из друзей не удаляет, поэтому фильм можно было просто назвать «Даркнет», а ещё лучше «Смерть в сети  2». Вот на продолжение того фильма этот да, тянет. Фильм крайне посредственный, я смотрела с фейспалмом, как хакер общается с главным героем, как его снимает камера с «мистическим» мерцанием и пемехами. Ничего общего с реальностью просто нет, а потому и не цепляет.  Далее, сюжет. Увы, он натянут и просто высосан из пальца. Парень находит в кафе оставленный кем-то ноутбук, и за это убивают его самого и всех его друзей. Просто так, без причины вообще. Опять же, никакой связи с реальностью. Если бы в жизни творился подобный беспредел, все люди давно бы уже повыбрасывали из дома компьютеры, телевизоры, телефоны.  В конце фильма вам покажут десятки ухмыляющихся физиономий, и эта сцена несёт в себе незамысловатый посыл: бойся, юзер, вокруг тебя одни убийцы и насильники. Кто-то с удовольствием вырежет тебе глаза, а другой с удовольствием за это заплатит.  Итог: смысловой посыл первого фильма «Убрать из друзей» был в том, чтобы жить дружно, не издеваться над другими из-за их недостатков, не доводить людей насмешками до самоубийства. Цель же этого фильма  сделать из вас параноика, внушить, что за вами следят даже в туалете, и в любой момент вас грохнут тупо на камеру.  Очень плохой фильм.   1 из 10	ПОЛНЫЙ ОТСТОЙ	0
117	2019-03-28 06:16:00	Владимир Святой	0	2	«Что это было?»  наверное самый главный вопрос, который возникает у зрителя с первых минут просмотра данной картины и не отпускает до конца (если конечно кто-то досмотрит). Потому что очень трудно не только понять к какому жанру отнести фильм «Владимир Святой», но и вообще осознать увиденное.  Возможно создатели хотели показать историческую драму о последних днях жизни князя Владимира Святославича (пусть даже камерную). Об этом можно судить по сюжету. Но почему тогда здесь очень много условного, словно в театре? Даже исполнитель главной роли Владислав Стржельчик внешне похож не на Владимира Красное Солнышко, а на древнеримского, или византийского императора. Да, мы не знаем, как выглядел Владимир на самом деле. Но можно с уверенностью утверждать, что не так, как в фильме, поскольку на Руси было принято отращивать усы и бороду. И потому гладковыбритый Владимир, как и его люди, выглядят аутентично (словно католики).  Ещё одна версия  перед нами театр на экране. В пользу неё говорит сам сценарий (где сплошные монологи и диалоги), декорации, неестественный источник света, костюмы. Например, когда в фильме Владимир разговаривает со Святополком (который приходит к нему, как видение из будущего), молодой князь освещён красным цветом, как символ крови за братоубийственную войну. Но нет ощущения присутствия в театре за счёт отсутствия шума в зрительском зале, выхода актёров на сцену в финале и т. д.  Непонятно было к чему нам показали вначале фильма, когда на экран были выведены титры, члена съёмочной группы в джинсах и джинсовой куртке. Не то ошибка, не то сознательное изображение современности.  Кроме того, фильм хоть и идёт 65 минут, на деле оказывается слишком нудным и смотрится тяжело. Хотя структура его, в целом, ясна. Главный герой на пороге жизни и смерти вступает в диалог с умершей женой-язычницей, повторно проживает некоторые моменты из прошлого (разговор с представителями разных религиозных концессий) и забегает вперёд, размышляя, что будет после его смерти.   Я не знаю на что рассчитывали создатели, снимая это. Но понимаю, что если посмотреть на год выпуска  1993, то можно предположить, почему так всё плохо. Но если в стране был бардак, кино было делом убыточным, актёры работали либо за гроши, либо за «спасибо» неужели была такая необходимость снимать такое кино, где малобюджетность будет скорее минусом, чем плюсом? Хотя чего можно было ожидать от студии-однодневки «Далекс», которая наверняка, отработав деньги, свернулась? Да и не должно быть оправданием время создания.  И вот даже не знаешь, что хуже  высокобюджетный и хорошо разрекламированный «Викинг» с Козловским, или бедный и малоизвестный «Владимир Святой»?  2 из 10		0
118	2019-03-27 19:51:00	Любовь, смерть и роботы	83	4	Этот сериал стал самым большим разочарованием за последнее время. Его все советовали, рекламировали, чуть ли не цитировали. И вот, посмотрев все 18 эпизодов я осталась с поднятой бровью и желанием умыться.   Чтобы не быть совсем критичной, расскажу про плюсы:  1. Почти все новеллы отлично, интересно и качественно нарисованы.  2. Звук тоже прекрасный, почти всегда уместный и атмосферный.  3. Сама идея, сделать взрослые анимационные короткометражки представителями разный стран и собрать в единый сериал  очень здорово!  Минусов намного больше, в основном проблемы в сюжетах. Чуть ли не в каждой серии плот настолько примитивный, предсказуемый, что даже грустно становится. Из серии в серию (практически) переходит одна и та же тенденция: кровь, насилие, стрельба, эротика, феминизм, сексизм.  И мне сейчас скажут: «АЛЁ, это же короткий метр, какой вообще сюжет?!». Но! Я абсолютна не согласна с этой формулировкой, потому что, вместо того, чтобы показывать 3 минуты из 12 сиську, вы не раскроете ни философию ни персонажей  ничего!   Опять же, я не хочу быть ханжой. Я не против ни женской груди ни полового члена, ни феминизма, но только если это уместно. В этом же сериале, подобный контент не несет никакой смысловой нагрузки. Такое впечатление, что целевая аудитория это дети, которые только приблизились к подростковому возрасту, у которых отваливается челюсть от вида соска, шуток про анус и какашки и пиу-пиу/паф-паф. (А такие «приемы» есть в каждой(!) серии.  После просмотра все сюжеты стираются из памяти и остается только неприятный осадок, к моему очень большому сожалению.   4 из 10	Пубертатный контент	34
119	2019-03-27 15:52:00	Такси 5	0	1	"«Это» даже пародией тяжело назвать!   У меня только один вопрос  как можно было отдать такой проект режиссеру, у которого нет ни одного удачного проекта? Как я понял, это было намеренное уничтожение кинофраншизы.   Ну давайте начнем с малого  1) Юмор. Да да, это самое малое! Карлики, блевотина, проблемы любви жирных и худых Короче, тупость ВСЕХ шуток просто зашкаливает. Нет я понимаю, в прошлых фильмах тоже были тупые полицейские, но не было тупых главных героев. Да Эмильен был неуклюжий, да Даниэль был нормальным героем, адекватным, зорким, но сделать тупыми новых главных героев  это уже перебор, это издевательство. Таким же образом я мог посмотреть «Знакомство со спартанцами» или «Очень страшное кино 5», но это были именно пародии, то есть юмор на таком дерьмовом уровне, что даже эти пародии должны оскара взять в номинации «Лучший фильм» а «Такси 5» это тупое несмешное дерьмо. Гениально!   2) Сюжет. Ну то что это «Такси»+«Форсаж»+«Зеленый слоник»(потому что покушать принесли)=""Такси 5» это и так всем ясно, Вин Дизель и какой-то араб с карликом против Ламбо, в принципе я описал сюжет.   3) Такси. Тут просто скажу тремя словами МЕРСЕДЕС ТЕПЕРЬ ТАКСИ. Браво, гениально, шедевр! Вы понимаете, Люк Бессон специально во втором фильме показал продажу усовершенствованного Пежо ради сатиры? Пежо это символ франшизы, и я ненавижу этот фильм, всем духом ненавижу, из-за того что Пежо убрали.   И нет, это не 1/10 это 0, может быть даже -1/10, но никак не 1, просто тут нет такой оценки  1 из 10"	Там есть карлик	1
120	2019-03-27 15:33:00	Птичий короб	4	3	Не успело «Тихое место» получить в моем личном рейтинге первое место в номинации «Худший постапокалипсис», как его с пьедестала сместил «Птичий короб». Сценарист последнего решил, что крах «Явления»  это досадное недоразумение, и решил ещё раз воспользоваться убогой идеей о внезапном возникновении помешательства с суицидальными наклонностями. Результат получился даже хуже, чем у Шьямалана.  В «Птичьем коробе» собраны все возможные штампы «напряженных» постапокалиптических фильмов. Здесь и явная сволочь в убежище, отношение к которой меняется по ходу фильма, и высосанные из пальца драматичные обещания, и конфликты на ровном месте и незнакомец, разрушивший устоявшуюся систему. И грамотно написанный сценарий мог бы дотянуть фильм до середнячка, но не судьба. После завершения фильма остается масса вопросов, касающихся законов, действующих во вселенной фильма.  Атмосферы глобального кризиса не ощущается о слова «совсем». Картинка вылизанная, герои красивые и ухоженные. В конце доходит до смешного: пятилетнее проживание в изоляции не мешает парню главной героини сохранить идеальную физическую форму и стильно подстриженную бородку.   Концовка окончательно добила и без того непритязательный сюжет. Во-первых, любители жанра смогут предсказать её спустя час просмотра. Во-вторых, она вызывает ещё больше вопросов к происходящему на экране.  Надбавлю пару баллов за уверенную игру Сандры Баллок и актеров второго плана.    3 из 10	Верните нормальный постапокалипсис!	6
121	2019-03-27 15:10:00	Бамблби	16	0	Ну нельзя же так сильно гадить в мозг людям! Я больше года не смотрел фильмы  спасибо сериалам. Подумал,  выберу что-то «попсовое». Соответственно, я ожидал, что-то подобное, но не в третьей степени! С первых секунд я думал, что они делают секс с моим мозгом, параллельно покрывают какашками его.   Цивилизация на другой планете пошла по другому пути развития  техническому. Но они для общения используют звуковую передачу данных между собой. И чтобы как -то увеличить пропускную способность передачи данных, как и люди дополняют звук, мимикой на лице! Более того, они используют американскую речь. Мне кажется, что более эффективно пустить (издать) разово один звук, в котором на разных частотах зашифровано много информации и не прибегать к дополнительному каналу передачи информации. Или же показать картинку, где посредством цвета, формы, рельефа, быть может даже температуры передать очень много информации. Но это слишком легко! Они не ищут легких путей.   И так во всём. Поврежденный робот передвигается, как раненый в живот человек. Ихние различные формы очень похожи на технику с планеты земля, и сами они человекоподобны. Почему у них 5 пальцев на конечности? Вообще, почему у них есть кисть? По мне это так не эффективно.   Вообщем смотреть только тем, кому нет 12 лет и живет в сказках, которыми принято кормить детей.	Возрастное ограничение  до 12 лет	1
122	2019-03-27 14:40:00	Лондонские поля	1	0	Эта история о том, что все имеет свои последствия и любые шалости будут наказаны.  London Fields  значит, что все события происходят в Лондоне (Field как поле действе, чего либо)  Никола Сикс  Богиня разбитых сердец или дьяволица в ангельском обличье  Если попытаться понять героиню, то можно увидеть, что она не может найти себя, поэтому она разная для всех. Она знает свою участь и не о чем не жалеет. Её ничего не нужно ибо она никого не любит, но Никола хочет, чтобы любили её. Она просто играет и ничего больше.  Актерский состав меня одновременно порадовал и разочаровал. Ну во- первых главная героиня, а точнее актриса просто стандартная девушка ну красавица как многие, умеет кривляться на камеру. Но изюминки в ней нет Я не вижу Эмбер Херд в этой роли, а вот Скарлет Йохансон, Ольга Курленко или хотя бы Нина Добрев смотрелись бы уже интереснее.  Далее Джонни Депп, как всегда Король- перевоплощения как всегда Браво! Джим Стёрджесс, тоже показал, что может перевоплощаться еще в «ОБЛАЧНОМ АТЛАСЕ», но я думаю эта роль не его амплуа. Слишком уж у него темперамент флегматичный и романтичный, что видно в наигранности его роли. Он как будто вытягивал из себя эту сущность, как слон танцующий, «лебединое озеро»  В  третьих, Тео Джеймс, он вообще какой то везде одинаковый, даже одежду носит одинаковую во всех своих фильмах. Как актер он для меня пока никакой, только мордашка красивая.   А вот четвертых, Билли Боб Тортон идеально и великолепно сыграл свою роль. Его герой как каратель, и то кто решил все закончить именно с той ноты, что и начал.  Почему он это сделал?  А потому что ему нечего терять! Потому, что он знал, что это всегда он.  Вправе ли мы судить кого-то?  Нет, у каждого своя роль, и каждый сыграл так, как сыграл!  В каждой шутки есть доля правды и в каждом действии противодействие.  Мы можем сделать вывод, что нельзя играть с чужими жизнями. И что мы видим здесь, так избавление от зла в пользу уберечь других от последствий.   А возможно героиня сама напросилась, на свои смерть   Ставлю 4 или 10  Обидно, что с таким прекрасным актерским составом, очень неважно получилось! Я честно ожидала большего даже от комедии или драмы. А актеры все равно, молодцы!	Все хотят Николу Сикс видеть метровой	1
123	2019-03-27 14:36:00	Зубастики: Новый загул	1	3	Я фанат этих мелких тварей. Когда-то в детстве, посмотрев первую часть, она осела в моем мозгу как очень страшный ужастик. С возрастом я понял, что он не просто ужастик, но и комедия. Когда все фанатели от гремлинов, я фанател от прожорливых монстров, которые убивали и ели людей, чего первые не делали. Я обожал первые две части, 3-я и 4-ая мне нравились меньше, но все же я с удовольствием пересматривал все.   И что же за сериал мы получили? Удар по лбу от фэйспалма. Я понимаю что сериал не должен был и не мог получится отличным, поэтому ожидания были не высокие, но я думал хотя бы на уровне фан фильма «Охотник за головами»   Спецэффекты:  Не думал, что я буду акцентировать на этом моменте свое внимание, НО они на столько плохи, что любой аниматор на ютубе сделает в десятки раз лучше.   Сюжет:   Вот тут просто Полный Звездец  то из-за чего я и пишу этот обзор. На столько сделать опасных тварей тупыми и идиотскими, что просто не прилично. Ощущение, что сценаристы не смотрели ни одного фильма о зубастиках. Ощущение, что им было сказано «Зубастики  это те же гремлины, только жрут людей». Крайты никогда себя так не вели, они были опасной инопланетной расой на грани вымирания, у которой не было ни планеты, ни собственных кораблей, ни ценностей, но который были достаточно умны, что бы управлять космическим кораблем и опасны на столько, что их хотели сделать биологическим оружием. В сериале же мы получили пушистых гремлинов  в одежде, способных говорить с другими расами, вести простой диалог, использовать инструменты, выполнять трюки, и самое противное  соблазнять людей и заниматься сексом  это было самое омерзительное, что можно было придумать  зубастик сношающийся с человеком  ау сценаристы, вы что там курите???   И в итоге мы получаем трэш в чистом виде. И не тот трэш, когда так плохо что даже хорошо, а тот трэш когда хуже уже трудно представить. Единственное, что в сериале получилось хорошего  это куклы, однако этого очень мало.   Я понимаю, что никто не забирает старые фильмы, но ведь надежда была на то, что Крайтов возродят, и возродят в большей степени как ужастик, вдохнут жизнь во всеми забытых монстров, от которых мне снились кошмары в детстве. Обидно, что потенциал просто слит в унитаз, надеюсь он там и останется и больше никому не дадут снять новый фильм или сериал с этими существами. Хватит того, что эти наркоманы уже сделали.   Во время и после просмотра сериала в голове была только одна фраза «что это за звиздец???», так но с более красочным матюшком.   В общем, только из-за кукол поставлю 3 из 10. Все же есть еще в мире хуже и более дорогие фильмы и сериалы.	Полный Звиздец.	3
124	2019-03-27 14:10:00	Капитан Марвел	0	0	Фильм плохой! Без всяких «почти» и «если». Для него и ряда других «произведений» следует установить новый рейтинг «СМОТРЕТЬ РАЗРЕШАЕТСЯ ТОЛЬКО ДЕТЯМ ДО 14 ЛЕТ». Давно я так не разочаровывался.   Главная героиня (я не запомнил ни одно из её имён и по этому буду её обзывать ГГ) это какая-то порно-пародия на Супермена и Терминатора. Нет, на сильную женщину в кино может быть интересно смотреть, если она сражается, преодолевает трудности и ведёт всех за собой, оставаясь при этом женщиной. Но когда баба, ради изображения крутизны, начинает парадировать да-да, именно парадировать брутального мужика/амбала  ну это даже не смешно, а просто глупо. Когда ребёнок пытается изобразить взрослого (как он его видит), это смешно и умилительно. А тут ГГ реально пытается изображать брутального мужика и в начале даже ходит как Шварценеггер, словно ей действительно между ног что-то мешает.  Характер у ГГ совершенно не интересный. А если сказать грубо, откровенно «ГоУнО». Он самовлюблённая, постоянно дерзит, откровенно борзеет, спорит с командиром по любому поводу. Совершенно не умеет работать в команде: «Давайте сделаем так, как я сказала! А если нет, то я всё равно сделаю так, как я хочу!». ГГ наглая и самоуверенная. При чём, не смотря на её сверх способности, ГГ в первом же бою скрутили. И тем не менее, она и дальше продолжала себя так вести. Мне весь фильм хотелось снять с неё штаны и выпороть.  Откровенно обидно за Фьюри. Во всех фильмах Марвел, где появлялся, он производил впечатление харизматичного, спокойного, уверенного в себе персонажа. А тут из него сделали комика. Не смешно, а грустно.  ГГ такая же плоская, как и сам сюжет ленты. Она совершенно не меняется, в смысле, её мировоззрение и поведение. Сами так называемые «сюжетные повороты» так же просты и предсказуемы до боли. При этом ГГ меняет свою позицию не потому, что произошло какое-то внутреннее переосмысление, пересмотр приоритетов и т. п., а просто «Я так хочу! Вчера я хотела снизу, а вот теперь хочу сверху».   Её отношение к бывшему командиру в конце фильма откровенно противно. Да он стал врагом, да в американском кино (не говоря о мультфильмах) своеобразное понимание того, как вести себя благородно (как должен вести себя положительный герой). Но, тем не менее, в данном конкретном случае, её поступок выглядит гаденько Т. е., она абсолютно всем говорит и подчёркивает, что вы все мелюзга, а я теперь полубогиня, круче самого крутого яйца  Подводя итог:  - фильм скучный, не затягивает;  - сюжет отсутствует, как таковой (до того он плоский);  - ни злодеев ни героев нет в принципе (от перестановки слагаемых сумма не меняется);  - героев (тех, кто интересен, за кого переживаешь) тоже нет;  - Главная Героиня не интересна, не привлекательна (ни как человек, ни как женщина).  СМОТРЕТЬ НЕ СТОИТ!!!  П. С.: Зачем они сделали ей этот жуткий панковский ирокез???	Капитанша	4
125	2019-03-27 13:25:00	Капитан Марвел	0	0	Я с самого детства люблю героев Marvel. С Человека-паука и Людей икс начались наши теплые и долгоиграющие отношения. Я не гик. Да, я что-то знаю, часто исполняю роль Википедии на ножках, но мне далеко до гика.   КВМ подняла кинокомиксы на новый уровень. Нельзя отрицать заслуги Marvel, а теперь и Disney, в качественном развлечении. Они молодцы. Я помню ламповые супергеройские фильмы нулевых. Это было прекрасное хоть и трешовое время. Рэйми  ванлав.   Капитан Марвел Мне все равно, что там творит Бри Ларсон. Меня интересует картина, которая оказалась просто филлером для введения персонажа. Сюжетная арка не несет в себе ничего важного. Заявленная эстетика 90-ых, вообще не раскрыта. Пара отсылок и гуляй. Сама Кэрол деревянная, неинтересная, шаблонная. Интрига есть, но пэйоффа не дают.   Можно выдохнуть, феменизма не так много, он умеренный, без особых перегибов, но ведь сейчас такое время  сексизм найдут даже в Колобке.   К разговору о симпатичных персонажах. Золотое правило: «Хочешь, чтобы зритель сопереживал персонажу  заставь персонажа спасти котёнка. И всё, его теперь любят.» Да что там говорить, даже Хэллбой Рона Перлмана влюбил в себя из-за привязанности к котам.   Я к чему. В сольнике Капитана Марвел, умышленно или по неосторожности, симпатию получил Фьюри. Это вообще больше его сольник. За Кэрол неинтересно наблюдать, ведь кажется, что она бессмертна. И в противовес  Фьюри, которого могут в раз завалить, ведь он просто человек. Еще и котика тискает. Ассоциируешь себя с ним.   Обещали дух 90-ых, а сделали фильм в духе нулевых. Не все шутки зашли. Сцена с тессерактом в конце вообще спорная. Я задумался, как оценить это кино. Выбираем наискучнейшее полотно КВМ. Для меня это Черная Пантера. Между Пантерой и Марвел, я бы выбрал Пантеру, чтобы посмотреть еще раз.	Миром правят котики	3
126	2019-03-27 12:48:00	Как приручить дракона 3	7	5	Делать обзор на фильм, относящийся к франшизе  дело не самое простое, потому как почти невозможно рассматривать его в отрыве от всех остальных.  «Как приручить дракона» исключением не стало.  И как обычно, в случае с мультипликационными лентами, их продолжительность растягивается на довольно большой промежуток времени. История жителей Олуха, дружбы Иккинга и Беззубика растянулась на целых 9 лет.  Время не стоит на месте и в самом мультфильме. Трансформация героев  один из наиболее важных аспектов мультфильма. Однако, эти изменения на деле обернулись как плюсами, так и минусами.  Часть касательно взросления героев буду сравнивать попарно, дальше пройдусь по другим сторонам картины.  + Мы видим повзрослевшего Иккинга, настоящего вождя своего племени, готового на любые жертвы для своего народа и для драконов.  - Взросление Иккинга и роль вождя не изменило то, что он по прежнему совершает глупые, очень глупые ошибки во всем, к чему прикладывает усилия, хотя история двух предыдущих лент должна была его чему-то научить.  + С самого начала, лента вновь подкидывает нам «взрослые» темы касательно единства народа и темы закономерного развития отношений Иккинга и Астрид. Эти темы не подаются как что-то веселое, это действительно важные решения, над которыми стоит подумать  - С повзрослевшими героями мы получили и другую сторону «взрослых» тем, а именно  нарочитую пошлость некоторых персонажей (поверьте, вы СРАЗУ поймете, о ком я говорю). Хочется сразу же задать создателям один вопрос  «Зачем это в мультфильме?»  Из отдельных минусов, могу отметить следующее:  1. Повторяющаяся идея «обители драконов». В каждом мультфильме есть какое-то место, где драконов очень много, и живут они там изолированно. Каждый раз для этого придумывают отдельное объяснение.  2. Графика. Осталась на месте со времен 2-й части. Могли бы сделать и получше  3. Нестабильность возрастной ориентации картины. Если бегло оценить отдельные моменты, можно увидеть как рейтинг скачет от 3+ до 18+. Это озадачивает. Непонятно, для кого именно сделан этот мультфильм.  4. Невнятный главный злодей. К сожалению, этим сейчас страдают многие картины.   Из плюсов, не связанных с развитием персонажей, я могу назвать лишь один  концовка. Без лишних слов  она великолепна. Она стоит того, чтобы посмотреть весь остальной фильм.  Итог: Если вы хотите узнать, чем завершаются приключения Иккинга, Беззубика, Астрид и всех остальных  обязательно посмотрите этот мультфильм. В нем много минусов и это далеко не лучшая глава этой истории, но он расставляет все точки над «И» и позволяет расстаться с персонажами, пока еще не стало слишком поздно  Для меня же, к сожалению, количество минусов картины не позволило поставить оценку выше, однако для Вас все может быть совсем по другому.  5 из 10	Как завершить трилогию	3
127	2019-03-27 12:37:00	Призраки дома священника в Борли	0	2	В разных уголках нашей загадочной планеты существует различные места, которые вызывают у местных обывателей неподдельный страх, ведь там прочно прописались призраки, демоны и прочие потусторонние существа, которых вовсе не сложно заметить. Причем факт их существования был неоднократно доказан исследователями, некоторые из которых могут похвастаться весьма влиятельными академическими дипломами. И пускай официальная наука, ведомая устоявшимися за столетия правилами и устоями, не спешит подтверждать выводы некоторых своих увлеченных коллег, необходимо признать, что некоторые тревожные случаи просто необходимо причислить к разряду сверхъестественного, ведь по иному объяснить их возникновение не представляется возможным. В Мексике местом паранормальной активности небезосновательно считается зловещий «Дом отчаяния», откуда до сих пор доносятся стоны умерших. В небольшом американском городке Амитивилль, который не нуждается в особенном представлении, до сих пор находится особняк, вызывающий дрожь, а в австралийской усадьбе Монте-Кристо сразу после ее постройки умерло сразу семеро человек и никто так и не сумел объяснить, из-за чего именно это произошло. Подобный мест на нашем голубом шаре более, чем достаточно и каждое из них достойно особого внимания. Одно из них находится в тихой английской деревушке Борли, где некогда был расположен дом, от одного упоминания которого у людей по спине пробегал холодок.  Как говорит нам официальная история, дом был построен преподобным Генри Буллом в 1862 году на месте старинного особняка, от которого практически ничего не осталось. А так как у Булл был человеком, который ни в чем себя не ограничивал, то архитекторам пришлось воссоздать целый дворец с кучей спален, рассчитанных в общем числе на целых четырнадцать детей. Конечно, столь много наследников у преподобного не было, и тем не менее он не собирался тесниться в скромном строении, тогда как его средства позволяли создать нечто масштабное. Однако вопреки тому, что дом был построен при жизни хозяина, это не уберегло его обитателей от столкновения с призраками, которые блуждали здесь задолго до возведения нового особняка. Согласно свидетельствам, отмеченным в деревенской хронике, в здешних местах не раз видели призрачный силуэт монахини, чье лицо никак не удавалось рассмотреть. И дочери Булла также не избежали таинственной встречи, которая настигла их неожиданно и заставила нешуточно напугаться. Причем впоследствии загадочный призрак видели также и другие владельцы особняка, вселившиеся сюда уже после Буллов. А это в свою очередь означало, что совпадений быть не может априори и здесь явно присутствует некое мистическое тяготение, которое вызывался исследовать известный парапсихолог Гарри Прайс, выпустивший по мотивам своего пребывания в Борли две книги. Конечно, не стоит исключать того, что предприимчивый Прайс нарочито усугубил влияние призрака на обиход владельцев особняка, однако доподлинно никто не может опровергнуть того, что он написал. И пускай после ухода Прайса и перестройки дома количество задокументированных столкновений с монахиней постепенно сошло на нет, люди продолжали испытывать страх перед данным местом, ведь дыма без огня, как известно, не бывает. На этом в конце концов и решил сыграть режиссер Стивен М. Смит, берясь за работу над картиной «Призраки дома священника в Борли». Но если оригинальная история вызывала искренний интерес и пугала, то ее сомнительная адаптация подобных чувств и эмоций поднять не в состоянии.  Вместо того, чтобы сосредоточиться на исследованиях Гарри Прайса, которые сами по себе были фактически идеальной основой для съемок пугающего фильма ужасов, режиссер решил перескочить через данные события и разместил действие во времена Второй мировой войны, когда дом священника по большей части превратился в руины в результате пожара, произошедшего в 1939 году по вине отставного военного, не сумевшего справиться с керосиновой лампой. Во главе истории находится американский связной по имени Роберт (Зак Клиффорд), которому поручено следить за нацистами, притаившимися в Англии. окопавшись в заброшенной церкви близ того самого особняка Борли, Роберт в скором времени начинает понимать, что отнюдь не нацисты теперь его главная забота, а невесть откуда появившийся призрак монахини, который даже не думает никуда пропадать. С каждым последующим днем присутствие злого духа становится все более осязаемым и Роберту начинает казаться, что без сторонней помощи ему никак не справиться. Но вместе с тем никто не отменял его изначальное задание, от которого отчасти зависит победа в кровавом противостоянии двух непримиримых стран-соперниц. Так что парню придется нешуточно постараться, чтобы сохранить рассудок и выйти из переделки в Борли победителем. Только никаких гарантий никто никому, естественно, давать не собирается.  Неизвестно, почему Стивен М. Смит решил столь кардинальным образом внедриться в интересную и действительно захватывающую легенду, насытив ее откровенно вымышленными деталями, ведь в свидетельствах парапсихолога и прочих людей, некогда пребывающих в Борли, есть все необходимое, чтобы снять картину в стиле громкого «Заклятия» Джеймса Вана. Режиссер будто специально глумиться над культовой историей английского ужаса и не собирается делать ничего, чтобы подбросить дров в огонь мистификации. Из-за подобного разрушительного подхода мы имеем откровенно затянутый, практически нестрашный фильм, единственной ценностью которого можно назвать более-менее внятную съемку и общий антураж английского захолустья, за который не стоит платить особые деньги. Совершенно непонятно, на что Смит потратил производственный бюджет в размере пяти миллионов долларов, так как этого совершенно невидно на экране, а компьютерная графика, которую режиссер периодически использует, ничего кроме разочарования не вызывает. Просто невозможно поверить, что в распоряжении Смита не было сколько-нибудь вменяемого программиста, который смог бы прорисовать по-настоящему жуткий образ монахини. Да и вообще непонятно, зачем было выстраивать образ грозного демона при помощи графических инструментов, ведь в том же «Проклятии монахини», спин-оффе «Заклятия», авторы прекрасно обошлись игрой актрисы и качественным гримом. А уж на это денег от продюсеров точно должно было хватить. Не испытывал особого энтузиазма относительно работы со Смитом также и исполнитель главной роли, которому по большей части пришлось лишь пугаться, кричать и с круглыми глазами блуждать по окрестностям Борли. В свою очередь и зрителям не будет интересно за ним следить, так как особого смысла в этом попросту нет.  В итоге хочу сказать, что «Призраки дома священника в Борли» не смогли отдать дань уважение одной из самых популярных мистических историй Англии, а лишь спекулируют на загадках прошлого, которые еще долго будут вызывать интерес у тех, кто не прочь посетить здешние места. Никакой художественной ценности у творения Стивена М. Смита нет и в помине, а поэтому его картину стоит сразу бросить в топку.  2 из 10	Ложная поездка	9
128	2019-03-27 11:49:00	Помутнение	0	1	От просмотренного фильма остались настолько противоречивые впечатления, что захотелось написать рецензию, чего в последние годы совершенно не делал.  Как вы заметили, цвет рецензии красный, но это не значит, что фильм тьфу-тьфу какаха, ужасный и отвратный, 1 из 10, нет, это не так. Кино занятное, однако, если бы кто-то поинтересовался моим мнение насчет него, я бы не стал рекомендовать данную ленту к просмотру. Попробую прояснить свою позицию.  Для начала скажу очевидное  стиль у картины зачётный. Эта техника анимации, рисовка поверх снятого фильма, выглядит отпадно, свежо и необычно. Этот приём ещё отлично попадает в основную канву фильма  нарко-трипы и замутненное сознание, нарушения мозга из-за потребления наркотиков и всё в таком духе. Особенно мозговзрывающе смотрятся костюмы агентов, в конце есть сцена диалога Ривза со своим напарником в костюме, и ей-богу, смотрел бы я этот фильм в тяжелом алкогольном опьянении или в другой форме измененного сознания  случилась бы со мной физиологическая беда, настолько это дезориентирует и выбивает из реальности.  Стоит заметить, что атмосфера в фильме поддерживается не только за счет анимации, но и из-за ряда персонажей и их диалогов. Имею я в виду, разумеется, сценки с Дауни-младшим и Харрельсоном. Возможно, кому-то они покажутся глупыми, но для меня они показались олицетворением всей вакханалии, что творится в головах у этих додиков (главных героев), настолько они абсурдные, необоснованные и резко меняющие направление. Одним словом  зачёт.  И что же мне не угодило в этом фильме, спросите вы? По порядку  во-первых, я решительно не понял, зачем люди употребляют этот наркотик и какие плюхи он вызывает. Видно, что от него весьма неприятный абсистентный синдром в виде поганых тактильных ощущений типа жучков, но, насколько мне известно, люди употребляют психотропные вещества ради того, чтобы или словить дозу эндорфинов и дофаминов, или чтобы изменить своё сознание. В фильме есть сцены, где ГГ долбить этот препарат D, но что он с него получает, я совершенно не понял. Мало того, долбит прямо на рабочем месте. Может это какая-то метафора, но, боюсь, она лежит не в том месте  Бог с ним, с этим препаратом. Некоторые сюжетные повороты я отказываюсь понимать. В самом начале фильма нам показывают, что ГГ, в качестве агента, должен следить за самим собой, в образе нарика, это ок, ведь в агентстве не знают как он выглядит, и он может притворяться, что всё пронюхивает и узнает, а сам узнавать про реального поставщика. Но! (не знаю, наверное, спойлер?) в конце оказывается, что Ривз в роли агента не в курсе, что он и есть Ривз в роли нарика. Тут я совсем запутался.   Возможно я пытаюсь уж СЛИШКОМ рационально подходить к сюжету, но я крайне не понимаю, как это должно работать. Я бы успокоился, если бы в фильме показали момент, где виден его переход личности от агента к наркоше. Но это в фильме отсутствует! Нет никакой разницы между Ривзом-наркоманом и Ривзом-чистым пацаном. Он так же рассуждает, так же говорит, у него такая же мимика и походка. Мало того, некоторые сюжетные линии из-за этого теряют свой смысл (например, с Дауни-мл. и его допросами в агентстве), да и это вообще одна из основных вещей в фильме, показывающих помутнение башки у ГГ.  Вообще игра Ривза здесь довольно топорная. По идее, в конце фильма с ГГ происходит изменение (да даже парочка), но по Киану это совсем невидно, только по его репликам, которые произносятся с той же интонацией, что и в основной части фильма. Возможно, из-за этого и возникло отрицательное впечатление от картины. Первое, что приходило в голову во время просмотра  это «Страх и ненависть в Лас-Вегасе» от Терри Гиллиама. Вот в данной ленте разительно заметна разница геров при употреблении наркотиков, они живо реагируют на окружающую действительность и воображаемость. В «Помутнении» же, когда Киану говорят, что у него отрубилось одно полушарие, он как будто пропустил этот мимо своих ушей. Ох, ох, что-то я не оценил главную актёрскую работу  Как-то так. Ряд сценарных непоняток и невнятная актерская игра ГГ оставили меня в недоумении. Хороший это фильм? Плохой ли? Хоть я тут и пытаюсь рационализировать повествование в картине, но мне нравится, когда фильмы манипулируют нашим восприятием, создают абсурдность и сюр, это вещи, на мой взгляд, сугубо положительные. Но для этого нужно сделать всё очень грамотно. Технически у фильма с этим всё в порядке. А вот драматургически Лично я не оценил.  Советую хорошо подумать перед просмотром, есть вероятность после него остаться ни с чем.  6 из 10	Галлюциногенное мульт-кино	0
129	2019-03-27 10:48:00	Сияние	0	0	 под словами одного из рецензентов сериала «Мистер Мерседес» в части его слов о том, что сколь велик талант Кинга к написанию потрясающих произведений, столь же бездарен он в понимании, КАК нужно снимать хорошее кино.   И ведь есть же хорошие фильмы  вспомните «Зеленую милю», «Побег из Шоу-Шенка», да даже сериал «11/22/63» я включу сюда (хотя, возможно, в главной роли просто снимался импонирующий мне актер).   Но как можно называть «великолепным, потрясающим, удивительным» фильм «Сияние», особенно если эти слова произносит тот, кто прочел исходное произведение?   Оргазмировать на имена Кубрика и Николсона у меня не получается, да и нет желания. Фильмы следует оценивать с объективной точки зрения, но данная картина не стоит и сотой доли похвал, которые я выражаю в отношении книги. Постараюсь описать:   1. Николсон в силу своей харизматичности не подходит под роль зачуханного отца семейства, пытающегося ухватиться за соломинку, чтобы прокормить семью. Ему бы играть роли поярче, поострее, с юмором и изюминкой, как в фильме «Отступники». На мой взгляд, на роль главного героя следовало бы подыскать человека, сумевшего бы сыграть роль потенциального пьяницы, аутиста, депрессивного психопата или что-то в этом духе. Где же плавность сюжета, где предпосылки к тому, что герой начнет сходить с ума?    2. Фильм изначально построен на концепции «Кинг  значит страшно должно быть с самого начала, и объяснения к этому не требуются». По всей видимости, для этого можно и не играть роль так, как она описана автором в книге  это опять же камешек в огород Николсона. В книге все повествование строится на постепенных психических сдвигах главного героя и мистике, вплетенной в этот процесс. В фильме же триллера к сожалению не получается. Сравните «Зеленую милю» с «Сиянием» и поймете, что я имею в виду.    3. Множество мелких, но крайне важных для сюжета сцен, как, например, осознание героем Крозерса, что маленькому мальчику в отеле грозит опасность, и появление его в отеле для оказания помощи, выполнены без всякой художественной оригинальности, так что возникает чувство, будто это всего лишь потенциальные кат-сцены.    4. Саундтрек кошмарен в силу своей похожести на что-то тягучее, психоделическое. Лично у меня от этого не мурашки по коже бежали, а лишь накапливалось раздражение. Создавалось впечатление, что автор кинокартины ставил своей целью заменить многие ходы сюжета «богатой» фантазией своего звукорежиссера.   Сложно описать, по какой причине этот фильм так восхваляют. Возможно, большинство из положительных рецензентов просто не читали книгу, либо это люди более старшего поколения, которые привыкли воспринимать фильмы исключительно по диалогам в силу того, что сложных визуальных кинематографических технологий в те времена как таковых еще не существовало. Не знаю.	Подпишусь	1
130	2019-03-27 10:39:00	Однажды ночью	0	4	Вчера закончил просмотр данного сериала и был сильно удивлен высоким рейтингом и восторженными отзывами кинокритиков.  По моему мнению, сценарий и сюжет в целом очень хромают. Признаться честно, было желание перестать смотреть сериал уже после первой серии, т. к. главный герой вызывал сначала недоумение, а затем уже один только негатив.  Поведение его было столь эгоистично и иррационально, что ни сочувствия, ни симпатии он не вызывал. Про понимание и речи не идет. Смерть так называемой «жертвы» преступления (хотя тут сложно сказать, кто большая жертва) также не «трогает». Типичная дама с «мажористыми» заскоками, которая не знает, чем бы ей заняться в жизни. Теплых чувств не вызывает, а смерть ее чуть ли даже не радует. То, что главный герой попал под разнос  сам виноват.  Однако я решил перебороть свое негодование и продолжил просмотр в надежде на то, что последует некий крутой сюжетный поворот, главный герой изменится или что-то в этом роде. Поворот был. Трансформация героя произошла, но лучше от этого не стало.  Сцены в тюрьме Это абсолютная фантастика, причем абсурдная и нелепая. Поведение Насира в тюрьме лишено последних намеков на адекватность, которые еще смутно поблескивали до заключения. Кроме того, во всех сценах у него одно и то же выражение лица, а потому совсем не понятно о чем он вообще думает и что чувствует. Несколько ошарашенный, вылупившийся взгляд сначала раздражает, но потом это выглядит комично и несерьезно, впрочем, как и многое в данной картине. (Хотя сам актер Риз Ахмед очень талантливый, здесь явно прокол режиссера).  В данном сериале история крутится не только вокруг Насира, здесь присутствует несколько главных персонажей, однако все они блёклые, неинтересные, не вызывают симпатии и ничем особенным они не запоминаются, за исключением адвоката Джона Стоуна.  Джон Стоун безусловно не идеальный пример для подражания, у него свои минусы и недостатки, но в его поступках видна четкая логика и мотивация, его персонаж раскрыт, его персонаж интересен, в сценах с ним присутствует как драма, так и комедия, он получился самым комплексным из всех героев, а потому он единственный кому я симпатизировал и проявлял интерес. Он является практически единственным плюсом сериала.  Из положительных моментов я бы отметил операторскую работу, глаз получает эстетическое удовольствие при просмотре.  Концовка получилась смазанная, скомканная и недосказанная. Остается много вопросов после просмотра. Что создатели хотели донести до зрителя? Для меня тоже загадка.  Подводя итог, данный сериал никак нельзя назвать серьезной криминальной драмой. Правдоподобность и реализм это не про данную картину. Если вам при просмотре не понравилась первая серия, то смело выключайте, дальше только хуже. Если хотите посмотреть стоящий детектив, качественную криминальную драму, то посмотрите лучше Настоящий детектив.  4 из 10	Фантастический кретинизм	1
131	2019-03-27 09:22:00	Фантастические твари: Преступления Грин-де-Вальда	1	1	Оригинальные фильмы по этой киновселенной не всегда соответствовали книжному канону. Да и книги, несмотря на то, что имели довольно хорошую проработку, иногда вызывали недоумение или непонимание. Я понятия не имею как устроена финансовая система мира волшебников, почему у них до сих пор используются монеты из драгоценных металлов, хотя если общество магов развивалось параллельно обществу магглов, то у них должны быть хотя бы банкноты. Я не имею ни малейшего представления о том, какая общественно-экономическая формация царит там, как устроено производство, и где работают остальные волшебники (поскольку кроме Хогвартса, лавок в Косом Переулке и Хогсмиде, да Министерства Магии нам ничего не показывают). Непонимание касается и магических существ. Из всех представленных в оригинальных частях, большинство имеет какие-то аналоги в легендах (драконы, гиппогрифы). Но в первом фильме о фантастических тварях нам показали столько существ, которые смотрятся красиво, но не имеют аналогов в наших, маглловских легендах. Хотя, казалось бы, за тысячелетия существования человечества кто-то обязан был наткнуться на них в естественной среде обитания. Это допущение, конечно, можно простить первому фильму за связный и довольно интересный сюжет. Но второй фильм  Второй фильм нагло ломает книжный канон об коленку. Здесь и профессор Макгонагалл там, где ее быть не должно, и Альбус Дамблдор в роли преподавателя по ЗОТИ (хотя по книгам (если я правильно помню) он был преподавателям трансфигурации), и абсолютно дебильный крючок с новым Дамблдором. Нет у Альбуса братьев кроме Аберфорта, нет. И никогда не было. И их мать погибла при других обстоятельствах. И да, тот странный артефакт и «клятва на крови». Очень непонятный сюжетный ход. Насколько мы знаем, в мире магов есть непреложный обет. Нарушив эту клятву, нарушитель умирает. При этом все обходится без артефактов, и прочих лазеек. Почему нужно было клясться на крови, почему этот артефакт существует в единственном экземпляре, и почему он у Гриндевальда? На эти вопросы ответа не будет. Роулинг уже не в состоянии продумать такие повороты. Хотя, казалось бы, напиши, что они дали непреложный обет, поклялись что НЕ УБЬЮТ ДРУГ ДРУГА, и все, проблема решена. Дуэль между Дамблдором и Гриндевальдом в 1945 закончилась тем, что последнего заточили в тюрьму. Они оба остались живы. В общем, очередной бред.  Герои первого фильма здесь показаны как статисты. Они мечутся по Парижу, ищут друг друга и мальчика-который-всем-нужен, и не влияют на, прости Господи, сюжет. Вместо этого нам показывают Санта-Барбару, в которой я вообще ничего не понял. Кто чей брат, кто кого изнасиловал? Добавь туда Малахова, и получится очередной выпуск «Пусть говорят». Половину персонажей и половину сцен можно просто выкинуть, они там только для хронометража, больше никакой роли у них нет (ту же Нагайну). И абсолютно бездарный слив Лестрейндж. Абсолютно.   После «проклятого дитя» не было никакой надежды на то, что Роулинг напишет что-то внятное. И этот фильм подтверждает это. Вселенная Гарри Поттера мертва.  1 из 10	Вселенная Гарри Поттера мертва	9
132	2019-03-27 03:45:00	Время возмездия	1	4	Карин Кусама попыталась сыграть на довольно актуальной в ныне теме возмездия женского пола, и в поддержку этому концепту должна быть присоединиться Николь Кидман, не постеснявшаяся перенести на себе существенные метаморфозы грима и макияжа. Однако у фильма имеется не много аргументов дабы расположить к себе зрителя.  Молодая еще полицейская вместе с напарником из ФБР внедряются в банду, замышляющую коварные планы, ясное дело, тут нашлось место и мелодраме, но в итоге эта операция навсегда меняет жизнь всех участников. «Время возмездия»  как набор противоречий, которые озвучены не прямой речью авторами истории. Главная героиня, по каким-то соображениям решает изменить план операции, не на шутку ставя под удар своего напарника под прикрытием. Мотивация ее преподнесена очень банально в сюжете, поэтому этот поворот событий не совсем четкий.  Дальше, в самой банде имеется свирепый лидер, шума вокруг которого очень много, однако ни лидерских его качеств, ни коварности помимо фальшивых догадок главных героев на экране не показаны. Более того, в эпилоге этой истории, как-то совсем безобидным кажется этот злодей, и учитывая всю эту нагоняющую крутость нашей Николь Кидман, сопоставить ей в противостояния оказывается некого в этой истории.  Невыразительный сюжет и уж слишком очевидные претензии показать дерзкую женщину-детектива и маму в одном лице сводятся к противоречивым впечатлениям от просмотра «Времени возмездия». Метаморфозы Николь Кидман чисто визуально впечатляют, однако характер ее персонажа так и остался нераскрытым.  4 из 10		0
133	2019-03-26 23:14:00	Балканский рубеж	243	2	Антон Долин жёстко раскритиковал фильм «Балканский рубеж», посмотрев лишь около половины. И, как по мне, оказался абсолютно прав. Лично мне понадобилось от силы минут 5, чтобы убедиться, что передо мной невероятно плохое кино. Отвратительно снято, на экране что-то постоянно беспорядочно мельтешит преимущественно в сло-мо, камера трясётся и скачет каждую секунду с кадра на кадр, актёры бегают с бетонными лицами, постоянно бросая пафосные фразы из боевиков 80-х и иногда пытаются юморить, а в воздухе так и витает дух идеологии и пропаганды, которую как обычно под видом ранее неслыханной правды пытаются толкнуть зрителям. И это только первые пять минут, а ведь это чудо зачем-то идёт два с половиной часа. И я, в отличие от Антона Долина, посмотрел его полностью, и теперь, как порядочный зритель, хочу поделиться своими неутешительными впечатлениями.   И сразу хочу обговорить, что это кино не понравилось мне не из-за его идеологической подоплёки. Хотя лично для меня, когда я вижу в таком фильме бравых и со всех сторон героических русских солдат  всё становится безоговорочно очевидно. При этом я понимаю, что у разных людей могут быть разные мнения и альтернативные политические и исторические взгляды. Кто-то увидит в «Балканском рубеже» вонючую пропаганду, а кто-то свежий и честный обзор тех событий. А какой-то фильм, по-моему, необязательно должен становиться поводом для интернет-войн и активных споров. Поэтому для меня дело в первую очередь в качестве, в подаче материала и, пожалуй, в мотивах тех, кто делал это кино.  Как не сложно понять из самого поверхностного взора на этот фильм, сюжет его невероятно прост и предсказуем. Не стали создатели запариваться и выдумывать что-то особенное. Основной стержень  во время всем известных событий в Югославии 1999 года, русскому спецотряду нужно захватить и удержать от албанских террористов до прихода подкрепления стратегически важный аэродром, по ходу дела к ним ещё присоединяются пара местных полицейских, озабоченных местью, также присутствует невидимый противник в виде НАТО, тут всё ясно. И вот добрую часть фильма, зритель видит антураж и весь ужас зверств в Югославии, показанных естественно очень топорно, ждёт пресловутую бойню в аэродроме, и наблюдает героев, лихо несущихся по нелогичному и обрывочному сюжету. Понятно, что к концу кто-то умрёт, кто-то будет искалечен морально, а главное, что зрители будут реветь и хлопать.  Никакие характеры толком не раскрыты, все персонажи  просто самоотверженные герои, унылые и неправдоподобные, злодей  безумный фанатик с аналогичной мотивацией (плюс ещё максимально неприятный и нехаризматичный), события вообще не выдержаны в адекватном ритме, создаётся ощущение, что всё происходящее до финального побоища  просто набор хаотичных поворотов и инцидентов, отдалённо связанных между собой. Ну а сама кульминация снята, понятное дело, в сло-мо и столь эпилептично, чтобы понять происходящее на экране было как можно затруднительнее. Вся драматургия спущена в унитаз, эмоции у людей вызываются за счёт самых дешёвых приёмчиков вроде грустной музыки в нужный момент, патетических возгласов персонажей, давящих на жалость, показа ничем не обоснованного героизма, и (конечно же!) документальной съёмки.  Вот что меня раздражает тут больше всего  вырезки из документальной съёмки тех событий. Передавая привет «Т-34» и всем схожим картинам последних лет, хитрые создатели очень успешно сидят на двух стульях, презентуя якобы серьёзную и правдивую работу, которая должна нам на что-то открыть глаза, являясь при этом очень попсовым блокбастером и развлекаловом для самой широкой аудитории. Не уверен, понимают ли это авторы, но когда кто-то действительно хочет поведать людям серьёзную и тяжёлую историю, прям с документальной хроникой и реальными фактами, отображая страдания большого количества людей, он точно не будет превращать это в аттракцион, это попросту неадекватно. Никогда не думал, что скажу это, но даже Сарик Андреасян в подобных вещах за последнее время оказался лучше, так как, заявляя серьёзную и душераздирающую историю, он таковую и пытался рассказать в своём «Непрощённом». Да, получилось ужасно, да, взгляд режиссёра на события оказался диким и варварским, но он хотя бы не соврал и не превратил кино в боевичок с кучей пострелушек, сло-мо и качовых мелодий, как это сделали работавшие над «Балканским рубежом».  Вот они сначала так снимают, а потом жалуются, что либеральная общественность и американская пропагандистская машина мешают нормальному восприятию их фильма. И ещё всякие квалифицированные, откровенные и, конечно же, совсем неангажированные критики и искусствоведы одобряют это кино, говоря, что оно преподносит правильные ценности, и обладает корректным посылом. Может я уже ухожу далеко, но я считаю, что если кино действительно правдивое или объективное, то оно априори не может транслировать никакие «правильные» ценности, и не нужно быть вундеркиндом, чтобы это понять. Настоящее кино, даже с опорой на реальные события никогда не будет толкать очевидную мораль и единственно верную точку зрения, а скорее будет ставить вопросы и предоставлять зрителю возможность самому во всём разобраться, иначе это становится просто навязчивой пропагандой. Неужели они считают людей, идущих в кино, такими тупыми, что им постоянно нужно что-то вдалбливать в голову? Мол, они сами не разберутся, поэтому мы им всё расскажем и объясним.  И я не понимаю, откуда столько положительных откликов и оценок. По содержанию и качеству  это откровенный китч, по идеологии мнения могут быть разными, но хотя бы тот факт, что фильм яростно пытается навязать определённые мысли как минимум напрягает. Со всех сторон слабая и безвкусная работа, но людям нравится, так что остаётся уповать на BadComedian и его обзор, и только после этого те, кто активно плюсуют это кино, что-то поймут, классика.   2 из 10		93
134	2019-03-26 21:22:00	Рассказ служанки	1	0	Все рецензии начинаются с того, что мои замечательные коллеги оценивают визуальное качество сериала. Оно, безусловно, на высоте, как и все, что связано с технической частью. Замечательный звук, невероятная операторская работа. Некоторые сцены, в которых предполагается использование большого числа актеров (протесты, например) и без этого большого числа смотрятся замечательно!   Но вот проблема, лично для меня, в глобальном посыле этого сериала.   Современное общество в США представляет собой огромный котел из разных людей, скрепленных абсолютно различным судьбами. И всегда возможность борьбы за свои гражданские права была лейтмотивом всей политической и социальной жизни в Штатах. Однако, на современном этапе в американском обществе происходят коренные сдвиги. В первую очередь они связаны как раз с глобальным распространением леволиберальных идей. Те самые геи, лесбиянки, и им подобные  они активно выставляются в качестве политических, экономических и социальных жертв. А главный «насильник» в данном случае  это белые мужчины.   Данный сериал как раз отражает данный взгляд на социальную действительность и то, что произойдет по мнению этих леволиберальных сил, если общество «откатится» с их «прогрессивного» уровня. Выставляя себя в качестве жертв, апологеты данной доктрины утверждают, что существует некое «системное угнетение», с которым они, собственно, и осуществляют борьбу. И данный сериал должен служить живым доказательством того, каким же станет общество в случае их поражения.   Проблема всей этой риторики лишь в одном. Как уже говорилось выше, в США всегда одной из доминирующих идей была идея гражданских свобод. И как раз с этими гражданскими свободами сейчас там проблем нет, или почти нет. Но приверженцам концепции системного угнетения мужчинами явно этого недостаточно. Они хотят выйти на уровень государственного запрета на угнетения. Государственного запрета на дискриминацию. А как известно, любой запрет частной дискриминации  это государственная дискриминация, которая репрессирует граждан на их же ресурсы, которые перед этим были изъяты этим самым государством.   Так что предлагаю всем, смотреть этот сериал только с точки зрения хорошего технического воплощения и среднего качества проработки мира. Никаких глубоких «тоталитарных» идей в нем нет. Гораздо интереснее было бы посмотреть на то общество, где леволиберальные силы захватили бы власть и продемонстрировали что такое либеральный левиафан.	Леволиберальная трагедия	4
135	2019-03-26 20:41:00	Особо опасны	0	5	Рано или поздно в жизни каждого режиссёра наступает тот период, который я называю «творческая импотенция». То есть на хорошее кино «не стОит». Так случилось с Клинтом Иствудом и его сердобольным «Снайпером», и такая же участь настигла Оливера Стоуна. Я не знаю, что за 26 дет должно произойти в голове у Стоуна, что бы от «Взвода» опуститься до «Особо опасных».   Причины, по которым я включила сие творение, две:  1. Тейлор Китч  2. Аарон Тейлор-Джонсон   Но даже торс Китча и небесного цвета глаза Джонсона не смогли удержать моё внимание больше 40 минут. Дальше мой палец не отрывался от кнопки «Перемотать», ибо количество лишних и абсолютно бессмысленных сцен начало зашкаливать.   Я не знаю, какой ценитель красоты сказал что Блэйк Лайвли красива и сексуальна. Да так сказал, что пол планеты в это поверило. Сексуальности в ней не больше, чем у баобаба. Смотреть на её попытки в актёрстве было просто невозможно. И каждый раз, когда два бравых друга говорили «Мы её любим, спасём, в беде не оставим» я невольно закатывала глаза и цокала со словами «Омайгад»  Ещё больше вопросов возникало при каждой попытке режиссёра так или иначе раскрыть характер и мотивы каждого персонажа. Бен и Чон, два «наркобарона», как в начале своей «карьеры» так и на закате, выглядят не как серьёзные бизнесмены, а как два обсоса в рубашках в клеточку. Имея миллионы на счету, они по прежнему выполняют всю грязную работу, подставляя свои задницы под пули. Елена, будучи такой крутой бабой и имея много врагов, никак не защищает свою дочь. Её крутость начала сводиться на нет при каждой сцене с Офелилей. Тут они кушают вместе, а тут и в кроватке одной лежат. Дамы, ну вы бы еще в твиттере на друг друга подписались! Персонаж Дель Торо на протяжении всего фильма просто раздражал. То он примерный семьянин, то убийца и насильник, а то и вовсе жуёт сопли перед Еленой.   Из всего просмотренного я сделала вывод: если фильм напичкан целой ордой звёзд первой величины а режиссёр не Квентин Тарантино, то вам стоит усомниться в качестве этого продукта.   5 из 10   (за торс Китча и голубые глаза Джонсона)	Солдаты неудачи	0
136	2019-03-26 18:36:00	Дракула 3: Наследие	5	5	Твое сострадание нас прикончит  (примерно 47-ая минута фильма)  Дракула 3: Наследие   Король мертв, да здравствует новый король!  вот такими пафосными фразами кидается режиссер Люссье. И плевать, что от картины несет за версту дешевой халтурой, Хесус Франко может начинать завидовать. Ну, а если серьезно, то перед нами очередные приключения Дракулы 2000. Все правильно, сиквел «Вознесения», который в свою очередь был сиквелом «Дракулы 2000».  Откуда вообще взялось «Наследие»? Как выяснилось, товарищ Люссье снимал его вместе с «Вознесением». Т. е. безумно плодовитый режиссер, а-ха-ха. Отснял так много материала, что пришлось разделить на целых два фильма. Про «Вознесение» я вам уже рассказывал. Напомню, оно получилось ужасным, даже на контрасте с довольно вялым «Дракулой 2000».  Давайте уже теперь окунемся (с головой) в «Наследие». Люссье продолжает сюжетно историю. Священник Джейсон Скотт Ли (вместе с пацаном из Вознесения) преследует графа Дракулу. Наши бравые охотники на вампиров отправляются в Румынию, так как клыкастый вампир совсем распоясался у себя на родине. Насилует и пускает кровь бедным жителям.  Звучит? Конечно. Выглядит? Печально. Самое смешное, уберите из «Наследия» абсолютно всех вампиров, получится очередной фильм со Стивеном Сигалом (я про современного Сигала, а не того красавчика с ровной спиной и длинной косичкой из первой половины 90-ых). Страна же Румыния, Сигал частенько там ошивается, выпускает невменяемые боевики под копирку.   И уже в третий раз, Патрик Люссье меняет актера на роль графа, дурдом. Нет, я был очень рад увидеть культового Рутгера Хауэра, но придется признать, старик не способен вытянуть картину. Опять же, как можно снимать про Дракулу, если он у тебя появляется буквально на десять минут экранного времени  это уже бессовестная чушь. Ремнем по одному месту.  Осознаю, что ждать чего-то путного от Люссье не приходится, Патрик опустился на самое дно. Полтора часа герои гуляли по каким-то серым локациям и встречали (таких же) серых людей. Кровища строго дозирована. Нет слов. В кинематографе ведь полно примеров, когда режиссеры выдавали крутой треш или просто пародию на кровососов (от Мела Брукса до Вайтити), нежели бездарный фильм ужасов с серьезным выражением лица.   У Люссье  ни рыба ни мясо.  3,5 из 10	Мои фильмы из помойки!	4
137	2019-03-26 18:20:00	Капитан Марвел	6	2	21-й фильм в долгоиграющей киновселенной Марвел. Первый фильм, главным героем которого является женщина. Казалось бы столько факторов, что над данным фильмом Marvel Studios должны старательно поработать, однако мало того, что фильм не приносит ничего нового, так и он при этом совершает ошибки самых ранних картин киновселенной.   Сценарно фильм очень беден, настолько он наполнен штампами, причём настолько приевшимися, что аж зубы сводит. Очередная история попаданца, причём ещё и с амнезией, такого рода истории уже давно не находят отголоски у хоть сколько-нибудь привередливого зрителя. А главная героиня в исполнении Бри Ларсон имеет такие же проблемы, как например Тор или Капитан Америка в своих первых сольных фильмах. Капитан Марвел чересчур правильная, без изъянов и слабостей. Переживать за персонажа, который с лёгкостью расправляется со всеми трудностями увы не интересно, Мерри Сью, так сказать.   Да, на данные фильмы ходят в основном ходят не ради сюжета или потрясающих актёрских перфомансов, а ради красивого экшена. Однако и этого здесь нет, все экшен-сцены сделаны настолько невзрачно, что забываются почти сразу.   Однако в фильме есть пара сцен и персонажей, которые могут подарить пару положительных эмоций. Это персонажи Ник Фьюри, Талос и Гуся. Когда они появляются в кадре фильм хоть на время оживает, длится это не долго и нам снова демонстрируют Кэрол Дэнверс с её кирпичным лицом. Причём это не вина Бри Ларсон, я видел её в других фильмах, и там она показывает отличную игру. Здесь вина скорее сценаристов и режиссёров, что не смогли сделать персонажа интересным. Однако не всё ещё потеряно, если этого персонажа передать в правильные руки, то она может стать всенародным любимчиком, как это было с Кэпом и Тором.  А так в целом картина получилась очень посредственной, что в купе с тем, что и предыдущие картины Marvel Studios имели проблемы, ставит Капитана Марвел ещё ниже.   2 из 10	Капитан Кирпич	20
138	2019-03-26 17:51:00	Джефф	0	4	Банда. Ограбление. Девушка. Измена. Тайна. Бег по французским полям. Чехарда с поисками и сокрытием награбленного. Мистерия с враждой  дружбой. Кто же такой Джефф и кто Лоран?   Вот весь набор эмоциональных хэштегов, которые сопровождают фильм. Его продюсировал сам Ален Делон и видимо он планировал сделать нечто вроде «Асфальтовых джунглей» или «Второго дыхания», но разумеется с французским книксеном и учетом таланта самого Делона. Опять перед нами тот самый холодный убийца, сочетающий в себе такие противоположности как бунтарство и аскетизм. Впрочем, именно за эти противоречия его герои так полюбились зрителям. Увы, на этот раз при всем уважении к таланту этого человека я замечал лишь несвязные передвижения героев фильма. Они будто отрабатывали жанровую начинку делая нечто совсем другое  экзистенциальную мелодраму о мимолетности жизни. И это все выглядело не слишком убедительно.  Делон старался вытянуть все, стягивал к себе внимание и зачастую не в меру переигрывал. Так вышло в начале фильма, так было и в финале. Даже эти моменты не смогли убедить меня в серьезности этой ленты. Тут тот самый случай, когда посыл хорош, работают таланты и уровень должен выйти не хуже крепкой средней композиции. Но, взглянув на все воедино мы получаем лишь набор забавных импровизаций.  Впрочем, вот я так резко отзываюсь об этой картине, а кто знает Может в какой-нибудь параллельной вселенной реальный Лоран мечется по Франции после ограбления и не может в полной мере прояснить свои отношения с сообщником Джеффом?! Или может быть это кино снимает молодой Коппола и получает свой первый «Оскар»! Все может быть, однако в реальности нашей  это фильм попросту не дотягивающий до среднего уровня. Жанровая подделка лишь обыгрывающая известные моменты, но ни в коей мере не предлагающая ничего нового. И вот действительно, пожалуй, тут единственным развлечением для зрителя может стать попытка угадать  выживет ли герой Делона  4 из 10	Ален Делон  Лоран	2
139	2019-03-26 17:39:00	Русская невеста	4	3	Нетрудно видеть, что пытались сделать создатели «Русской невесты»: и приевшихся поклонников хорроров польстить, сделав реверанс в сторону классической готики, и обычных зрителей, добавив нотки дрянного эксплуатационного кино о «бабе, что мстит и чья мстя страшна». Даже жареную тему завезли: русский след, ввиду последних политических событий, кажется, приковывает внимание той или иной картине о россиянах. К сожалению, ничего из этого не посвящает себя стилю или истории. В конце концов всё происходящее просто скатывается в кровь, мясо и грязь, и то, что могло стать годным психологическом триллером, изобилует ошибками в логике построения сюжета, обладает сомнительным кастом и кинопроизводственными проблемами, базирующихся на бюджетных ограничениях.  Мать-одиночка Нина из Орловской области отчаянно пытается убежать из бедственного региона (орловчане, простите) и вместе с дочкой Дашей сбегают в Америку. Оказывается, нет ничего проще: затворники-миллиардеры, вроде Карла Фредерика, только и хотят, что познакомиться с бедными русскими матерями-одиночками, зависающими на сайтах знакомств с дизайном из начала «нулевых». Нина и Даша без проблем переезжают в уединенное поместье Карла. Большая часть событий фильма состоит из проблем «русской невесты», пытающейся смириться с чудачествами своего нового богатого мужа, и этого самого Карла, едва способного нагнать жути на зрителя.  Обстановка затерянного в снегах имения, кажется, имеет потенциал, особенно по части атмосферы. Сценарий также, ну, на бумаге, мог бы быть полон темных секретов и интересных поворотов. Однако в совокупности ни атмосфера, ни желания авторов выдать закрученный твист попросту не работают. Имею в виду, что к чему всё идет ясно с самого начала и выстроить фильм вокруг одной задумки сне очень удается.  В довольно типичной для триллера установке найдется место любому из стандартных элементов: и таинственным угрозам, и немому слуге, который что-то знает, соучастникам, убийствам. Безусловно, в таком формате не найдется место чему-то креативному, ведь случайно соединив разрозненные приемы не получится создать что-то действительно оригинальное. Тоже начинает касаться и мотивов антагониста: его предыстория взята из какого-то стандартного набора. Вкупе с летаргическим темпом повествования, это способно не просто усыпить, а вызвать максимальное раздражение. Лишь какие-то экстремальные вещи, вроде жестокого обращения с женщинами и детьми, могут взбодрить заснувшего зрителя, и то эти вещи мерзкие, поскольку художественно не оправданы: добавлены они были, видимо, из-за больной прихоти сценариста  настолько они грубы без контекста.  Гнусный и обыденный триллер точно придётся не по вкусу многим людям. Фанаты хорроры склонны, скорее всего, разругать «Невесту» за примитив, а обычные люди могут быть шокированы возрастающим градусам бессмысленного насилия, особенно ближе к концу. Убежденность сценаристов в их творении сводит на него всю снисходительность, способную родиться во время просмотра, стирая драматическую и психосексуальную составляющие.   3 из 10	Невеста, ты моя невеста	2
140	2019-03-26 16:29:00	Крид 2	0	6	Адонис Крид всеми силами желает отпустить прошлое, доказать право на имя и оставить собственное наследие. Однако, сценаристы франшизы это стремление поддерживают только на словах, а в действительности не разделяют. Возможно поэтому в новом фильме главный герой много говорит о самостоятельности, но набивает шишки на старых ошибках отца и тренера. Такое возвращение к сюжетным клише предсказуемо и заставляет зрителя скучать.  Проведя беспроигрышную серию и пребывая в статусе чемпиона, Крид принимает вызов человека со знакомой фамилией Драго. Тот оказывается лубочным грузным антагонистом, совокупные реплики которого едва ли займут страницу. Первый из поединков героев состоится минуте на сороковой в США, а второй, почти в самом конце, в Лужниках. Как вы думаете, чем закончится каждый из них? Есть предположения, что пошло не так, а что мотивировало к победе? Представляете как будут выглядеть тренировки перед финальной битвой? Кто будет пользоваться нечестными приемами, а кто терпеть и героически подниматься? Бинго!  Допустим, мы считаем, что другую динамику развития истории придумать слишком сложно. Но следует понимать, что спортивная драма никогда не является просто фильмом о защите золотого пояса. Главное стоит искать в промежутках между боями, в преодолении собственных демонов, в семейных ссорах и размолвках с тренером.   В этом фильме за границами канатов нас ждет только пережевывание одной той же мысли об ответственности отцов перед детьми и наоборот. Этот конфликт проявляется и бесконечно множится в отношениях Адониса с родителями/женой/дочкой/Рокки, в отношениях Рокки и его отпрыска, в отношениях Ивана Драго и его родителей. Пожалуй, наиболее характерной сценой всего фильма становится побег Адониса Крида с новорожденной в тренировочный зал, названный в честь Аполло Крида. И когда главный герой, выместив злость на груше, качает ребенка на руках, на него падает тень отца, изображённого на витрине.  Именно такие моменты визуальной силы и химия актеров спасают фильм от, если и не нокаута, то от проигрыша по очкам точно.   6 из 10	I’ll be in the ring though, we can shoot cinco	0
141	2019-03-26 11:17:00	Дешевые отходы	0	2	Итак, бедные и несчастные вооруженные грабители выбираются на шоссе после того, как их дело идет не по плану, но заканчивается успешно. Череда событий заставляет их остановится в не самом приятном, но, по-видимому, безопасном укрытие посреди нигде. Но как это часто бывает: оказывается, укрытие на самом деле является домом для, казалось бы, бесконечной орды нежити, все они требуют новой порции.  Звучит знакомо? Это сюжет «От заката до рассвета». Если по какой-то причине вы его не видели, не беспокойтесь; хоть он был и наверное остается ужасом детства, юности, молодости, для многих кинолюбителей, но по честному, он был не очень хорош даже в 1996 году, и с тех пор он ужасно постарел. Но этот синопсис мог бы в равной степени описать «Дешевые отходы», который рассказывает практически одну и ту же историю, только без байкеров, стриптизерш и без Чич Марина, неоднократно выкрикивающего слово «p * ssy».   Нет никаких сомнений в том, что это очень бюджетный фильм. Он имеет своего рода телевизионный взгляд начала восьмидесятых, хотя в других случаях, это само по себе неплохо.   «Дешевые отходы» с самого начала поднимает планку сценой ограбления. На самом деле, сцена ограбления ювелирного магазина в начале фильма (в комплекте с тенгу-масками и удивительно амбициозной операторской работой) совсем неплоха. Но, к сожалению, фильм больше никогда не приближается к так высоко задранной им же самим планке. Самое поразительное в этом фильме  его дико неравномерное качество. Сравнимо, с сотрудничеством трех или четырех режиссеров, совершенно разных уровней компетенции. Горстка англоязычных сцен, разбросанных по всему фильму  в которых ученый по своим причинам взаимодействующий с американскими военными  отвратительно написана и сыграна. Бесполезные и неработающие диалоги наполняют эти сцены по шею. Все это может быть оправдано языковым барьером, но в других местах сценарий все еще довольно ужасен, и он становится заметно хуже с продолжением фильма.  Тем не менее, даже позже в фильме операторская работа часто довольно хороша, с некоторыми хорошими кадрами, которые дают небольшой контраст с безобразием в других аспектах производства. Сами зомби сносны, и есть некоторые приятные эффекты, но фильм в целом страдает от банкротства идей, которое мешают зрителю почерпнуть из него хоть что-нибудь. Невозможно беспокоиться о истории или о любом из персонажей. За девяносто с лишним минут почти ничего не произойдет.  Единственное, из-за чего можно отдать должное «Дешевым отходам»: здесь мало того, что активно оскорбляет твои чувства как любителя кино. Это не худший фильм, когда-либо сделанный. Это просто очень, очень посредственно. Ни один из актеров никоим образом не запомнился. Сюжет практически отсутствует, сцены действий вызывают безразличность. Финал так же достаточно плох, чтобы вызвать какое-либо сильное ощущение. В нем качество фильма входит в штопор, поскольку героиня борется с «королевой-зомби», которая необъяснимым образом превращается в своего рода версию «Затерянного в космосе», когда она злится. Эффекты, гримм, операторская работа и освещение  все идет к черту вместе со всем остальным. Кажется, что все вовлеченные просто были в унынии от самого процесса съемок и обнаружили, что им уже все равно. Я же, в свою очередь, просто переживаю и надеюсь на то, что им всем хотя бы заплатили.  2 из 10	Все сражаются	0
142	2019-03-26 01:30:00	Айка	7	0	Сергей Дворцевой очень сильно переживает за «Айку» и настоятельно рекомендует своему зрителю последовать его примеру. В каждом кадре, в каждой сцене он показывает как девушке больно, как она страдает, в какой сложной ситуации она находится, некоторые из них он повторяет для лучшего усвоения и что бы зритель не только смотрел и видел это, но и в полной мере прочувствовал, он постоянно ставит его в неудобное положение и раздражает его почти непрекращающимися неприятными звуками, диалогами, поведением героев. Надо отдать должное, реализм просто зашкаливает и непринужденное поведение актрисы перед камерой тоже этому способствует. Режиссер, заботясь о зрителе тщательно пережевывает за него каждую даже самую мельчайшую деталь, не оставляя возможности самому собрать картину воедино.   С исполнением разобрались, теперь затронем моральную сторону  Цель героини  материально обеспеченная жизнь, об этом много раз говориться по ходу фильма в разной форме, в разных сценах. Столкнувшись, с неизбежными трудностями и проблемами, она начинает понимать цену успеха в материальном мире и ей предстоит делать выбор, платить его или нет. И раз за разом она делает этот выбор, причем разменной монетой выступает даже ребенок, рожденный ею в самом начале фильма. Больше всего пугает то, что создатели фильма ни в одной сцене не осудили главную героиню, а сочувствовали ей и наделили ее правом выбора в итоге, остаться человеком и матерью или перейти немыслимую черту.  Какое впечатление в итоге оставил этот просмотр?  Режиссер хотел сочувствия и я сочувствую, но «Москве», «Земле» и нашему общему будущему. Страшно, что человек в стремлениях к иллюзии уничтожает свой дом и самого себя.  Фильм есть и пусть будет. Каждый увидит его по своему. Но одну деталь я все же изменил бы. Перенес бы родильное отделение с первого этажа на десятый.	Не на той стороне	10
143	2019-03-26 01:26:00	Драйв	6	5	Давно хотела посмотреть этот фильм  вот, посмотрела. Не впечатлил.   Не понятна главная идея, зачем это все вообще было снято. Интересных идей и персонажей я здесь не нашла. Жестокость в кино меня не задевает, но здесь она излишняя, не вписывается, портит только тягучую, немного загадочную атмосферу, неоновые кадры. Чисто ради эффекта вписали, но у меня только омерзение вызвало.   Я считаю, что главный герой плохо проработан, мы не знаем его предысторию, его жизненный путь, вообще цель его жизни. Если у него есть работа, аж две  трюкач в кино и в автомастерской, зачем тогда он занимается преступной деятельностью? У него же никого нет из близких, зачем ему столько денег, куда он их тратит? По мне так и тех двух работ ему бы вполне хватило. Есть ещё вариант, что ему просто нравится, но как то это не заметно, не похож он на авантюриста. Мы вообще не знаем, что ему нравится, что есть в его жизни по мимо криминала. То есть нам подсовывают образ крутого парня, но никак особо не раскрывают. Далее делают его то ли героем, то ли психопатом (сцена в лифте как раз убеждает нас, что он неоднозначная личность  хм, какой интересный персонаж!). Потом, мотивация героя  спаси семью девушки, ну или хотя бы саму девушку. Ясно, что его тянет к семейному очагу, но что ему мешает перестать крутиться в криминальных кругах и завести свою? В итоге мы должны сострадать этому герою, который такой прям неоднозначный, загадочный и молчаливый, добрый в душе, хоть и снаружи псих. Ну какой то неживой персонаж вышел. Гослинг хорошо играл, впрочем персонаж как раз в его стиле, скорее это сценарные недоработки.   Если на сценарий в целом посмотреть  ну ничего интересного, можно в двух словах сказать в чем суть. Сплошное клише.   Атмосфера с музыкой только хорошие, снято ещё неплохо, а так  ничего интересного. Один раз посмотреть сойдёт, фильм не то, чтобы плохой, но и не особо хороший, хотя, ждала большего.  5,5 из 10		1
144	2019-03-26 01:23:00	Кошмар на улице Вязов	4	5	Кровавый и, в некотором роде, саркастичный образ Фредди Крюгера не безосновательно является символом своего времени. Символом ныне забавным и «чернушным». «Чернушным», это потому, что старожила жанра Уэс Крейвен наделил свое детище по-настоящему ужасающей внешностью и способностями, снабдив всё это дело некой неоднозначностью поступков антогониста.   Сюжет повествует о группе подростков, которых посещают одни и те же ночные кошмары, где маньяк, одетый в перчатку с ножами, преследует спящих. Но от обычных страшных снов эти отличаются тем, что все физические проявления (включая смерть) проявляются в реальности. Что немаловажно, полное отсутствие систематики и концепции действий сумасшедшего в красно-зеленом свитере превращает все развитие в каламбур с вполне человеческими гэгами и хохотом.  Ранее упомянутая неоднозначность кроется в самой подаче ужаса. Есть «каркас»  убийца сожжённый заживо. И есть поступки, коими Фредди до усрачки пугает своих жертв и вводит в ступор зрителя, заставляя ломать голову  кровавый хоррор это или жёсткая ироничная комедия. Отрубание собственных пальцев, вспарывание живота и какие-то человеческие, а не фантомные признаки, выдают маньяка-убийцу за пранк-актера, а не настоящее олицетворение «Короля Сомнии».  И да, в подобном жанре редко когда уделяют внимание актёрской игре. Но в «Кошмаре на улице Вязов» пренебрежительность к данному аспекту возведена в абсолют, полностью игнорируя какие-либо логические повороты. И если некоторые гриммировочные или технические детали можно опустить в силу времени (хотя 80-е ни чуть не умоляют причину их возникновения), то главное оружие кинематографа игнорировать попросту не должно быть возможным.   И да, для многих это покажется оскорбительным, но ностальгировать по нечто подобному  себя не уважать.  5 из 10		0
145	2019-03-26 00:20:00	Девочка, покорившая время	2	4	Выбрал данное аниме для просмотра в связи с любовью к сюжетам о путешествии во времени. Очень люблю эту тему, всё ещё остающуюся актуальной, пускай уже и редко демонстрирующую что-то новое. О потраченном времени я давно так не жалел.  Начну, пожалуй, с плюсов, количество которых не перевешивает отрицательные аспекты.  Визуальная составляющая: рисовка может и не самая актуальная для 2006-го, но мне понравилась, в стиле старых добрых аниме из 90-х, привносит свою атмосферу в происходящее на экране.  Саундтрек приятный, особенно запомнилась «Time Waits For No One», та ещё песня-паразит.  А теперь перейдём к минусам.  Сюжет  Сама основа сюжетной линии имеет потенциал, который абсолютно не был реализован в этой картине. Для меня успех любого фильма заключается в его способности вызвать эмоции по отношению к персонажам, чего не смогла добиться главная героиня. Она настолько поражает своей детской глупостью, которая никак не вяжется с её статусом старшеклассницы, девочка не руководствуется вообще никакими моральными рамками, безответственно растрачивает все прыжки во времени, после чего ВНЕЗАПНО должна вызвать сострадание у зрителя. А стало быть, с чего это вдруг? Имея возможность(и не одну) изменить судьбы людей и положение вещей в мире, она тратит свои силы на то, чтобы избежать признания в любви от парня, который ей нравится, потому что онa, видите ли, стеснительная особа. Чуть не забыл, ещё на пудинг. Это важно.  Из оригинальных моментов можно выделить счётчик прыжков на руке и сам способ путешествия во времени. Жаль, что сюжет больше ничем не выделяется.  После просмотра любой киноленты я ставлю перед собой вопрос: какую мысль пытались донести авторы? На мой взгляд, мораль сей басни такова: умеешь путешествовать во времени  делай это с умом. Коим главный герой не блещет.  Если вы как и я, решили посмотреть аниме ради сюжета про путешествия во времени, есть немало достойных картин по этой тематике, не позволяйте девочке красть ваши полтора часа жизни, это слишком дорогая цена.  4 из 10	Девочка, не умеющая думать	2
146	2019-03-25 19:45:00	Послание в бутылке	0	5	Вы знаете очень сложно написать отрицательный отзыв. Почитав как рьяно девушки/женщины защищают данный фильм за его исключительную романтичность, я понял, что меня просто распнут за мой негатив.  Вобщем, фильм можно охарактеризовать одним словом  «Слезодавилка». На каждом шагу нам пытаются всучить розовую шляпу под видом романтики.   Итак с одной стороны берем мужчину. Убиваем его жену, естественно беременную, отца делаем алкоголиком с каким-нибудь душещипательным бэкграундом, добавляем брата жены, который во всем винит ГГ. Все делается максимально трогательным, что вот просто слезы лить только глядя на бедного мужчину.  А с другой женщину лет 40, которой нужен мужик (желательно романтичный, но это не точно). Собственно, чтобы с ней ассоциировалась целевая аудитория. При этом возраст аудитории естественно неважен.  К слову о романтике. Что романтичного в главном герое? Что он свечи зажигает на первом свидании? Его неловкость на первых свиданиях? То, что он не занимается сексом на первом свидании, а мило накрывает девушку пледиком? Недостроенная яхта? ПИСЬМА! Он пишет чертовски классные письма! Собственно этого похоже достаточно.  Актеры. К Робин Райт вопросов нет, мне она понравилась. А вот Кевин Костнер вообще не тянет эту роль. Камень какой-то. Из второстепенных почему-то запоминаются Пол Ньюман, который просто супер! Очень проникся к данному персонажу. И Джон Сэвэдж, тут опять пустышка, но нам его почему-то пытаются впихнуть на помощь к Костнеру.   Итого: дичайший хронометраж для такого обычного сюжета (126 минут), абсурдная концовка, нелогичные действия героев, скучный и свосем неромантичный фильм.  5 из 10		1
147	2019-03-25 17:46:00	Кислота	4	4	Когда я только услышал про этот фильм, я думал, что это будет хорошая драма про современную молодежь. К сожалению, я получил не совсем то, чего хотел.  Начну с мысли, которую хотели донести режиссер и сценарист: У молодых людей нет проблем, они сами себе их навязывают. Я был действительно удивлен тем, что фильм, который должен был говорить о проблемах молодежи, просто отрицает их существование.  По моему мнению, это ужасный посыл.  Но даже если не брать перечисленное выше, у фильма все равно очень много проблем.  Актеры, хоть убейте, подобраны неплохо, но они как будто не играют. Большинство главных героев весь фильм ходят с кислыми лицами. Иронично, если вспомнить название.  Саундтрека тут будто нет. Только песня Дельфина запомнилась, остальное забыл сразу после просмотра.  Лучшая часть фильма  визуальная. Все выглядит очень красиво. Хоть делай скрин и с рамкой на стену вешай.  «Кислота» пытается быть умным фильмом. Но вместо того, чтобы поднимать важные темы, кино отрицает их. В нем, кроме визуала, нет ничего хорошего.   4 из 10	Неожиданно плохо	1
148	2019-03-25 15:35:00	Дракула 2: Вознесение	3	3	Как же мы облажались!  (примерно 24-ая минута фильма)  Дракула 2: Вознесение  Пытаюсь вспомнить, когда у меня появился интернет. В 2003 году его точно не было. Просто представьте, вам попадается диск с фильмом «Дракула 2». Первая реакция, кто-то снял продолжение «Дракулы» Копполы, а-ха-ха. Я это к тому, что режиссер Патрик Люссье начинает пудрить мозги даже названием, чего уж говорить про содержание.   На самом деле перед нами продолжение фильма «Дракула 2000». Могли ведь назвать «Дракула 2000, часть 2» или тупо «Дракула 2003», в год выхода. Ладно, давайте уже перейдем к сюжету. Он напрямую связан с оригиналом, удивительно. Несколько студентов привозят тело Дракулы к одному ученому в его заброшенный дом, чтобы получить награду.   А дальше нас утопят в каких-то банальных трешовых вампирских штампах. Нет, Ван Хельсинга не дождетесь. Зато будет Джейсон Скотт Ли в роли охотника на вампиров. Весь фильм ходит в черном балахоне с таким видом, мама забери меня обратно в «Книгу джунглей» (кстати, лучший ведь фильм Джейсона). По поводу самого Дракулы, это цирк ходячий. Конечно, старина Батлер отказался участвовать в подобном, заменили на ноунейма Биллингтона.   Намазали стремный грим, в итоге Дракула больше смахивает на живого мертвеца, чем на вампира. Я не понимаю, зачем режиссер вообще полез снимать продолжение (тем более для ТВ), когда оригинал провалился в прокате. Видимо как-то дособирали с продаж кассет и дисков. «Вознесение»  скудная картина, поэтому не удивляйтесь, герои половину времени будут сидеть в одном месте и трепаться.   Добавьте сюда унылые диалоги и невменяемое поведение многих героев. Даже как-то странно, некоторым киноманам фильм понравился. Он не худший, конечно, но и хвалить его особо не за что. Развожу руками. Роя Шнайдера вон написали на постере. Культовый актер из «Челюстей» Спилберга. Появляется всего лишь на одну минуту. Мне кажется, режиссер Патрик Люссье банально маялся от безделья.   «Дракула 2: Вознесение»  дешевый и бледный хоррор, якобы про Дракулу 2000, а-ха-ха. Категория Б, естественно. Вы знаете, отдайте бюджет картины Чарльзу Бэнду, он вам штук 5 подобных фильмов сделает. Да-да, «Подвидов» очередных. На контрасте, «Подвиды» круче.   3 из 10	Мои фильмы из помойки!	7
149	2019-03-25 15:16:00	Шоугелз	1	5	Казалось бы, после звёздного «Основного инстинкта», приковывавшего внимание миллионов зрителей ради острого пикантного триллера, а некоторых  ради одной-единственной сцены, карьера режиссёра Пола Верховена пойдёт на подъём. Как раз подсуетились продюсеры Metro Goldwyn Mayer, наделив голландца отличным бюджетом в 45 миллионов долларов, дав ему творческую волю и много времени (3 года) на создание нового проекта  «Шоугёлз», историю про путь простой девушки-танцовщицы к славе через тёмные закрома шоу-бизнеса. И фильм действительно ждали, шумиха вокруг него была впечатляющей даже по меркам популярной культуры. Что уж говорить, если у Верховена мечтала сняться Мадонна  тогдашняя главная скандальная авантюристка в мейнстримной среде. В общем, все ждали кино красивое, драматическое, а авторы хотели его таким сделать. Однако, получившийся материал вполне себе уместно сравнивать с порнографией  И дело даже не в навязчивом показе голых девушек на протяжении половины экранного времени, хотя и это  отнюдь не следственный фактор. И не в том, что Верховен перенёс классический фильм «Всё о Еве» на современный и более громогласный лад. Порнофильмы отличает для галочки сделанный сюжет, и складывается ощущение, что в «Шоугёлз»  та же ситуация. Почему-то у режиссёра сценарий получился откровенно провальным, как и его реализация. Чопорность чувствуется с первой сцены, где звезда сериалов Элизабет Беркли, исполнившая главную героиню Номи, и сыгравший водителя актёр «побесили Станиславского». Очевидно, что приглашение молодой и неопытной Беркли оказалось ошибкой, причём отвечать в большей степени пришлось именно ей, в виде сломанной карьеры. А вот виноваты авторы в первую очередь, ибо прописать настолько противоречивого и халтурного персонажа  их халатность. Обозванная Номи Мэлоун  то человек чести как минимум для себя, то истеричная дура, кидающаяся гонором направо и налево, то просто важная особа. Одно её не меняет: она всегда крайне вольготно разодета. И если сначала хоть как-то худо-бедно верится в чистую мечту девушки стать танцовщицей, то дальше приходит полный разгром, так как вдруг ни с того, ни с сего, без видимых реальных причин она предаёт все перечисляемые идеалы и становящаяся обыкновенной шалавой, коих якобы в грязном закулисье клубов Вегаса чуть ли не сто процентов. Изувеченный образ даже несколько разбавляется неожиданным открытием о Номи ближе к концу, банально-интересным. Но ни героиню, ни фильм это не спасло. Он уже был доверху пропитан глупым сюжетом, больше похожим на выдумки озабоченного фантаста.   То, что Верховен  не американец, видно сполна. Он-то и выступает главным фантастическим создателем сего творения, больше похожего на его личное желание побаловать либидо. По-другому сложно объяснить гигантский хронометраж с изобилием женской груди, разве что не воткнутой в сцены на улицах Лас-Вегаса, и гигантское акцентирование на сексе. Секс здесь  главная тема, но даже без особых знаний понятно, что знатно преувеличенная. Термины и разговорные словечки из эротической тематики исходят от героев повсеместно. Разговоров про это гораздо больше, чем более подходящих по смыслу. Действий тоже. Разве имеют здравую логику постоянные выпячивания груди наружу у Генриетты, известной по родственной к определённой сфере кличке «Мама»? А таких примеров набирается много. И с героями так же. Куда ни плюнь, везде найдётся сугубо мерзкий персонаж, который за деньги или работу вытворял такое, что и под прокатный рейтинг NC-17 (запрещено к показу несовершеннолетним) трудно подвести. Если данное видение создателями шоу-бизнеса не выглядит абсурдным, то как минимум  поверхностным и надуманным. В фильме, за исключением Молли, подруги Номи, которая вообще не имеет отношения к процессам (хотя и она однажды промолвилась про секс совершенно не к месту), и рыжего паренька-инструктора, каждый, абсолютно каждый  какая-нибудь нравственная свинья. Все девушки в «Шоугёлз» либо шлюхи, либо лицемерки, продемонстрированные максимально стереотипными. Все мужчины  похотливые уроды, которым лишь бы присунуть. Линия с приставучим афроамериканцем вообще никакой ценности не несёт. В конце это доводится до клинического состояния, благодаря сцене на вечеринке в доме Зака Кери. Впоследствии Джо Эстерхаз  сценарист фильма, признал эту сцену грубейшей ошибкой.   Из-за «Шоугёлз» складывается впечатление, что озабочены все и все на этом строят жизнь и карьеру в поп-культуре. Ещё более добавляет веры в такое суждение одобрительная критика, направленная многими деятелями киноискусства. Некоторые из них отмечали достаточно простой тезис о том, что работа Верховена демонстрирует подлость и, по словам Жака Риветта, «выживание в мире подлецов, в чём и состоит его философия». Конечно, наверняка отчасти его слова правдивы, но аллюзия в фильме уж слишком извращена. Сейчас трудно представить, чтобы любая условная звезда Голливуда пробилась в кино исключительно с помощью умения давать кому надо. Возможно, бывали случаи, всё-таки навеянные стереотипами и байками, но и то  уж не с конвейерной частотой. Слова Риветта больше подходят к коммерции, но никак не к похоти. Близкие к нему мнения высказывали независимые режиссёры Квентин Тарантино и Джим Джармуш. Некоторые и вовсе называли «Шоугёлз» сатирой, хотя таковой там не видно и близко. Как-никак, сатира  это юмористический жанр, и пускай весь дырявый сценарий так и превращает фильм из драмы в дешёвый фарс, он всё же хлещет эмоциональной трагической дешевизной. И вряд ли можно назвать «Шоугёлз» сатирой на общество. Оно здесь просто выставлено отвратительным, но никак не высмеянным.   По-настоящему показательна критика самих создателей и участников съёмочного процесса, которые не стеснялись сами себя бичевать в прессе. Например, Кайл Маклахлен, сыгравший Зака Кери, был подавлен на премьерном показе фильма и говорил, что ожидал совсем другого, что в нём неправильный режиссёр и неправильный актёрский состав. Тот же Эстерхаз ругал своё детище и за актёров, и за музыку в кино. Вообще, техническая часть  единственное, что смотрелось не скудно. К слову, фильм провалился в прокате, не отбив затраты. Но самый интересный момент случился на 16-й церемонии вручения антинаграды «Золотая малина», где «Шоугёлз» получил пять «премий». Пол Верховен лично пришёл и лично получил все пластиковые безделушки, таким образом став первым режиссёром, посетившим церемонию.   К Верховену остаётся вопрос: в 2002 году он назвал журналу Sight & Sound десять своих любимых фильмов, среди которых были и «Сладкая жизнь», и «Седьмая печать», и «Расёмон» и так далее (каждый как минимум заслуживает внимания). Так вот, как получилось, что вдохновлённый признанными работами, которые безудержно плещут продуманным сценарием и качественной постановкой, имеющий на руках 45 миллионов долларов бюджета, смог снять настолько провальный фильм, где нет ни продуманного сценария, ни качественной постановки? Раз «Шоугёлз»  двенадцатая работа Верховена, то его список-10 выглядит не как правдивый выбор, а как обычное позёрство.  1,5 из 10.	Очень дорогое культовое порно.	0
150	2019-03-25 14:29:00	Покидая Неверленд	0	0	Не хотела смотреть, не потому что Джексон всегда нравился, а только потому что прошло десять лет с его смерти, и такого рода признания у меня лично вызывают сомнения. Посмотрела, после того как Собчак высказалась какой же все-таки Джексон маньяк-педофил, извращенец и многие другие эпитеты полетевшие в его адрес после выхода этого фильма. И так, о чем или точнее что нам хотели сказать этим «откровением»  На мой взгляд показали, что судебная система в США несовершенна как и во многих других странах. Судебные разбирательства длившиеся не один год в США по обвинению Майкла Джексона, закончились его оправданием по всем 14 пунктам обвинений. Во время разбирательств в расследование проводили Полиция Лос-Анжелеса, Департамент по делам детей и семьи, ФБР, но главное на протяжении 13 лет шло тайное расследование! И ни одна из этих уважаемых инстанций не нашла ни одной улики доказывающей его виновность. Один из героев фильма давал на том суде показания под присягой, врал суду? Маловероятно, до дачи показаний с несовершеннолетними работают психологи, любой психолог бы работая с подростком подвергающимся сексуальному насилию не может быть открытым, веселым, общительным! По поведению было бы понятно, но таких вопросов не возникло. В то, что Джексон откупился, слабо верится, это не российские суды, там даже поп-король отправился бы на электрический суд если вина была бы доказана. Больше всего возмущает молчание после смерти в течении 10 лет!!! Даже если предположить, что при жизни боялись, денег получили и т. д., то почему молчали 10 лет? Для меня загадка, как то как матери не замечали живя с Майклом в одном доме, беря деньги, пользуясь всеми возможными благами. Или пока деньги были, хрен с детьми потерпят ради бабла? Это какой то кощунственный цинизм и мамаш и детей. Фильм снят однобоко, ни других свидетелей, никакого шанса для защиты. И потом документальный фильм это нечто другой на мой взгляд, это больше похоже на избиение младенца.	Пляски на костях	0
151	2019-03-25 10:27:00	Трезвый водитель	12	0	Даже странно, что люди, создавшие столько успешных проектов в кино и на телеке, прежде всего с СТС, могли так схалтурить. Ладно Резо Гигинеишвили: у него хронические проблемы с героями, логикой их поведения и посылом, который должен дойти до зрителя. Остальные как могли так опростоволоситься? Проблемы начинаются ещё с завязки, где главный герой, который развозит пьяных богачей и девушек с сомнительной социальной ответственностью, вызывает на помощь друга из провинции. Ему видите ли не охота платить за такси, чтобы самому возвращаться домой, а многие клиенты живут на Новой Риге и Рублевке. Заложить обратную дорогу в стоимость услуги не судьба, лучше другу копейки отстегивать. «Л»  логика. Еще смешно, что он обслуживает исключительно богатых людей, давно в деле, но даже ночь в Ритц Карлтоне считает себе не по карману. Да ну! Стандарт за 11 000  это роскошь? Мне кажется, если сильно хочется, то разок можно себя побаловать. А Москва после Крыма и Сирии гуляет с ночи до зари как ни в чем ни бывало. Конечно! Санкции никого не коснулись, доллар не подорожал. Особенно военные оттягиваются. В общем, вот такая мазня в фильме всю дорогу. Не делает его лучше отсутствие целей у главных героев. Окей, дамы хотят раскрутить мужика побогаче и жить на его деньги. Тут вопросов нет. Но оба «трезвых водителя» о чем мечтают, к чему стремятся? Вообще кто они? Герои без биографии тоже не круто.  Ну и вот это «восьмиста», «едь», «одень часы»! Думал, фишка такая, чтобы подчеркнуть провинциальность героев, но теперь нет, уверен, сценаристы реально не знают, что надо говорить «восьмисот», «езжай» и «надень». Так что, Антон Долин, подумайте еще раз над тем, какой фильм в этом году худший.	#нивкакиерамки	24
152	2019-03-25 07:50:00	Девушка в тумане	2	0	В который раз убеждаюсь  чем более восторженны отзывы отечественных критиков, тем хуже на поверку выходит фильм.   Ничего триллерного. Никакого туману. Я всё ждал  а когда наконец-то появится этот туман, может быть даже метафорический, как квинтэссенция зла в душах людей? Туман не появляется.  Сюжет не лишен оригинальности, но совершенно лишен того, что просто необходимо детективу  психологического правдоподобия. Главный прием, который один критиков обозвал «постправдой»  на самом деле провокация. Одни сплошные провокации, одна мерзостней другой. «Главный» детектив совершенно равнодушен к поискам правды, к страданиям жертв, разгадыванию загадок. Ему даже плевать на результат  подумаешь, невиновного в результате его провокаций упекут за решетку! Зато потом бедняга получит компенсацию от государства за страдания. Человека даже линчевать могут по его науськиваниям  тоже подойдет. Единственное живое чувство  радость, когда этот мерзкий старикашка сам попадается в ловушку подобную той, что расставляет обычно другим. Выбор Сервилло на эту роль  выстрел в молоко. Лысый, дряблый, циничный, погруженный в извращенные отношения с продажной тележурналисткой. Камера подчеркивает его непривлекательность: то его голые пятки тычут зрителю прямо в нос, то он красится перед зеркалом, как шлюха перед выходом на панель. Часто крупный план дается с подсветкой снизу, для придания инфернальности лицу, но получается какая-то карикатура.  Не удивительно, что с таким «следователем» фильм заканчивается фактически ничем. Просто оборвали действие, додумывайте сами, дорогие зрители.  Жан Рено неплох, но его мало в кадре, а его место в сюжете толком не продумано. Алессио Бони временами смотрится неплохо, по крайней мере, не вызывает отторжения. Вот, в общем, и все. Антураж примитивен, персонажи второго плана никакие.  Скучно, местами глупо, совсем неинтересно. Просто кто-то решил, что это шедевр, и свита начала нахваливать новое платье короля. Но король-то голый!	А король-то голый!	2
153	2019-03-25 05:01:00	Мэри Поппинс возвращается	6	0	«Мэри Поппинс наносит ответный удар» в смысле, «возвращается» вышла уже давно, а я всё не решался его посмотреть. Потому что в моей вселенной (ну, в той, где я  центр всего этого нашего грешного мироздания) есть фильмы, за которые браться стоит только в том случае, если можешь гарантировать шедевр. Таким фильмам («Алисе в зазеркалье», седьмым «Звездным войнам» и прочая) недостаточно быть просто хорошими. Они должны потрясти, стать новым откровением.  Я люблю советскую «Мэри Поппинс» (вырос на ней), мне чертовски нравится голливудский мюзикл «Мэри Поппинс» (который увидел уже зрелым) и просто обожаю «Спасти мистера Бэнкса»  удивительную историю экранизации сказки.  И я не перевариваю книжный оригинал. Вот как-то так вышло. Дважды брался  и нет. Мэри Поппинс из книги кажется мне самовлюбленной двуличной теткой, которая заставляет всех говорить ей, что она  само совершенство. Киношные Мэри мне в разы ближе. Почему-то они мне всегда казались не сказочными персонажами, а представителями какой-то сверхрасы людей, которые не забыли нечто главное и не утратили могущество. И Мэри с восточным ветром приходит к обычным людям, старается пробудить в них понимание того, как надо жить, к чему стремиться. Она никогда ничего не решает за людей. Не использует свои силы для решения их проблем. Мэри поступает иначе  она делает людей лучше, чище и сильнее. Чтобы они сами могли решить свои проблемы. А чудеса  они нужны лишь для того, чтобы показать, насколько мир удивителен, насколько реальность шире обычных представлений о ней.   Есть другие, такие же как Мэри Поппинс. Есть те, кто многое помнят, хотя и смирились с существующим миром. Таким мне видится, например, Берт.  Ну, про сверхлюдей  это так, мои фантазии. А всё остальное  так и есть.  И вот  на волне ремейков, переосмыслений и сиквелов  «Дисней» сдул пыль с мюзикла 55-летней давности и решил подзаработать на этом шедевре. С первых кадров видна преемственность. Новый «Берт» колесит по полунарисованным задникам  всё так лампово. Всё так узнается.  Радостно и тревожно одновременно. Со временем понимаешь, что «Дисней» решился на необычный эксперимент. Сейчас все киноделы (и не только) берут проверенные «скелеты» сюжетов и просто украшают их деталями  сценами, персонажами, спецэффектами, музыкой. А с «Мэри Поппинс» поступили ровно наоборот  сделали новый «скелет», но впихнули его в старую «кожу». Второй фильм проходит через все основные сцены оригинала. Это не отсылочки  это буквальный повтор. Там бродяга Берт  тут фонарщик, там уборка в комнате  тут купание в ванне, там летающий дед  тут Мэрил Стрип в доме вверх дном. Сцена в картинке, сцена в банке, сцена с трубочистами, то есть, фонарщиками и так далее.  А вот идею пытались внести новую. Майкл и Джейн выросли, все былые чудеса кажутся им выдумками. И в этот раз к ним тоже прибывает Мэри Поппинс. Когда Мэри встала перед выросшими детьми, и зазвучали аккорды старого мюзикла  я едва не заревел.   В прошлом была на вид благополучная семья, ее проблемы крылись под внешним лоском респектабельности. Теперь же проблемы у нового поколения налицо. Не надо думать, искать  всё очевидно. У вдовца Майкла уже трое детей, и он вот-вот должен лишиться дома. Как спасти его? Что надо изменить в себе и в жизни, чтобы сохранить дом на Вишневой улице?  Я в волнении ждал, что же нового скажут киноделы XXI века. Появление «зла», которое надо непременно победить, меня насторожило, но что поделать. Сегодня все сказки без зла калечат таким образом. Ведь проще воплотить проблему в персонаже, победить его и торжествовать!   Ах, если бы это было самым ужасным  Наступает кульминация, и Мэри Поппинс делает то, что не делала ни одна из предыдущих: использует суперсилы для спасения Бэнксов. Столько «поколений» этих Мэрей учили нас, что спасать себя надо самостоятельно. Искать силы надо в себе, а не в сверхмутантах Но современный кинопром слишком приучил зрителя к том, что люди со сверхспособностями должны решать наши проблемы Увы. Новая Мэри Поппинс следует заветам Бэтмена и Капитана Америки.  Но и это не всё.  Затем появляется бог из машины в лице Дика ван Дайка. Я был чертовски рад увидеть живым и бодрым этого «мощного старика». Но сюжет! Зачем нужны были эти полные экшона и страстей 15 минут, если выходит дед и всё разруливает.  А под конец новый фильм взял и надругался над старым. Помните два пенса, которые маленький Майкл хотел потратить на корм голубям? Это была важная мораль старого мюзикла: не будь прагматиком, совершай невыгодное добро. Так вот, ее швырнули на землю и прошлись по ней грязными ботинками. Хочешь быть счастливым  будь меркантильной сволочью!  Меня просто убила развязка фильма. Сказать, что меня оскорбили  ничего не сказать. Я боялся неудачного ремейка. Или наоборот  вторичного дублирования. Но вот такого. «переосмысления» я не ожидал.   «Дисней». Ты монстр!	Новые скелеты в шкафу «Диснея»	6
154	2019-03-25 02:50:00	Балканский рубеж	4	0	Скажу сразу и честно, я не смог выдержать хотя бы 30-ти минут этого фильма, и не потому, что в самом его начале были показаны какие-то невероятные вызывающие отвращение сцены, которых нельзя было бы встретить в каких-то других фильмах на военную тематику, что совсем не так,  встречались и похлеще,  а потому, что уже в самом своём дебюте он предстаёт перед зрителем как нечто, что не собирается работать хотя бы по литературным законам с неизменной последовательностью сюжета, представлением и дальнейшим раскрытием героев и т. д. Была ещё надежда, что начальная сцена в лесу была показана как что-то, что по сюжету фильма шло бы уже ближе к концу, а последующие кадры оказались бы флешбеком, показывающим какого лешего их вообще туда занесло, кем и почему их обстреливают, и кто эти солдаты, которым уже в самом начале требуется сопереживать и, главное, почему, ведь с тем же успехом можно было бы показать группу диверсантов, спалившихся на том, что они готовили серию террактов против мирного населения, и в последствии пытающихся скрыться, но последующие за этим 5-10 минут развеяли мои заблуждения. Получается, что уже в самом своём начале фильм стартует с обрезанного сюжета, куда понапихали не к месту чрезмерное количество слоу-мо, нелепую смерть одного из членов отряда, последовательность событий, даже не старающуюся показать, какого чёрта их туда вообще занесло, и всё это приправленное лёгкой щепоткой «обратной клюквы» в виде непонятно откуда нарисовавшегося орущего на их отряд англоговорящего персонажа, которого при смене униформы и языка на немецкий легко можно выдавать за шаблонного офицера СС из фильмов про Вторую Мировую и ВОВ. *Дожили, теперь бред пытаются победить другим бредом.*   Что касается самих событий (бомбёжка Югославии), во времена которых и разворачивается сюжет, то я не считаю их надуманными или недостойными внимания. Я считаю, что к этой теме, которую в мировом кинематографе долгое время обходили стороной (по крайней мере, на моей памяти) требуется куда более достойное отношение, чем демонстрация старых клише и штампов, которые к месту и не к месту пихают уже в самое начало фильма. Я считаю, что к созданию этого фильма и в первую очередь к сценарию следовало было бы куда более ответственно относится, ведь подать историю вполне возможно таким образом, что даже «умопомрачительная» игра Куценко и не менее «выразительная» мимика и «харизма» Пампушного легко могла бы вписаться и не заставляла бы заканчивать просмотр картины уже через 20-30 минут после её начала.    Отдельно стоит отметить, что в нашем кинематографе в очередной раз взяли серьёзную тему, и в очередной раз безобразно отнеслись к её воплощению, удобно расположившись на ниве её использования, потому что если, как в данном случае, к примеру, будут появляться те, кто критикует данный фильм, их с лёгкостью будут обвинять в «пособничестве НАТО и оправдании бомбёжек Югославии», ведь «фильм об этом», а факт того, что претензии главным образом исключительно к исполнению, а не к содержанию, будет успешно игнорироваться. Тут в принципе как и в истории с «Капитаном Марвел» или «Черной Пантерой», когда критиков этих фильмов клеймят расистами и женоненавистниками, закрывая глаза на то, что критикуют в основном за слабый сюжет и в целом хреновое исполнение.   ПС Понять участие Митича и Кустурицы в этом фильме можно, ведь тему бомбёжек Югославии долгое время в кинематографе обходили стороной.	Тема, достойная куда лучшего исполнения	2
155	2019-03-25 02:43:00	2+1	1	4	1. В фильм поместили две сверхзадачи: в чём истинное счастье и что надо ценить счастье несмотря на его зыбкость и скоротечность, даже наоборот, за его ненадёжность и скоротечность. А мы все знаем что бывает если погнаться за двумя зайцами. Это сгладило всю драматичность.  2. Мир в фильме это какой-то мир светлого будущего, где все друг другу протянут руку помощи, вот только иногда в этом мире случается дерьмо. Мне думается именно тоска по такому миру  одна из основных причин столь высокого рейтинга.  3. Взросление Глории, а через неё Сэмюэля прошло в один кадр. Вот, буквально, только он сидит опустошённый у порога незнакомца, а в следующий момент короткая нарезка счастливых отношений. То есть изменения от абсолютно безответственного разгильдяя из первых кадров до практически образцового отца, который забрасывает всё в пользу дочери происходит без всякой ломки? Глория совсем не мешала папке-повесе? Так не бывает.   4. Объяснение невероятного самоотречения Сэмюэля потом появляется, но так как я его узнаю только в конце, то на протяжении всего сеанса фильм мне казался поверхностным. То что должно было быть пиковым моментом, сломом дуги характера  сделали твистом.   Так ли был необходим такой твист?  5. Это должен был быть фильм о преодолении. Преодолении и выходе в ноль. Преодолении себя ради счастья другого, но вот этих самых преодолений как раз и нет. Они только обозначены.., пунктиром. Всё так рооовненько Возьмём тот же утёс. Он так и провисел до конца лишь легонько пшыкнув.   6. Даже уход за младенцем судя по нарезке сплошное удовольствие. И зачем тогда всякие пособия по уходу государство выплачивает если это так легко и необременительно?  7. Не буду скрывать, склонность Кристин спать только с неграми смутила меня (их минимум трое). Эту закономерность не списать даже на толерантность; толерантность  это раздвигать перед всеми без разбору, а в данном случае скорее патология.  8. Глории в начале три месяца. Если таскать 3-месячного младенца не поддерживая головку, как таскал её Сэмюэль, то 100% сломаешь ребёнку шею. Меня это постоянно нервировало. При этом в аэропорту он захватывает младенца со знанием дела  закладывая её правую руку себе подмышку. Случайно так не сделать, это надо уметь. Вы представляете как это отвлекает, когда вместо сюжета с болью отслеживаешь такие детали?  Короче говоря, фильм очень рыхлый: слили два фильма в один, там не дожарили, здесь пересолили, тут допустили небрежность.  4 из 10	Всё очень плохо	1
156	2019-03-25 00:05:00	Уведомление	0	3	Возьмите любой криминогенный мегаполис, поройтесь в полицейских архивах, вооружитесь буйной фантазией и любовью к нумерологии, заведомо выкиньте куда-нибудь подальше здравый смысл  и вы состряпаете миллиарды подобных «сюжетов».  Цикличность событий, а главное их причина, вызывает недоумение и кучу вопросов. Какая связь между участниками воронки и трагедией, ее образовавшей? Только возраст? Очень слабо, как по мне. Почему вообще на ровном месте банального банковского ограбления вдруг запустился повторяющийся сценарий?  Эммм да потому что!(ответ фильма) «Миссстикааа!», как говаривал один советский герой. Ну ведь даже в мистике в кино должны быть какие никакие прослеживающиеся причинно-следственные связи. Я было понадеялась на гусениц и бабочек, что они являются отсылкой к чему-то, что склеет все воедино, что объяснит петлю как-то получше, чем тупо: «каждые 10 лет умирают рандомные люди разных возрастов, потому что когда-то на том месте умерли люди того же возраста».Блин, ну за уши же притянуто! Но нет. Они (насекомые) так и остались невыстрелевшим ружьем, вернее просто глюками, доказывавшими, что у гг действительно шизофрения и только.  Весь фильм ждала, что вот сейчас сейчас,не ну вот сейчас точно станет интересно. Не дождалась. Испания в этот раз разочаровала. Недомудрили.  3 из 10	Совпадение? Не думаю	0
157	2019-03-24 21:12:00	Страйк	1	0	Если кто не знает, то Роберт Гэлбрейт  это псевдоним Джоан Роулинг. Да-да, той самой Роулинг, мамы Гарри Поттера. Когда я узнал, что Роулинг написала тетралогию (четвертая книга серии появилась в магазинах совсем недавно) о частном детективе Корморане Страйке, то не сразу же засел за чтение. Книги, как говорится, не оторвешься.   Чуть позже я узнал, что первые три книги экранизированы в виде 7-ми серийного сериала. Это же Роулинг, подумал я, и решил потратить семь часов (а каждая серия идет около 60 минут) на просмотр. Зря. Дальше можно не писать. Но раз уж я начал, то  Если вы читали книги, то вряд ли сочтете удачным их киновоплощение. Может быть виной здесь ограничения бюджета или еще что, но если первую книги уместили в три серии, то следующие две уместили в четыре (по две на каждую). Как итог  выкинуты важные сюжетные линии. Например, из третьей части книги (6 и 7 серии фильма) удалены воспоминания Страйка о боксерском поединке с Донни Ленгом (что очень важно для сюжета).   Да и сама линия Ленга сведена к минимуму, хотя в книге  он полноценный самостоятельный герой, которому отведены отдельные главы. Образ Кэлси Пратт, чью ногу получает Робин в начале фильма тоже «покрамсали», совершенно исключив детали ее психического заболевания  тяги к ампутации конечностей.   Поэтому мой совет  читайте книги.	Как из хорошей книги получается плохой фильм	0
158	2019-03-24 20:00:00	Полицейский с Рублёвки. Новогодний беспредел	2	3	Ощутимый успех сериала «Полицейский с Рублёвки», который идёт на телеканале «ТНТ» и насчитывает уже четыре сезона, не мог не вылиться в полноценную новогоднюю комедию, впрочем не слишком удачную, чтобы ждать от неё продолжения.  В канун Нового года отдел полиции, где трудятся изобретательный майор Гриша Измайлов (Александр Петров) и его туповатый начальник Яковлев (Сергей Бурунов), оказывается под угрозой закрытия. Чтобы вывести коллектив в передовики и спасти от увольнения Измайлов придумывает хитроумный план: втайне от начальника ограбить местный банк, а после негласно помочь ему раскрыть это дерзкое преступление, подбрасывая всевозможные зацепки.  Если рассматривать экранизированные байки о полицейских буднях Измайлова и Яковлева как попытку завлечь одурманенного предновогодней эйфорией зрителя в кино и занять почётное место в предновогодней афише на фоне увядающих «Ёлок», то можно с уверенностью сказать, что эта затея удалась ровно на половину  зритель действительно пойдёт на «Полицейского». Во многом потому, что всех серьёзных конкурентов из Голливуда административно-силовым методом перенесли на первую половину декабря. Вот только потеснить Бекмамбетовскую франшизу с пьедестала ему вряд ли удастся.  Потенциально талантливое актёрское трио (в пару секс-символу современного российского кино Петрову и гениальнейшему комику Бурунову подключили женщину года по версии «Glamour» Сашу Бортич) поначалу неплохо гармонирует на экране, периодически заставляя зрителя взрываться приступами искреннего смеха от глупых ситуаций, в которые то и дело попадают сотрудники отделения «Барвиха-Северное». И вроде бы чего ещё требовать от комедии? Однако если разобраться, то становится очевидно, что все без исключения юмористические ходы в картине построены на нецензурной лексике и причинении боли (в основном герою Бурунова, которому скорее нужно сочувствовать, нежели над ним смеяться). То его обрадуют выигрышем в лотерею (которая на самом деле окажется фикцией), то подговорят милую официантку его охмурить, то вовсе нанесут физические увечья его причинному месту, но не чем попало, а, внимание!  дверью лифта, в котором он застрянет.  И если в завязке ещё мерцает хлипкая надежда на то, что такое кино может быть интересным, то где-то к тридцатой минуте фильма сюжет рассыпается буквально на глазах, а актёры начинают напоминать диссонирующий музыкальный коллектив из басни Крылова. Однако выдавать порции низкосортного юмора главные герои не перестанут вплоть до самого занавеса.  Вывод, который напрашивается, неутешителен: персонажи Петрова и Бурунова упустили шанс перенять телевизионную «эстафету» у героев Урганта и Светлакова, что обеспечило бы им ежегодное появление на большом экране в новогоднюю ночь, а их создателям  неоспоримое право «штамповать» всё новые и новые части «Полицейского» по примеру Бекмамбетовской франшизы.  3 из 10	«Полицейский с Рублёвки. Новогодний беспредел»	2
159	2019-03-24 19:33:00	Аномализа	0	6	Вся идея фильма направлена на то, чтобы выдавить зрительскую жалость к главному герою, оправдать его измены: как же можно не посочувствовать такому хорошему, одинокому, трогательно сентиментальному, вежливому, предупредительному и т. п. человеку?!. Обволакивающая центрального персонажа липкая душевная тоска заставляет ему невольно сочувствовать, и поэтому, когда он находит своё счастье, это воспринимается с энтузиазмом. Однако, из дальнейшего видно, что решительно порвать со своим реальным миром он всё равно не в силах, и не готов бороться за своё счастье. Кроме того, нет очевидного подтверждения тому, что его реальный мир слишком для него невыносим и безысходен. Если рассуждать честно, то «незнакомые» ему люди в его доме  скорей всего, это его личная вина, поскольку очевидно, что он просто никого не хотел знать; формализованные отношения с ребёнком  тоже его вина; явного конфликта с женой нет; он достаточно обеспеченный и известный человек, имеющий семью, крышу над головой, имеющий множество причин и условий жить дальше и строить свою жизнь Так что вряд ли он имеет весомые основания для полноценного сочувствия. Главный герой, скорей, видится наивным ребёнком, ожидающим своей внезапной принцессы, которая и подворачивается ему под руку. Но, получив её, он не знает, как ему распорядиться своей дальнейшей жизнью. Это инфантильный и непрактичный человек; показан типичный пример внезапной бездумной влюблённости: зачесалось  и вот она «любовь»!..  Показан персонаж, совершающий прелюбодеяние (хотя в момент его совершения это было ещё не очевидно). При этом вся идейная суть картины направлена именно на то, чтобы косвенно оправдать намерения героя, и показать, что человек (предположительно, хороший) имеет полное право хотя бы на маленький глоточек счастья, что ему тоже должна улыбнуться удача на личном фронте. Рациональные люди атомизированного общества с одобрением отнесутся к такому поведению, именно этим, очевидно, было вызвано желание реализовать этот сценарий.  Героя отчего-то любят «белые воротнички», офисный планктон, для которых он написал некий бестселлер, типа, «Как быть успешным на работе». Он кумир, он раздаёт профессиональные советы, как правильно жить, однако сам их не придерживается. Успешность не даёт ему счастья, это человек, продолжающий жить в скорлупе своей повседневности, которая ему давно опостылела, и он никак не может её изменить. Попыток, направленных на такое изменение, история не показывает, и лично мне мало верится в то, что они предпринимались ранее, или были хоть сколько-нибудь конструктивными. Цветок в проруби  вот герой этого фильма. Сначала я ему сочувствовал, но чем больше узнавал о нём и размышлял, тем меньше он мне нравился. Апелляция к эмоциям  вот главный инструмент воздействия данной картины на зрительское сознание. Но, как известно, нет добродетели без рассуждения, поэтому не следует увлекаться эмоциями.  Особое. Фильм кукольный, сделан очень качественно. Несколько скучноват, но для драмы очень годный.  Удивительно, что такой слабый фильм в 2016 году номинировали на Оскар. Это лишний раз подчёркивает дремучую душевную тоску западного обывателя, живущего в атомизированном обществе, где нет нормального человеческого контакта между людьми, состоящими даже в браке, где люди готовы получать счастье даром, но не готовы его выстраивать самостоятельно из того, что уже дано судьбой. Да, банально, но это про законный брак: от добра добра не ищут.  Очень неплохо обыграна тема «разбивающейся о быт любовной лодки» наутро после пробуждения, однако этому направлению не дали ход, и потому непонятно, зачем вообще было заострять здесь внимание.  Не знаю, кому как, у меня сцена секса вызвала отвращение и недоумение. Очень верилось в искренность героев, но не укладывалась в голове их непрактичность  в таком практичном западном мире. (Собственно, как бы сразу наладилась жизнь этих персонажей, подхвати они что-нибудь спидозно-венерическое!..) И вообще эта сцена в подробностях  очевидное желание автора картины реализовать подсознательную мечту хотя бы на экране, а так-то сцена явно избыточная.  Вывод. Кукольный мультфильм для взрослых. Отличная постановка, отлично продуманный сюжет, умелая «игра актёров» и даже передача эмоций, отличная озвучка и локализация. Как драма, фильм весьма неплох, хотя и скучноват. При этом не даёт готовых ответов, и вместе с тем недвусмысленно намекает на сочувствие к персонажу и одобрение его намерений, а здесь я  категорически против! Но это уже о философии, и у каждого она своя.   6 из 10	Гвозди б делать из этих людей: Мягче б не было в мире гвоздей.	1
160	2019-03-24 19:06:00	Красная черепаха	3	4	Лаконичность, краткость, вся фигня. И вроде хочешь сказать что-то умное, а выходит другое. Поймать, в какой момент искусство превращается в самопародию  это тоже искусство. То ли недоделал. То ли, наоборот, перемудрил. Хотел «дать» Егора Летова, а дал маху. Благими намерениями выстлана дорога в Чебоксары. Что пишешь? Бестселлер. Что рисуешь? Шедевр. Кем хочешь стать, когда вырастешь? Космонавтам. А как тебя зовут? Не знаю.  Мужчина долго смотрит в пустоту. Пустота терпит, скрежеща зубами. Терпит. А потом ей надоедает  и пустота разворачивается, и просто уходит.  Цените жизнь, она такая. Переводите старушек через дорогу. Перед уходом не забывайте оставлять котам еду.   Хорошо, когда умеешь рисовать. Плохо, когда при этом не знаешь, что именно рисовать. Досадно. Виртуозы редко сочиняют что-то стоящее. Стыдно. Ловишь себя на мысли, что предпочел бы пересмотреть «Синьор Робинзон». А ведь тут тебе и музыку делают, и слов нет, чтоб без субтитров, и закаты красивые. Красивые закаты  это красиво. Это не всегда только красиво. Но иногда  только. В принципе, это тоже что-то и кое-что, но да и только. Хорошо смотреть настоящий закат. На балконе с бокалом красного вина. Рассуждать о том, что «all things move towards their end», и «смотри какое классное розовое облачко». Просто это не то. А черепаха  она, конечно, лучший друг человека  но совы всё равно няшнее.  «Ты стоишь, и она  следующий кадр  разворачивается и просто уходит. Все.»(с) Филипп и Ваня  4 из 10	Цвет настроения красный	1
161	2019-03-24 16:33:00	Капитан Марвел	9	7	Одна из ключевых проблем любых франшиз и кино-вселенных состоит в необходимости ответа на два вопроса:   1) как эта конкретная картина развивает общий сюжет и мир?   2) воспринимается ли эта конкретная картина самодостаточным произведением?   В полуправдивом полунадуманном соперничестве Marvel и DC сейчас проще вторым. Фильмы DC до сих пор не складываются в единое полотно, разбиваясь на сольники и сборники разной тональности. У них осталось пространство, чтобы рисковать, заигрывать с аудиторией, меняться. Напротив, Marvel приноровились выпускать выверенный продукт, который призван стать идеальным элементом паззла. Студия планомерно стирала границы между героями и сводила их для эндшпиля.   Вероятно, именно из-за этого «Капитан Марвел» оказался в заложниках у сюжета Мстителей и ожиданий зрителей. Будто этого мало, требовалось ещё быстро ввести в ЛОР нового персонажа, а заодно проложить дорогу «Черной вдове». В подобных условиях достойно ответить на указанные выше вопросы было слишком непросто.   ***  Некая Верс просыпается на планете расы неких крии, которая пребывает в бесконечной войне с некими скруллами. Девушку мучают кошмары, навевающие воспоминания о прошлой жизни в качестве пилота-испытателя на Земле. Подобная сентиментальность коллегам по звездному десанту не слишком нравится. Особенно наставнику  Йону Роггу (или угадайте зачем в фильм позвали Джуда Лоу).   После первой же реальной битвы героиня оказывается в США времен 90-х, где лучшим средством связи является пейджер, где в процветают видеосалоны, где слушают NIN, а у Ника Фьюри еще два глаза. С ним Верс и объединяется в команду а-ля «Люди в черном», чтобы выследить скруллов-нелегалов. Загвоздка в том, что натуральные зеленые человечки могут превращаться в кого угодно. Дальше разворачивается привычный супергеройский сюжет с примерно одним неочевидным поворотом. Интригует?   Казалось бы, амнезия, флэшбеки, а также способности врагов к мимикрии могут творить чудеса с выстраиванием сюжета. Фильм имел потенциал детектива, нуара о поиске себя, психологического или шпионского триллера, параноидального саспиенса, гимна феминизма о противостоянии экстерналиям. В итоге ничего этого и близко нет.   Мы о Капитан Марвел так практически ничего и не узнали. Ровно как и о затрагивающим целые галактики противостоянии двух рас. Нормального антагониста тоже не завезли. Почему она решила стать пилотом? В чем заключаются силы героини и какие у нее слабости? Есть ли проблемы оттого, что в ее жилах течет смешанная кровь? Почему ее не терзают сомнения и она бросается помогать всем подряд, забывая о близких? При этом нельзя сказать, что герои не ведут разговоров, либо весь хронометраж занимают спецэффекты. Напротив, болтают они слишком много, а экшен минимален и уныл.   Феминизма в фильме меньше, чем в «Черной пантере», «Чудо-женщине» и даже сцены girl power из «Войны бесконечности». То, что главная героиня  девушка, не делает фильм автоматически социально значимым. Вряд ли те, кто пришел в кинотеатр за мощными посылом, удовлетворятся констатацией «если упал, найди силы подняться».  Остаётся надеяться, что некоторые вещи раскроют непосредственно в последних «Мстителях». Но в таком случае не завышайте ожидания и посмотрите фильм в качестве длинного пролога к сцене после титров. Опять же, там есть кот, а это всегда радует.  7 из 10	Come As You Are	9
162	2019-03-24 15:16:00	Блуждающая Земля	8	0	Сразу к делу.  Посмотрел «Блуждающая земля».  Спецэффекты  на высоте.  Это всё. Из положительного.  А! Нет. Не всё.  Представитель России в фильме  гладко выбрит. Китайцам  друг. И вообще -герой.  Погибает тоже  героически. После голливудских русских  это новое слово в мировом синема.   Теперь из положительного -точно ВСЁ  Я не очень понимаю, кто может оценить фильм. Я говорю не о том, что бы его досмотреть. Я его, например  честно досмотрел. Я о том, на какого зрителя он рассчитан.  На детей? Ну да, тут монстрические авто, и бесконечные разрушения. Но вникнуть в техническое обоснование всего происходящего  дети не смогут. Просто принять на веру как Человека-паука. Он есть. И точка.   Ну может быть, может быть. Тогда точно возраст от 7 до 12. Не старше.  Если человек постарше, то тогда включается в работу мозг, который с изумлением отмечает весь бред происходящего.   Когда я смотрю китайские сказки, я смотрю сказки. И получаю кайф от прыжков на 200 метров с бамбука на бамбук. А вот когда я смотрю Китайскую научную фантастику, то слово «научная» никто не выбрасывал. Но науки тут ровно столько, на сколько технически подкованы авторы фильма. Т. е. ноль (0!) Мне просто говорят. Trust me. Верьте!!! но как-то не верится.  Резюме.  Если вы хоть как-то технически подкованы  это не ваш фильм. (есть вероятность того что мозг, при просмотре -застрелится)  Если вы тащитесь от бах-бабах-вспышка справа-вспышка слева-мы все умрем-герои вперед  и тому подобного, то фильм вы досмотрите.	Made in China	4
163	2019-03-24 13:27:00	Аквамен	9	2	Давайте без каких-либо отступлений, сразу приступим к делу? Итак, «Аквамен»:  С самого начала бросаются в глаза несостыковочки, с предыдущей «Лигой Справедливости». Во-первых, в сольнике выясняется, что Артур (так зовут нашего героя) ни разу еще не бывал на родине, то бишь Атлантиде и даже не знает имени своей подводной подруги. Во-вторых, непонятно, где была столь развитая цивилизация, во время вторжения Степной Псины, и почему важнейший артефакт в истории планеты (один из Материнских кубов, доверенный атлантам), хранился черт знает, где, а не под охраной, вооруженной до зубов армии? Однако все эти мелочи меркнут на фоне всеобщей идиотии, творящейся на экране.   Персонажи:   Артур Карри / Аквамен:   Одним словом  никакой! Нет в нем ни брутальности (если не считать сцен со слоу мо, под нотки тяжелого рока, повторяющиеся, аж до тошноты), ни юмора, ни харизмы, ни благородства. Все его поступки продиктованы не желанием бороться за правое дело, а тем, что ему говорят другие. Да и то, до самого финала он ведет себя, как капризная девчонка, отвечая на призывы друзей о смерти невинных словами: -Не хочу, не буду! А когда он все же делает что-то сам, он, не моргнув глазом, приговаривает к смерти врагов, молящих о помощи. Отсюда полная антипатия и вопрос:  С чего этого парня, столь рьяно, величают достойным, как трона, так и нашего внимания?   Мера  персонаж весьма неоднозначный. С одной стороны, в ее уста заложены верные посылы, с другой совершенно смехотворное изменение мировоззрения. Она недолюбливает сушу (на этом сделан явный акцент) и всё ее существо переворачивается с ног на голову, только потому, что ей дарят букет роз. Вот так, легким щелчком «сценарного мастерства» в ней загорается любовь к жизни на поверхности.  Атланна  мать нашего супергероя. Увы, ничего примечательного из себя тоже не представляет. Она лишь катализатор взаимоотношений отца, сына и двух братьев. А воссоединение Артура с Атланной, покадрово скопировано из замечательного мультфильма «Как приручить дракона -2». Даже локация, сия действа срисована из выше упомянутого мульта. Хотя, справедливости ради, стоит признать, что создатели все же сумели привнести своё, а именно:  Убийство всего эмоционального составляющего!   Король Орм  антагонист фильма, творящий зло, ради зла. Его мотивация  это лишь голая экспозиция, не подкрепленная визуальным повествованием. Нам пытаются сказать, что он борется за океан и его обитателей, однако новоиспеченный царь не чурается показывать свою недальновидность, убивая, без разбора жителей подводной пучины, что противоречит его изначальной мотивации. Хотя до Артура, давящего всех (не разбираясь, кто за, а кто против политики Орма), верхом на Кайдзю, злодею, конечно далеко.   Чёрная Манта  еще одно неудачное воплощение зла на экране. Актеру не хватает харизмы, а сценаристам смекалки, дабы поведать о нем, как о техническом гении. Хотя они «старались»  аж целую минуту посвятили тому, как Манта под гитарный ритм (что к данной сцене совершенно не подходил), разбирает, а потом снова собирает технологию атлантов.   Квест с трезубцем  это верх идиотизма и сценарной импотенции. Не буду спойлерить, однако представьте, что Один, прочитав заклинание на Мьельнир, дабы поднять его смог только достойный, вдобавок придумал еще и квест с картой и беготней по миру, тем самым усложняя поиски Волшебного Молота. Вот только зачем все это, если Мьельнир изначально может поднять только достойный?! В «Аквамене» попробуйте заменить молот трезубцем, но ответ, на вроде бы логичный вопрос вы так и не получите!   Графика. Атлантида, без всяких сомнений, прекрасна, однако во многих сценах дешевый хромакей, так и норовит броситься в глаза. Особенно это заметно в сценах у маяка, на лодке и на острове, где Артур тренируется.   Экшен, попросту скучный и монотонный. Я насчитал, аж 4 сцены, начинающиеся с того, что герои стоят, разговаривают, вдруг происходит взрыв, и вокруг появляются враги. Сцены снятые одним дублем и с полетом камеры на дальние расстояния, охватывая пейзажи, быстро надоедают из-за огромного количества таковых. А постановка, в большинстве своем, состоит из акробатических трюков, нежели реальных ударов по противнику.   Диалоги. Это просто смесь топорных фраз и пафосных речей. В детстве играя в войнушку, мы с друзьями сочиняли более содержательные диалоги, нежели в многомиллионном блокбастере. Если каждый раз при фразе достойный царь выпивать по глотку пива, поверьте, даже самый заядлый любитель этого напитка, потеряет сознание от переизбытка алкоголя в крови.   Итог: Фильм собрал по миру больше миллиарда долларов, ждите продолжение!   2 из 10	Вода, вода, кругом вода!	6
164	2019-03-24 12:32:00	Seven in Heaven	2	4	Еще философы родом из Древней Греции полагали, что наш мир является далеко не единственной существующей реальностью и вполне вероятно, существуют иные вселенные, которые развиваются параллельно, однако по тем или иным причинам у нас нет возможности за ними наблюдать. Стараясь охватить своим разумом практически все аспекты жизни, Демокрит установил, что в огромной пустоте обязательно должно найтись место для других цивилизаций и правил, однако все его изыскания не могли выйти за рамки теорий в виду того, что наука древнего мира просто априори не могла подтвердить или опровергнуть замечания философа, которые и в прошлом времени, и в современном считаются одинаково интригующими. Однако невероятные открытия 20 века, произведенные в том числе такими гениями физики, как Альберт Эйнштейн и Стивен Хокинг, вплотную приблизили нашу цивилизацию к такому понятию, как существование Мультивселенной, которая не ограничивается никакими рамками и может быть воистину бесконечной и постоянно развивающейся. Ученые отыскали немало косвенных доказательств своим предположением и опыты, проведенные в недрах Большого андронного колайдра говорят нам о том, что возможные лазейки в иные измерения резонно поискать в центре черных дыр или червоточины на манер того, что мы видели в картине Кристофера Нолана «Интерстеллар». И судя по тому, что происходит прямо здесь и сейчас в инновационных физических лабораториях, можно вполне себе поверить. что теории Демокрита наконец-то обретут свое истинное воплощение в жизнь и мы все-таки узнаем, что конкретно представляет собой Вселенная и каких гостей можно повстречать в нашей реальности, если вдруг откроется портал, ведущий в области, которые ранее считались не более, чем вымыслом. Конечно, далеко не факт, что нас ожидают совершенно невероятные открытия и параллельные миры могут быть разительно схожи с нашим, и это обстоятельство, между прочим задокументированное в различных научных предположениях, позволило режиссерам скромного калибра наподобие Криса Эйгемана снимать свои фантастические поделки, совершенно не переживая за производственный бюджет. Но при этом никто не отменял того, что в любом фильме должна быть своя крепкая история и драматургия, иначе любые старания не имеют никакого смысла.  Итак, сюжет фильма знакомит нас с тихим, спокойным и совершенно непопулярным старшеклассником по имени Джуд (Трэвис Тоуп), которому не везет практически во всем, за что он берется. Парень неспособен как следует за себя постоять, над ним то и дело смеются и у него нет ни единого шанса на то, чтобы завести теплые романтические отношения с красивой девушкой. По крайней мере в существующей реальности уж точно. И тем не менее Джуда приглашает один из школьных товарищей на общую вечеринку по поводу своего отъезда из города. Так что в компании оказывается практически весь район и неудивительно, что на столь массовое мероприятие ради массовки позвали и Джуда, ведь в подобных случаях гораздо важнее количество людей, а не качество компании. Употребив немного легкого алкоголя и выискивая новые способы для развлечения, молодые люди задумывают поиграть в карточную игру, в которой можно целых несколько минут целоваться с человеком, который тебе симпатичен или же не очень. А если же по какой-то причине тот, кто имеет возможность выбора, отказывается от этого, то ему и объекту несостоявшейся романтики предстоит провести около семи минут в шкафу. И, конечно же, тихоня Джуд, когда дошло дело до выбора, решается запереться с девушкой в шкафу, так как у него никогда бы не хватило духа поцеловать ту, о которой втайне лишь мечтал. Но парень и подумать не мог, чем обернется его желание скрыться в деревянной коробке для вещей, ведь на самом деле она оказывается ничем иным, как порталом в другую реальность. Единственное, что радует героя, так это то, что оказался он в этой переделке не сам, а с девушкой, которая отныне занимает все его мысли.  Перед Крисом Эйгеманном стояла далеко не самая сложная задача, ведь продюсеры и зрители не требовали от ничего сверхъестественного а хотели, чтобы он в первую очередь снял увлекательную историю о взаимопроникновении миров, которые практически идентичны друг другу, но при этом имеют свои определенные особенности, дабы мы понимали, в какой именно реальности происходит действие. И стоит признать, что с технической точки зрения «Семь минут в раю» заслуживают уважения, ведь режиссер всего-лишь окрасил иной мир в багровые цвета на стадии пост-продакшена и этого оказалось вполне достаточно для того, чтобы мы увидели разницу между обычным пространством и таинственным. Но на этом по сути оканчиваются все оригинальные находки создателей и начинается нечто странное, местами совершенно нелогичное и непозволительно затянутое. Конечно, пребывание Джуда и его подруги в другой реальности периодически взрывается чем-то действительно напряженным и непредсказуемым, но Эйгеманн не умеет вовремя остановиться и порой превращает происходящее на экране в форменный балаган, который не шибко интересно смотреть в виду того, что вспомогательные персонажи не настолько интересны, как хотелось бы и их вынуждают совершать поступки, совершенно им несвойственные. Причем обстоятельство того, что они родом с другой реальности, на это никак не влияют, ведь Эйгеманн изначально решился на демонстрацию схожих миров, а не кардинально отличающихся. Да и сам сценарий пестрит ненужной, искусственно затягивающей действие мишурой, которая в полной мере не позволяет своим ведущим героям как следует раскрыться.  Не сумел проявить себя в должной мере не только режиссер, но и заглавный герой, роль которого сыграл Трэвис Коуп. Молодой исполнитель пока что не научился добавлять в характер слабо прописанного персонажа свои собственные переживания и опыт. Ему были критически необходимы подсказки Эгейманна, но тот в свою очередь слишком сильно увлекся странностями обитателей параллельной реальности, от чего у него практически не осталось сил, чтобы вдохнуть свежие силы в типичного неудачника, которому приходится по нужде становится доблестным героем, от которого зависит жизнь дамы его сердца. За подобным героем совершенно неинтересно наблюдать, каждое движение и поступок Джуда несложно предугадать, а когда он все-таки решается на большие подвиги, проникнуться его доблестью не получится, потому что все, что происходит в этой истории, словно движется из-под палки. Однако при всех своих недочетах, в картине все же есть эпизоды, которые способны вызвать хотя бы умеренный интерес к происходящему, пускай их и не так много, как того хотелось бы. И большинство из них связаны с героиней Хэйли Рэмм, которой удалось напрочь затмить своего партнера и стать единственной героиней истории, заслуживающей настоящего внимания.  В итоге хочу сказать, что «Семь минут в раю» имеет в своей основе весьма увлекательный синопсис, однако режиссер не сумел его толком развить, превратив картину в сомнительное зрелище, смотреть которое в обязательном порядке не стоит.  4 из 10	Багровые земли	11
165	2019-03-24 08:30:00	Дракула	0	0	Может быть я просто привык к другим вампирам, но, вы меня конечно извините, это жалкое зрелище. Кода вампир, да еще сам граф Дракула, убегает от безоружного человека  это смешно. Граф здесь по сути несчастное жалкое создание, способное наводить ужас лишь на деревенских крестьян. Какой нибудь Блэйд таких мог бы крошить в капусту целыми легионами. Как, вот как, вы мне объясните, можно прожить пятьсот и лет, и так и не научиться какой-то элементарной самообороне? Ну хоть как-то хоть где-то хоть что-то наверное можно было бы попытаться противопоставить безоружному Ван Хельсингу? Нет, какого мы в вампирской школе не проходили, мы только зашуганных крестьян умеем держать в страхе.  Про то, что за пятьсот лет можно было приобрести какие-то другие интересы, кроме как гоняться за бабами, причем за всеми подряд  я вообще молчу. Но опять же, может это в былые времена смотрелось как-то иначе, может это были даже ужасы. Но сейчас  исключительно комедия.	Комедия	1
166	2019-03-24 04:21:00	Гурвинек. Волшебная игра	1	5	Сюжет у мультика простенький. Люди, особенно дети, забыли что такое куклы. А тут в мультике даже есть музей кукол. Да, куклы стали нафталином в мире видеоигр. Гурвинек (его озвучивает Александр Трачевский)  10-летний мальчик, который очень любит свой компьютер и жизнь воспринимает, как прохождение уровней в компьютерной игре. О чём мультик? О том, что сегодняшние дети ничего не признают кроме видеоигр, и что в будущем их навыки могут пригодится человечеству. Да, для России это сложная анимация, но мультик слишком простенький, слишком детский. В мультике используются жупелы 1990-х: рабочие пьют, а мэр является настоящим нарциссом, вход в театр должен быть без билета.  Мультик состоит из архаизмов 1990-х годов. То есть идёт выбор между старыми, проверенными куклами и компьютером с видеоиграми. Для детей важно быть самыми лучшими. Но непросто самым лучшим, но чтоб его понимали родители (папа мистер Спейбл (озвучка Михаил Ефремов). Жизнь  игра, а люди это ожившие куклы: вот что называется злом современности. Анимация сложная для российского мультика. Константин Райкин озвучивает злодея (смешно получилось). Страны-производители  Россия, Чехия, Бельгия  сделали европейский мультик для детей. Мультик простенький, но музыкальная дорожка на супервысоте.  Звуки, звучание героев и музыка  это суперидеал, это суперсовершенство для российской мультипликации. Но мультик скучный. Даже скорее не скучный, а с простеньким сюжетом. Видеоигры могут спасти человечество только тогда, когда жизнь превратится в прохождение уровней.  Зло, как искусство, раскрыто очень не страшно, очень по-детски. Бюджет мультика 385 миллионов рублей для такой сложной анимации освоен на все 100 процентов. Кукловод с ниточками для кукол или геймер с джойстиком  от кого веет вселенским злом? Мультик простенький.  5 из 10	Мультик состоит из архаизмов 1990-х годов	1
167	2019-03-24 00:37:00	Дьявольщина	0	0	Культовый французский, психологический триллер «Les Diaboliques» (Дьяволицы) далекого 1954 года замечательного режиссера Анри-Жоржа Клузо является шедевром своего жанра и фильмом первооткрывателем в этом направление. Кино с двойным дном с непредсказуемым сюжетом. Это превосходный триллер, с блестящей актерской игрой Симоны Сеньоре и Веры Клузо.  Лично я очень люблю этот черно-белый культовый фильм, и он в списке самых лучших и отменных кинокартин прошлого века. Испытываешь бурю эмоций, когда смотришь его в первый раз. Вот на столько хороша эта напряженная и любопытная картина.  Спустя целых сорок два года создают американский римейк под названием «Diabolique». Фильм сразу же притягивает к себе внимание и Америки, и Франции, и всего мира. Задумка ремейка классная, и знаменитая история вновь оживет для новых поколений.   Главные роли дьяволиц играют американская актриса Шэрон Стоун, которая на тот момент была на пике своей славы, и наслаждалась славой и признанием за роль фильм Скорсезе «Казино», а вторую женскую роль играет французская дива Изабель Арджани. Дуэт неожиданный и заманчивый, поэтому фильм обещал быть многообещающим.  В этой истории мы видим двух женщин, которых чень и очень обидел один по-настоящему злой мужчина. Женщины решают убить его и придумывают безукоризненный план. Что-то в нем идет ни так, и героинь ждет опасная игра, в которой на кону будут их собственные жизни  На сколько сильно я люблю оригинальный фильм, настолько же мне не нравится этот ремейк. Как же здорово в старом фильме Играют Симона Синьоре и Вера Клузо. Это нельзя сказать про игру Шэрон Стоун и Арджани. Что касается Стоун, то она ужасно переигрывала. Некоторые сцены были на столько фальшиво, что хотелось перемотать.  Стоун было слишком много, она заполняла все, и ее сомнительная игра была огромным падением данного фильма. Изабель Арджани свою мученицу играла очень волнительно и как можно больше хотела раскрыть свой персонаж, выделиться, но из-за плохой режиссуры и сырости ремейка, вся ее игра уходит на второй план, и зрителю становится все равно.   А режиссура здесь именно такая: отвратительная. Это был первый большой провал режиссера Джеримайи С. Чечика. До этого фильма у него была замечательная и единственная хорошая картина «Бенни и Джун» с Джонни Депом в главной роли. Ремейк «Дьявольщина» погубила карьеру режиссера Чечика, а затем ужасно провальный фильм «Мстители» и во все ославил этого режиссера, как плохого деятеля кино.  Смотря данное кино, отчетливо понимаешь ненужность этого ремейка. Если же оригинальный, старый фильм смотрелся с большим удовольствием и тревогой, то новое издание напоминает головную боль и что-то неприятное и наигранное  именно это слово хорошо характеризует увиденное. Финал и вовсе добил. С ним намудрили, и получилось жутко неправдоподобное нечто, и в сюжетную линию НЕ верилось, а думалось, что это просто кино.  «Дьявольщина»  американский, детективный триллер 1996 года. Если Вы не смотрели оригинал, то эта история может показаться вам очень неожиданной и крутой, но это ни так. Оригинальное кино «Дьяволицы»  вот шикарный, психологический триллер. Данный же ремейк провальный и горький. Говорю ему «нет».	Мы избавимся от него	0
168	2019-03-24 00:36:00	Да здравствует Цезарь!	4	5	Несмотря на то, что фильм относится к комедийному жанру, от комедии в прямом смысле слова тут крайне мало. Да, есть пара забавных сцен и диалогов, но в остальном же «Да здравствует Цезарь!» больше похож на нечто шпионское и не очень качественное.  Коэны в этот раз как будто не знали, на чем фокусироваться. С одной стороны, изнанка Голливуда, обитатели которого полны своих секретов и пороков. С другой  противоборство капиталистов и коммунистов, которое в те годы в США было особенно ярким и красочным. Рассуждения о плюсах и минусах капитализма, о том, как кинокомпании забирают деньги у настоящих авторов кинохитов, не получают ни должного внимания, ни раскрытия, так как Коэны не теряют надежды обернуть все в комедию или, на худой конец, в драматическую изнанку жизни на голивудском холме. Ни получилось ни первое, ни второе, ни третье.  Фильм на самом деле поднимает много проблем, но не говорит серьезно ни об одной из них и ни одну не раскрывает. Они подаются как фон к забавному сюжету, который под тяжестью этого самого фона превращается в раздражающий и глупый фарс, недостойный внимания и времени.  5 из 10	Перегруз по всем фронтам	0
169	2019-03-24 00:35:00	Тобол	7	1	После просмотра эпической саги «Тобол» (2019), на моем израненном российским кинематографом сердце появился очередной кровоточащий рубец. А вообще, чувства было три.  Чувство первое: Будто бы я  это стоящая на пороге Храма голодная собака, пришедшая получить удовольствие от просмотра, но, в результате, оставшаяся лежать в собственной крови на снегу. Этой, непонятно зачем вшитой в свою бездарную картину, разрубленной пополам собакой, режиссер Игорь Зайцев как бы показал место своему зрителю.  Он как бы говорит: «Мне плевать, что подумает обо мне зритель. Фильм оценят истинные патриоты России. И, даже если им он тоже не понравится, они об этом наверняка не скажут. Потому, что патриотам не важен ни сценарий, ни видеоряд, ни диалоги, ни историческая правда. Потому, что израненный нелепыми сценами и оплеванный вымученными диалогами героев патриот, как бы ему не было больно от увиденного, сцепив зубы, будет мне аплодировать. Потому, что голосами дикторов Российских телеканалов я рассказал патриотам, что мой фильм о величии России. А все, кто не патриот, пусть бьются в конвульсиях, как тот белый безродный пёс, брошенный на ступенях Храма.»  Чувство второе: Будто бы я уже это где-то видел. Эти соревнующиеся русские и шведские пушкари Эти слоу моушн разлетающиеся друг с другом шипящие ядра, рвущие танковую броню Постойте, я сказал танковую? Точно! Я видел все это в нашем недавнем молодежном шутере  «Т-34» (2018) от Алексея Сидорова. Так вот «Тобол» недалеко от «Т-34» ушел. Та же идея соревновательности, те же драматургические приемы, тот же бессмысленный и беспощадный слоу-моушн. Только Зайцев добавил для нас чуть больше звона сабель, свиста стрел, и ржания лошадей.  И плевать, что зрителю непонятно, почему лодки шли до крепости 12 недель, а обоз с подмогой шел всего 4, и каким образом он был захвачен, куда вообще подевалась сотня тысяч джунгарских лучников, выпустившая две сотни тысяч стрел, поразивших три сотни тысяч защитников крепости, как за 5 минут выгорели деревянные завалы, которыми защитники завалили вход в крепость, как главарю джунгаров удалось собрать такую армию, если он и сам был арестован теми же джунгарами?.. Вопросов множество  ответов нет. Так же как и на главный вопрос  что было в голове у русского купца, который разрубил ту самую, ни в чем не повинную собаку? Хотя, зачем режиссеру нужна была собака, мы уже кажется выяснили.  И третье чувство  чувство непередаваемого стыда за наших актеров, готовых воспроизводить бездарные диалоги и лить бездарные слезы, беспрекословно выполняя бездарные указания режиссера. И никто из Дмитриев  ни Дюжев, ни Назаров не смогли удержать эту бездарщину на плаву, как бы они ни старались.   Пишу рецензию, а на заднем плане звучат голоса наших талантливых Маргариты Тереховой, Михаила Боярского, Вениамина Смехова и Игоря Старыгина. Бьются окна, раздаются стоны раненных гвардейцев Кардинала, мушкетеры нагоняют сбежавшую Миледи без слоу-моушн, без идиотски закатанных глаз, без компьютерной графики. И третье мое чувство только усиливается и больше мне не хочется ни писать, ни даже думать о «Тоболе». Хочется присоединиться поскорее к жене и посмотреть что-то истинно талантливое. Пусть даже повествующее о Франции, а не о России,  Простите, Игорь Зайцев, но я не желаю быть ни безмозглым патриотом, ни вашей разрубленной напополам собакой.  1 из 10	Вот такой рубец.	20
170	2019-03-23 23:56:00	Эксперимент «Офис»	2	3	Откровенно говоря, разочаровалась. Не хочется уделять отзыву на данный фильм много времени, сил, поэтому изложить постараюсь всё лаконично.  Для начала, заинтересовал трейлер, по той причине, что тема чипизации более чем актуальна, если ещё и тему биометрических паспортов учесть. Но кино вышло пустое, почти не содержащее того смысла, который обычно затрагивается и разжёвывается. Казалось бы чипизация такая тема, которая рассматривает под лупой основные выгоды для государства, выгоды для террористов, для спецслужб, невыгоды для простых смертных, антиутопии, так называемого, развития всемирных технологий, опытов над людьми, которых якобы нету в природе, по крайней мере, нам так говорят и ещё уйму всякого разного.   Создатели кинокартины отказались сосредотачивать своё внимание на социальных проблемах. И я сейчас говорю не о банальных отношениях между коллегами на рабочем месте и их выбором жертвы, а о самой идеи чипизации и того, какой ужас она за собой несёт. Но данная суть ушла на второй план, уступив место, банальному слэшеру, когда персонаж-фаворит очевиден.  Многое оставляет за собой белые дырочки в сюжете. Ну, например, как выбирались рандомные жертвы и их несуразно огромное количество, почему американцы согласились ехать на место работы в одно из самых опасных стран мира, почему большая часть сотрудников не уделила время на прочтение трудового договора и его условий, вторичная взрывчатость бомб, слоган, который голо намекает зрителю на то, что будет много действий кровавого характера и мало смысла.  В «Голодные игры» есть политический и социальный подтексты, которые идут порядком выше слэшера. Многие говорят, что «Голодные игры» это сага о любви или о феминистке, но это далеко не так. Прочитав и просмотрев все части, фильм наполняет мозг смотрящего пищей для раздумий, подталкивает к очевидному  все люди марионетки других людей. Как написал Оруэлл: «All animals are equal, but some animals are more equal than others.» И эта цитата как одна из основных идей въедается в суть кино.   «The Belko Experiment»  это провалившийся фильм, создатели которого посчитали, что выехать в прокат на кровянке из людского мяса является верняком. Философия была погружена в болото режиссёрского начала и среднестатистической актёрской игрой (хотя и было переигрывание со стороны кровожадного исполнительного директора).  Однако было желание досмотреть, интерес к тому, как же всё-таки будет проложен путь к концовке, надежда на более удовлетворительное развитие идеи.  3 из 10	Эксперимент «Failure»	0
171	2019-03-23 23:17:00	Отрыв	1	0	Посмотреть этот фильм я очень хотела, фильмы-катастрофы не так уж часто выходят на экран, а  казалось бы  такой удобный жанр для торжества фантазии. Оказалось, что в данном фильме фантазия и впрямь восторжествовала, даже пошла в отрыв, как и обещало интригующее название. Честно говоря, ожидания были-то несколько другие. Раз уж все еще до премьеры начали сравнивать сюжет картины с иностранным аналогом «Замерзшие» (эту картину мне довелось посмотреть года три назад), то и ждали похожую историю о дружбе, проверке сложной ситуацией и взаимовыручке. Я ждала   Но была жестоко разочарована. Ничего от дружбы в фильме нет и в помине! Персонажи поначалу казались обычными молодыми людьми, которые собрались на Новый год своей компанией, шутили, подкалывали друг друга, влюблялись, ну и конечно  теперь это суют в каждый фильм, видимо, для создания атмосферы достоверности  снимали видеоблог. Тут он  честно  никому не нужен и абсолютно не дополняет картину достоверностью, как, например, в фильме «72 часа», где парень застрял в каньоне Ну да вернемся к «Отрыву». По прошествии всего нескольких сцен молодые люди из нормальных вдруг превратились в настоящих отморозков. Очень неприятно, что это русский фильм, который, с небольшими огрехами, в целом неплохо снят, и показаны в нем русские ребята, но показаны ужасно, гадко, с какой-то странной ненавистью к всему хорошему, что есть в человеке. Опасная ситуация, в которой оказались здесь герои, пробуждает в одном парне маньяка. А как же  ну раз режиссеры любят равняться на Америку  все эти «Джонни, дружище, дай мне руку, я тебя не не брошу»?? Да черт возьми, «Замерзшие» с волками смотрелись реалистичнее, чем то, что началось в «Отрыве». Разве могут люди вести себя так, как там? Что это за дичь? Это же наша молодежь ну хочется верить, что это не наша молодежь, потому что половина этих героев ну просто нелюди. Самыми слабыми их грехами будут модный истеризм и привычка передергивать друг друга и оскорблять.  Не смогла пройти мимо таких типажей, поэтому написала рецензию. Хотелось бы, чтобы впредь про ТАКУЮ молодежь не снимали. Вообще, ни в каком жанре. Тут интересная задумка была просто загублена отвратительными персонажами и плохой актерской игрой всего состава, в том числе и «взрослого». Не сильно убедительно было. А за виды гор  четверочка.	Недружная компания	2
172	2019-03-23 16:18:00	Алита: Боевой ангел	11	5	"Кино. «Алита: Боевой Ангел» (""Alita: Battle Angel», 2019)  «Алита», наверное, это чуть ли не единственный цикл киберпанк-аниме/манги, который я пропустил в своей жизни, и это позволило мне наконец-то получить те самые уникальные ощущения человека, который «Пастернака не читал, но осуждает».   В случае с «Алитой» видно, что Родригес пытался сохранить всё то, за что серию любят фанаты, и впихнуть все ключевые моменты, и залить это сверху сияющим графонием. Чтобы влезть в рейтинг 16+, не выкинув слишком много насилия, пришлось прибегнуть к хитрости  расчленяют и режут киборгов, крови на экране почти нет (одного человека пополам разрезали, но очень быстро и незаметно  почти как и не было ничего).   Позвали именитых актёров  Дженнифер Коннели, Махершала Али, Кристоф Вальц и даже ещё один секретный важный актёр, которого я не буду спойлерить  судя по нему, создатели надеются снять продолжение.   И играют все отлично, а больше всех зажигает Роза Салазар, малоизвестная, но примелькавшаяся во второсортных проектах актриса, играющая в фильме Алиту. Даёт рпикурить всем именитым соратникам в кадре.  Но на выходе всё очень скомкано. Прекрасный сюжет о том, как на свалке добрый доктор-киборголог находит загадочную голову девочки, котроой приделывает тело, а она как давай устраивать всем плохишам трудности переходного возраста с помощью утерянного робо-кунг-фу, превращается в потрясающе красивый, но ужасно инфантильный галоп по Европам. Ультракоторкая завязка, куча тягомотины с драками в середине, после чего никакущий конец с явной широкой улыбкой  «мы ещё вернёмся за вшими деньгами». Куча дурацких смертей с обеих сторон морализаторства, недоразвитость всех героев поголовно, и вишенка на торте  всемогущий ужасный злодей, который всё может, но просто не очень хочет, иначе кина бы не вышло.  Хуже адаптаций аниме в Голливуде сейчас есть только одна высокобюджетная ниша  откапывание Диснеем старых брендов и натягивание на них 3D-моделей.   Сколько раз Голливуд прикасался к адаптациям аниме, столько раз выходила лажа, и это правило не намерено меняться, потому что когда берут длинное произведение и обрезают, лишь бы отбить бюджет, то ничего хорошего выйти не может.   5 из 10  Смотреть, если хочется очень красивого, но бессмысленного киберпанк-экшена. Похоже на смесь из бочки «Элизиум: Рай не на Земле» и ложки «Призрака в Доспехах».  Пропускать, если вам не хочется внезапно опустить свой психологический возраст процентов на пятьдесят, чтобы насладиться происходящим на экране.  kinobalashow"	Красиво, инфантильно, скомканно	1
173	2019-03-23 15:24:00	Трезвый водитель	13	2	Я надеялся, что в ближайшем будущем не буду огорчаться из-за кинематографа. Но у Резо Гигинеишвили было на этот счет другое мнение. Этот славный режиссер решил всем показать, что со времен «прекрасного» фильма «ЖАRА» мало что изменилось.  Сюжет. Друг зовет простого деревенского паренька Артема поработать с ним в паре таксистом в Москве. Но в первую же смену новичок сталкивается с проблемной пьяной девушкой Кристиной, из-за которой все идет наперекосяк  Идея о противопоставлении провинциала большому городу провалилась с треском. Я бы сказал о том, что сценарий ужасен, да боюсь, что его здесь просто нет. Я не шучу. Главный герой будет творить полнейшее безумие и отделываться легким испугом (вместо реального срока, который бы он получил за все деяния). Сопереживать персонажам не получится, ведь их мотивация либо непонятна, либо строится на обмане, жажде наживы и криминале (чего только стоят сцены с заменой стекла и битьем дорогих автомобилей). Отношения тут строятся на ненависти, криках и идиотских поступках. Любовная линия  это отдельный разговор. Кристина покажет свою легкомысленность, неверность, глупость, необразованность и низкий уровень эрудиции, будет заниматься обманом и шантажом, обзывать Артема. Паренек в свою очередь тоже будет много врать, постоянно подставлять друга, обзываться и в итоге назовет свою возлюбленную «шкурой» (на это будут основания). И в результате имеем «логичную» концовку, где главные герои Я думаю, вы уже догадались. Не буду спойлерить, но такое решение  в лучших традициях подобного рода фильмов.  Атмосфера. Я уже выше написал о том, что вы будете наблюдать полнейший хаос в действиях персонажей. Объяснять вам никто ничего не собирается. Каждая последующая сцена будет бить новый рекорд по идиотизму. Актерская игра  убогая у всех без исключения (вообще не понимаю, что случилось с Виктором Хориняком со времен «Кухни»). Операторская работа средняя, но некоторые эпизоды хочется забыть, как страшный сон.  Юмор. Странные понятия у авторов на тему юмора. Здесь либо глупые и непонятные шутки, либо показывание «пятых точек» девиц легкого поведения на всю камеру, либо украденные моменты из других кинолент (например, сцена с пролетающим самолетом сразу же ассоциируется со знаменитым эпизодом на стройке из «Приключений Шурика», в котором Павел Степанович отчитывает Федю и рассказывает про то, как «космические корабли бороздят просторы Вселенной»).  Музыка. Создатели вообще не заморачивались с музыкой. Понавставляли в разных местах и не всегда в тему в основном песни Ивана Дорна. Еще по одной композиции позаимствовали у групп «Мумий Тролль», «Ленинград» и певицы «Елки». С тем же успехом можно было закинуть в картину самые популярные трэки без разбору.  Итог. Трудно подводить итоги, когда ленту даже не за что похвалить. Здесь все плохо и тоскливо выглядит. Кажется, что команда создателей сама находилась в пьяном угаре и каталась всю ночь на такси, когда придумала вот «это».  2 из 10  (21%), всегда относился к услуге по вызову «трезвого водителя» скептически. Теперь и вовсе стал ее опасаться.	Пьяный режиссер	36
174	2019-03-23 13:29:00	Патрик Мелроуз	3	0	Нашумевший сериал, высокие рейтинги, восторженные рецензии  Отличная операторская работа и постановка, картинка сочная и цепляющая, снято с размахом, очень профессионально.  Игра актеров тоже выдающаяся: страдающий мечущийся Камбербэтч, вызывающий волны отвращения домашний тиран Хьюго Уивинг и презрения  безвольная алкоголичка Дженнифер Джейсон Ли. Самые худшие родители, которых только можно вообразить для ребенка.  Все это перемешано второстепенными персонажами, которые порхают вокруг как мотыльки, все видят, но ничего не делают.  Постоянная фрустрация главного героя и флешбеки из трудного детства плавно склоняют к глубокому сну.  Затем в 4 серии зрителя резко переносят во времени вперед, где мы видим как Камбербэтч начинает превращаться в копию своего отца.  Проблема сериала в том, что сюжета как такого нет, это просто грустная история без перспектив и без надежды для главного героя. Никто из персонажей не делает выводы и не пытается изменить свою жизнь глобально.  Зачем это было снято, мне понятно, для актеров это был роскошный перфоманс человеческих пороков во всей красе.  - Хотела бы я еще хоть раз пересмотреть это? - Никогда	Зачем это было?	1
175	2019-03-23 13:25:00	Заводной апельсин	0	7	Хочется начать с самого главного, а именно  с отсутствия практически всех фишек книги в экранизации. Если бы фильм снимался не по книге, претензий было бы намного меньше, но если экранизировать бестселлер, нужно делать это качественно.  Одной из важных составляющих книги было ультранасилие, которым пестрел весь сюжет. В фильме же достаточно посмотреть сцену драки с бандой Биллибоя и рассмеяться. Такое ощущение, что Кубрик специально сделал эту сцену максимально комичной, только вот зачем? Более того, как уже многие сказали, компании жестоких подростков мы не увидели, Алексу минимум можно лет 20 дать.   Если отвлечься от сюжета книги и рассматривать фильм, как что-то отдельное, то и в этом случае можно найти несколько крупных недостатков. Актеры переигрывают, стиль картины убивает всю реалистичность, и вовлеченность в сюжет пропадает.  Из положительных моментов нельзя не отметить отличное музыкальное сопровождение. Совокупность классической музыки и насилия, происходящего на экране,  это действительно поражает. Динамичность сюжета не дает заскучать зрителю, в некоторых моментах начинаешь волноваться и сопереживать героям.  В заключении хочется сказать, что, если отвлечься от сюжета уже написанной книги, фильм вполне неплох. Есть свои минусы и плюсы, но говорить, что фильм отличный или плохой, совсем не хочется. Я бы советовал посмотреть сначала фильм, а затем прочитать книгу. Вы получите наслаждение как от лучшего десерта после посредственного обеда.  7 из 10		1
176	2019-03-23 13:15:00	Фаворитка	10	6	Фаворитка  очень спорное кино, рассказывающее локальную английскую историю. Впечатление о фильме сложилось двойственное: с одной стороны красивые костюмы, прекрасные актрисы, принцип выбора фаворитов и фавориток (который начал интересовать меня еще после прочтения о множественных фаворитах Екатерины 2); с другой стороны скучное и затянутое повествование, крайняя направленность на женскую аудиторию.  Начнем по порядку, я считаю, что Фаворитка чисто женский фильм. Мне было неинтересно наблюдать за развитием событий Унесенных ветром, так мне было скучно наблюдать и за Фавориткой. Женские склоки и перипетии, сомнения и дрязги вызывают у меня недоумение и отвращения по большей части. А в фильме их полным полно.  Второй и достаточно значимой чертой фильма стал антураж, его несомненно нужно похвалить. Костюмы сидят прекрасно, множество людей трудилось над декорациями, только почему-то не чувствуется масштаб и это плохо. И тут всплывает резонный вопрос, а как показать масштаб? Да все просто для этого нужен огромный бюджет и время и еще возможность работать не покладая рук. Если последнее в Голливуде иногда случается, то на первые два свойства обычно не обращают внимания. А потому широта и огромность постановок, которые разрабатывались в советском союзе пока не удается достигнуть зарубежным кинопроизводителям. Порой массовка в кинолентах СССР делала чудеса, сравнимые сегодня с чудесами зеленого экрана. Но атмосфера настоящих людей и массовки в зарубежных фильмах скудная и плохая. Но костюмы великолепны.  Последнее, что не отнять у картины фаворитка это актеры. Оливия Колман, Рэйчел Вайс, Эмма Стоун это чистые бриллианты, практически любая роль которых смотрится живо и интересно. Правда в этом фильме Колман не наиграла на оскар, а две других актрисы не наиграли на номинацию на него. Говорю про оскар по простой причине, он послужил катализатором к просмотру фильма. И фильм доставил разочарование и скуку. Так вот Колман отличная актриса, видел всего одну ее работу в сериале Ночной администратор. Играла она второстепенного персонажа, но сама игра оказалась выше всех похвал и Оливия оказалась лучших актером в сериале. Однако, в Фаворитке роль постоянно вопящей и плачущей вредной королевы пусть ей и удалась, но играть тут по моему мнению было нечего, а смотреть за персонажем и актрисой было не интересно. По сравнению с той же Колман Стоун смотрелась лучше, но играла она для себя стандартно выпучивая большие глаза. Так что проникнуться в «настоящесть» игры актеров было сложно.  Оскар опять ударил мимо выставив кучу номинаций за такой посредстенный фильм. Здесь я провожу параллель с Дюнкерком и Последней из рода Болейн. Если вы смешаете эти два фильма, то получите Фаворитку. История Фаворитки родилась из попыток создать историю с пустого места, как в Дюнкерке и растянуть ее на целей фильма, где можно было ограничиться рассказом событий в десять минут. А с Болейн фильм связывают костюмы, и все эти женские подковерные игры. И если в игре престолов ты переживаешь за героев, то в Фаворитке и Болейн тебе просто все-равно. Оттого сюжет фильмов много проигрывает нашумевшему сериалу.  Смотреть явно не стоит, возможно только если вам нравятся актеры или костюмированные фильмы в средневековом антураже, ну и последнее фильм женский от начала и до конца.  6 из 10	Очередная ошибка оскара	5
177	2019-03-23 09:02:00	Тройная угроза	9	0	Суть такова, Ип Ман с Онг Баком месятся с универсальными солдатами Бойкой и Джорджем Чемберсом (бывшим чемпионом мира на минуточку). Местами то одним, то другим помогает ноунэйм из Рейда. А если серьезно, то фильм вызывает полуторачасовую серию фейспалмов. Это надо было сильно постараться, чтоб снять настолько унылый треш с таким актерским составом. Персонажи деревянные и тупорылые, мотивации либо вообще нет, либо детская и притянутая за уши, сюжет курам на смех. Статисты (наемники, копы)  это просто космическое убожество, созданы для поочередного выбегания из-за углов на расстрел. Финальная бойня  сущий ад, стрелять и попасть возможно исключительно в статиста, причем без промаха. В главных героев пули не летят принципиально. Собственно, какого черта столько оружия напихали в фильм где минимум пять актеров практически профессиональные спортсмены?   Когда случайно увидел постер фильма, несказанно обрадовался. В голове промелькнули вторая и третья часть Неоспоримого, третий и четвертый Универсальный Солдат, Онг Бак и два первых Рейда. Создалось стойкое предчувствие роскошного бойцового кинца. Ну что мешало склепать вменяемый сценарий? Что мешало отдать режиссуру Флорентайну или Хайямсу? Господи, какое разочарование.	Тоска зеленая	8
178	2019-03-23 06:33:00	Капитан Марвел	0	5	Итак, перед нами 21 фильм Кинематографической Вселенной Марвел (далее КВМ). Уже 11 лет КВМ радует нас прекрасными картинами, связанными между собой общим сюжетом и ведущая зрителя по очень яркому путешествию, которое закончится в 4-х Мстителях. И сейчас, вселенная пополнилась ещё одним могучим супергероем  Кэрол Денверс а. к. а. Капитан Марвел. Признаться, до выхода фильма, о героине я знал очень мало, что когда-то в будущем выйдет её сольный фильм и он будет частью КВМ. Более того, он станет приквелом к общей вселенной и ответит на ряд важных вопросов зрителей. Например, как Ник Фьюри потерял глаз? Или, где все это время была Кэрол? Раз в фильме есть скруллы и события происходят в прошлом, то значит они до сих пор среди нас (в мире КВМ)? Кого же все таки играет Джуд Лоу? И, неожиданно, но фильм даёт ответы. Возможно, не так как мы ожидали, не в том тоне или не той подачей, но даёт. Вспоминая «Другую Войну», как Фьюри, с очень серьезным лицом, достаточно грубым тоном, говорит Стиву Роджерсу (Капитану Америке) что однажды он доверился кое-кому, после чего потерял глаз (что-то в этом духе, дословно не помню) и узнав правду про потерю глаза в этой картине, ты, на некоторое время впадаешь в стопор, т. к. здесь это событие чуть ли не высмеивают (или все таки высмеивают). Ты ждёшь какого-то эпичного момента или сцены схватки с каким-то противником, который был близок с Фьюри, но предал его и в разгар боя повреждает глаз Нику, и возможно, скрывается после этого или Ник его убивает, но тут все не так, даже близко. По поводу Кэрол и скруллов тоже получаем ответ и настолько простой, мол её не было вот поэтому, а о них (скруллах) не было информации вот поэтому, все  примите на веру. Одно расстройство.   Далее, событие происходят в середине 90-х и об этом на сообщают пару треков той эпохи, магазин, куда падает наша героиня, старые тачки и да и все. Дух той эпохи настолько не чувствуется, что не передать. Все сделано как-то без души. И мои претензии имеют место быть. Далеко ходить не надо, 2 части «Стражей Галактики». Джеймс Ганн с такой любовью передал моменты из прошлого Питера, и его родителей, а уж о саундтреке обоих лент я промолчу, т. к. эти треки можно слушать бесконечно.   Но закрыв на все это глаза, чего действительно не хватает фильму, так это злодея. Его нет, нет его. Трейлеры нам дурили голову, это все что я скажу. Впервые, в КВМ у главного протагониста нет антагониста. Все кто есть, они даже вместе не смогут собрать полноценного врага для Кэрол.   Не могу не отметить Джуда Лоу. Мне нравится как он играет и вживается в роли, безусловно один из самых талантливых актёров современности. И имея такой козырь, создатели фильма примеряют на него образ такого пустого персонажа. Нисколько не в укор актеру, т. к. он сыграл на столько, на сколько был прописан его герой. Ужасно, без какой-либо мотивации. Ни симпатии, ни ненависти, абсолютно никаких эмоций он не вызовет у аудитории. Боюсь, даже самые ярые фанатки и фанаты актёра будут в шоке. И более того, на персонажа плевать, а это может поставит крест на его появление в будущем в КВМ, но это лишь мое мнение.   Не для никого не секрет, что события развиваются как на Земле, так и в космосе. И если про нашу планету все ясно, то вот к космосу есть вопросы. Напомню опять о «Стражах» и о том как был показан космос там, можно ещё вспомнить трилогию Тора, в частности его триквел, «Войну Бесконечности» нельзя не отметить. Я это к тому, что космос в Марвел умеют показывать. А в сольнике Кэрол, взяли и резко разучились. Планета крии (не помню название) показана как-то неестественно, по игрушечному или на скорую руку. Ты прям не веришь в это все. Хотя во всех перечисленных выше картинах, от космической части просто захватывало дух. Здесь же все очень скромно и мало.   И вот я подошёл к главной героине. И у меня снова негатив. Я не знаю что не так. Толи не угадали с Бри Ларсон, толи не удачно прописали персонажа, но сказать, что она (Кэрол) деревянная, это ничего не сказать. На протяжении фильма, пока она считает себя крии, ты думаешь ну понятно, она инопланетян, лишенный человеческих эмоций и с промытой головой и все в этом духе. И далее когда близкие ей люди на Земле, помогают вспомнить кто она такая и откуда, должен произойти некий катарсис, после которого главная актриса меняет амплуа бесчувственной инопланетянки на человека и должна начать играть, давать эмоции и т. д. Но к моем ужасу, этого не происходит. Кэрол остаётся такой же замороженной, ну может быть чуть менее замороженной, а это катастрофа. На секундочку, у Бри есть Оскар, так что происходящее не объяснимо. Ларсон вызывала больше эмоций в фильме «Конг: Остров Черепа», где актёрская игра, да и люди в целом, не так важны, ведь ты ждёшь огромную гориллу, которая будет сражаться с другими монстрами. Но это я отошёл от темы. В целом, для меня Капитан Марвел, как персонаж, не раскрыт, кого в этом винить не знаю. Возможно, в будущих своих появлениях я смогу её узнать лучше, способности покажут более чётко, да и может нам все таки объяснят на что она способна.   В конце отмечу двух людей без которых фильм утонул бы. Бен Мендельсон и Сэмюэль Л. Джексон  два человека, которые абсолютно точно завоюют ваше сердце своей актерской игрой.   5 из 10	О Капитан, Мой Капитан	5
179	2019-03-23 01:10:00	Укрась прощальное утро цветами обещания	7	2	Данное аниме предназначено для абсолютно сентиментальных, законченных романтиков, которых будет пробирать каждая из тысячи плаксивых сцен, насквозь пропитывающих эту картину. Серьезно, в этом «шыдевре» сосредоточено, вероятно, самое большое количество соплей из всего киноискусства, что я знаю: из всех фильмов, мультфильмов, сериалов и аниме. Почти каждая сцена  это жалкая попытка создателей выдавить из зрителя долю сочувствия персонажам и заставить их переживать из-за разного рода событий. Вместо того чтобы хорошенько разработать сюжет, продумать драматургию, разработчики всё аниме целиком только и делают, что пытаются разжалобить зрителя. Здесь ноют все: и мальчики, и девочки, и взрослые женщины, и вполне себе уже состоявшиеся мужчины, даже Король постоянно только и делает, что ноет. А тот, кто не ноет, не делает вообще ничего, разве что кидает пару глупейших, бессмысленных фраз без какой-либо надежды на чувства и исчезает из кадра.  К слову, похожая ситуация наблюдалась в одном аниме-сериале под названием «Last Exile: Ginyoku no Fam». Это  сиквел потрясающей первой части, который уничтожил всю серию вследствие заполнения себя колоссальным количеством слезоточивых сцен и ни капли не продуманным сюжетом.  В аниме абсолютно не проработан мир: он просто пустой и непонятный. Сценарист даже не постаралась хоть немного его оживить и придать ему, так сказать, красок. Сюжет  такой же пустой, как и мир. В нем абсолютно отсутствует какая-либо мораль и логика. Это просто двухчасовая слезовыжималка для каких-нибудь мамок-одиночек, которые, скорее всего, увидят себя в лице главной героини. Для всех же остальных, адекватных людей, это будет пытка, которая будет приносить одни лишь страдания от сюжета, стоящего на месте, от тупости персонажей, от их отвратительных характеров, от всех соплей и так далее  Кроме того, что сюжет пуст и не продуман, так в нем еще и присутствуют грубейшие дыры! Повествование идет ни капли не плавно, осуществляя переход от одной сцены к другой, минуя много других важных. В процессе просмотра у зрителя будет постоянно возникать навязчивая мысль о том, что он что-то пропустил, и неспроста. Ведь в аниме действительно настолько рвано преподнесен материал, что это больше начинает напоминать некий странный сон, где нет четкой линии повествования. Тут главная героиня нянчится со «своим» ребенком, который еще даже ходить не умеет, а через секунду он  уже бегающий сорванец. Тут они живут в одном месте, а через секунду телепортируются непонятно куда. В общем, вся бездарность сценариста (которая является и режиссером тоже) не позволила придумать нечто, чем можно было бы залатать все эти дыры.  Немного о персонажах. В процессе просмотра наблюдаются неадекватные и лицемерные поступки героев. К примеру, принцесса Лейлия упрекает неких сказочных существ, напоминающих драконов, в том, что они прозябают свою жизнь в заточении и услужении Королю, называет их трусами и слабаками. Ну а буквально почти в следующей сцене показано, как она сама полностью подчинилась воле Короля и начала вести заточенческий образ жизни, подобно этим драконам. Лицемерненько, однако!  Главная же героиня  эталон плаксивости в мире кинематографа. Она плачет везде и всегда, по поводу и без. Аниме пытается показать, как сложно быть матерью в таком возрасте, да и еще не родному ребенку, но получается это чуть более чем на 100% бездарно. В произведении она  не мать, а просто маленькая, глупая, сопливая девчонка, не способная справиться ни с чем без чьей-либо помощи. Зато создатели попытались ее выставить настоящей героиней. Скорее всего, после этой строчки на меня накинутся моралисты с песней о том, как сложно воспитывать ребенка в одиночку. Да я и не спорю, да вот только в этом аниме это показано дико бесталанно: вместо настоящих жизненных сложностей и страданий показаны лишь сопли. Кроме того, от начала и до конца сюжета не наблюдается никаких сдвигов в характере и развитии главной героини, впоследствии она ведет себя более по-детски, чем ее приемный сын. Да, она не стареет внешне, но душа-то человеческая (или даже эльфийская, как в данном случае) должна за столь продолжительный срок развиваться. К концу ленты Макия обязана в душе быть мудрой бабушкой, а не ребенком!  Сын главной героини  маленький, злой, наглый и неблагодарный глупец, который просто отвратительно себя ведет как по отношению к матери, так и в целом. Возможно, авторы хотели показать, что на нем сказывается бездарное воспитание ненастоящей мамы, которая не то что о ребенке, а даже о себе не сможет без сторонней помощи позаботиться.  Лейлия  про нее даже и сказать-то нечего. Абсолютно мертвый персонаж как на внешность, так и на характер. Просто непримечательное белое пятно где-то в текстурках. С самого начала с ней связаны какие-то неадекватные события. Почему она, будучи верховной эльфийкой (или кто она там), даже не попыталась спасти свой народ от подчинения. Раса, которая может жить почти вечно, не способна постоять за себя: они только и делают, что ткут какие-то полотна, которые, я даже не понял, зачем нужны. Они даже не подумали о создании армии, разработке оружия и прочего для собственной защиты, а просто сидели и ткали столетиями, это же просто чушь! И что за неадекватный дебилизм творится в сцене прощания Лейлии со своей дочкой: первая, улетая, крикнула, что никогда не вернется к ней, а также постарается как можно быстрее ее забыть, на что другая в ответ улыбнулась и сказала, что ее мать  прекрасная женщина. С каких пор хорошие матери кидают своих детей и стараются их поскорее забыть?!  Теперь пару слов о русской озвучке этого аниме. Так вот, работы студии дубляжа, Реанимедии, которую так успешно прорекламировали в одной из рецензий на КиноПоиске, на мой взгляд, являются самыми отвратительными на просторе Рунета. Уровень озвучки  ниже разговорного: противные, я бы даже сказал, противопоказанные для человеческого слуха голоса бездарных актеров и просторечные выражения без какой-либо даже малейшей интонации. Голоса настолько пусты и мертвы, что даже весьма качественный музыкальный фон от Кэндзи Каваи не заглушает эту гадость. Создалось впечатление, что запись дубляжа проводилась где-то на улице какими-то далекими от искусства людьми. Даже непрофессиональные фандабберы работают в разы качественнее и с душой.  Анимация в произведении  хороша. Фоны, локации и прочее прорисованы красиво и натуралистично. Единственное, что не понравилось, так это лица персонажей, особенно женских: просто уродство. Даже кавайные девочки с огромными глазищами из других аниме выглядят более привлекательно, нежели эти.  В заключение скажу, что язык не повернется назвать подобное шедевром и уж тем более какой-то глубокой картиной со смыслом, даже простецкой драмой назвать нельзя. Полный провал в качестве дебюта режиссера.  2 из 10	Не шедевр, а пустота.	1
180	2019-03-23 00:50:00	Имя мне Ночь	1	3	Сейчас на дворе март-месяц, но похоже, что я уже определилась с главным киноразочарованием года. Помню, как только впервые увидела трейлер мини-сериала «Имя мне  ночь», то радости моей не было предела: нам обещали нуар (а я очень люблю этот киножанр), причём с приставкой «ретро» (ретро я тоже очень люблю), с хорошими актерами в главных ролях. И что же?  Начнем с того, что сюжет основан на самой, пожалуй, вздорной версии убийства Элизабет Шорт по прозвищу «Черный Георгин». Согласно ей, с девушкой расправился известный голливудский гинеколог Джордж Ходел, вся вина которого на самом деле заключалась в том, что ему очень не повезло с детьми. Дочь Тамар обвинила отца в изнасиловании и принуждении к аборту, а в нагрузку  еще и в расправе над Шорт. На суде выяснилось, что она все придумала, что не помешало ее братцу Стиву уже в 90-е написать книгу, где к этим же обвинениям он добавил и убийства еще пары десятков женщин, и что папа был Зодиаком и т. д.  Одним словом, кроме демагогии там не было ну абсолютно никаких доказательств. Но кто же посмотрит на такие мелочи в наше время победившего Metoo? Обвинить человека во всех смертных грехах, добавить ужасов покинематографичней  и готово! Ну а что? «Мы так видим, а мистер Ходел уже не сможет защититься ввиду очевидных причин.» А поскольку наше время еще и время победившей политкорректности, то без кошмаров расизма никуда. Хотя в 65-м году (время действия сериала) сегрегация уже была отменена, в то, как трудно быть черным в Америке, зрителя тыкают бесконечно. Доходит практически до анекдота: главная героиня  белая, но считается черной, так как ее мать (приемная, как выяснится позже) черная, и потому вынуждена жить жизнью «меньшинства» и терпеть угнетения.  Единственные светлые пятна (за исключением чудной атмосферы Голливуда 60-х, разумеется)  актеры, сыгравшие центральных персонажей. Индия Айсли, дочь легендарной «Джульетты» Оливии Хасси, уверенно движется к титулу восходящей звезды. Правда, роль у нее не особо сложная, этакая схема «хорошая девочка в поисках правды», но она исполняет ее с фирменным семейным обаянием. Крис Пайн наконец вырвался из амплуа усредненного голливудского красавчика и отжигает по этому поводу.  Тем не менее, на одних актерах ни один фильм держаться не может. Поэтому  3 из 10	Черно-белое кино, или кто убил Афрогеоргину?	1
181	2019-03-22 23:11:00	Тройная угроза	8	0	Это примитивное, унылое зрелище, которое с лёгкостью поглотило лучших бойцов современного кинематографа. Сценарий убог и дело далеко не в штампах. Рассказанная история написана на коленках пятиклассника и наверное поэтому все диалоги удивляют своим наивным идиотизмом. Абсолютно каждый персонаж периодически выдаёт кретиническую фразу с обязательным крупным планом.   Ладно уж, шедевра и не ждал, а сел насладиться единоборствами. Создатели картины пригласили знаменитых драчунов и вручили им автоматы. Да, Тони Джа и компания, львиную долю экранного времени посвящают беготне с огнестрельным оружием. А если учесть тот факт, что перестрелки сняты на очень низком уровне (сцена в полицейском участке откровенное дилетантство), то становится очень обидно.    Не буду томить, драки есть. Назвать их фирменными, нет, язык не повернётся. Это худший фильм Тони Джа и Ико Уайс. Тайгер Чэнь выглядел блекло, особенно после яркого «Мастера тай-цзи». Постановщики боёв явно видели фильмы с участием этих бойцов, поэтому парочка излюбленных пируэтов проскочит, дабы благодарный зритель пискнул от удовольствия, но быковатость и медлительность оппонентов (Эдкинса это не касается) уничтожают на корню весь драйв. Пускай не так ярко, и чёрт с ними, но все эти драчливые сцены чётко поделены на отдельные эпизоды, этакие раунды, где восточные друзья демонстрируют свои умения. При чём строго соблюдая очередь. Подобная примитивность, разбавленная тупыми диалогами, топорной игрой и алкогольными парами навевает скуку. Самое забавное  режиссёр явно невзлюбил Ико Уайса, его персонаж всегда получал юлей, хотя понтовался аки бешеный зверь.   Фильм не буду рекомендовать к просмотру, это откровенная дичь, которая получит своего зрителя благодаря именитым актёрам, но по сути, этот шедевр очень напоминает эпосы господина Невского. Не тратьте своё время!!!		10
182	2019-03-22 22:34:00	Точка невозврата	0	3	Фильм привлёк описанием. В моём воображении нарисовался крепкий драйвовый боевичёк, однако всё вышло намного хуже, чем я ожидал.  Начало у картины выдалось неплохим. Как это часто бывает, начали не с самого начала, а взяли интригующий момент из более поздних действий. Я поначалу вполне себе увлёкся, ожидая что вот-вот начнётся жара. Но время шло, а жарче не становилось, даже просто теплоты никакой не исходило. Главный персонаж картины обычный турист в Мексике, которому нужно было совершить одно нехитрое дельце за 12 часов, избежав ареста, налёта мексиканских бандосов и прочих форс-мажоров. Что то подобное было уже. Такие события подразумевали в моём воображении постоянные бега, драки и куча неприятностей. Это было, но во-первых  ничтожно мало действий, а во-вторых, так стрёмно это всё выглядело. Пару раз главный герой пытался показать нам что умеет драться, но смотрелось это коряво и совершенно не эффектно.   Создатели картины немного перемудрили. Слишком много лишних персонажей, местами я даже не понимал, кто откуда взялся и кем является. И катастрофически много серьёзности. Это всё вызывало уныние и сожаление. Я ждал быстрых действий в духе Адреналина и Беги,Лола, беги. Хотелось какого то лихого поворота или чего то жаркого в плане экшна, но ничего не происходило. События протекали так скучно и медленно, что невольно начинаешь отвлекаться от событий фильма, заостряя внимание на чём то постороннем. При этом сюжет должен был быть прост и предсказуем, но вместо этого создатели решили немного добавить запутанности, а в итоге запутались сами, превратив обычную вроде бы криминальную драму в какой-то тягучий кисель, совершенно не интересный для зрителей.  В основном актёры не известные, но в плане игры, кстати. не всё так плохо. Вполне толковый уровень, иногда даже впечатляло. Из громких имён отмечу Тома Сайзмора и исполнившего эпизодическую роль Люка Госса. Сайзмор своего персонажа Педро исполнил хорошо, его мексиканский бандюган меня вполне убедил в своей состоятельности, жалко только что фильм это не спасло.   Подводя итог, я не смогу посоветовать этот фильм к просмотру. Для меня он оказался скучным и местами даже глупым. В частности вялая концовка, а именно фрагмент на заправке, подвёл итог тому безобразию, творившемуся на экране. Крайне слабый боевик, смотреть который  одно мучение, поэтому рекомендую обойти его стороной.  3 из 10	12 часов на что-то там	0
183	2019-03-22 21:30:00	Суперсемейка 2	3	4	Нет никаких сомнений, что в ближайшем будущем кинематограф деградирует настолько, что будет напоминать сцену из фильма «Идиократия», когда толпа зрителей, пришедших посмотреть очередной фильм в кинотеатр, вместо такового лицезрела просто мужскую волосатую пятую точку на весь экран, и при этом им это нравилось. Все именно к этому и идет, ведь я вижу все больше и больше фильмов, напоминающих не продукт кинопроизводства, а, скорее, продукт жизнедеятельности человеческого организма. И вижу все больше и больше людей, которые радостно хавают такие продукты, требуя добавки. Спрос порождает предложение: чем больше люди будут хавать подобное, тем больше будет выходить в прокат и соответствующих их запросам фильмов.  А главной угрозой всему хорошему, что когда-то было в Голливуде, является студия Диснея. Сегодня мне стало известно, что они выкупили еще одну хорошую кинокомпанию, а именно 20th Century Fox. Эта новость навеяла мне мысли об их планах по монополизации всей медиапродукции Голливуда, что привело бы к тотальной смерти действительно качественного кинематографа. Студия уже давно работает не за идею, а лишь исходя из корыстных побуждений, или же чтобы в очередной раз подлизаться ко всяким меньшинствам.  После слегка затянувшегося вступления перехожу к самому мультфильму. Начну я, пожалуй, с самой главной проблемы, на которую уйдет большая часть моей рецензии. Это  пропаганда ФЕМИНИЗМА. Все женщины в мультфильме  сильные и независимые, которые способны справиться с любыми трудностями без помощи «глупых мужиков». Тут тебе и главная героиня, которую выставили на передний план, в то время как ее муженька задвинули куда-то там, в край, присматривать за детьми, и «гениальная» Эвелин Девер, которая как марионеткой управляет своим таким наивным и глупым братцем, и девушка-полпред (представитель весьма высокого чина), которая имеет власть и авторитет, девушка-полицейский, которая так умело управляет автомобилем во время погони, и даже девушка-пилот вертолета (блин, неужели нельзя было хотя бы эту профессию не трогать!?). Скорее всего, из виду я упустил еще немало «сильных» представителей женского пола, которые «рулили» в мультфильме. То есть уже сразу понятно, что в произведении присутствует куча лишних и бесполезных персонажей, которые не играют никакой роли (хотя для кого-то, наверно, играют).  Показано, как тяжело приходится женщинам в домашних делах. Так тяжело, что ни один мужик бы не справился, да что там, даже Мистер Исключительный со своей супергеройской силой не способен совладать со столь невероятной работой, которая по плечу лишь особям женского пола! Это ж надо было так испоганить характер персонажа, заданный в первой части. Сделали из супергероя и хорошего отца какого-то никчемного, злого и завистливого папашку, который весь фильм почти ничего не делает, лишь истекает желчью от зависти к феерическому успеху своей супер-жены. Дела по дому, конечно же, для него в мультфильме  слишком сложная задача (куда ему, ведь только супердевушки могут справиться со столь непосильным трудом). Не может справиться с алгеброй сына, не понимает детскую психологию, чтобы помочь своей дочке в трудную минуту, ну а про его попытки ухода за маленьким карапузом вообще, думаю, писать не стоит. Также еще из одного мужского члена Суперсемейки сделали абсолютно бесполезного овоща, и это Шастик. Имея суперсилы, он не играет никакой роли в «спасении человечества», кроме того, он даже просто за ребенком уследить не в состоянии. Зато его сестра  прямо умничка: и все делает, и все обдумывает, и решает все за них.  Все мужские персонажи или абсолютно бесполезны, или, как минимум, просто уроды, в прямом смысле слова: настоящие физиологические уроды, будто бы какая-то генетическая инфекция на славу постаралась над их телами и, в частности, лицами. Достаточно просто посмотреть на всех супергероев-мужчин, я нигде такого уродства не видел, просто фрики какие-то в костюмах. Даже внешность бедного главного героя не оставили в покое: форма лица у него, конечно же, осталась из прошлой части, но вот зато мимику какую мерзкую ему прорисовывали в различных сценах, просто ужас  А внешность главной злодейки,  чистейшая феминистка (какая ирония). Конечно, не сказать, что она уродина, но этот высокомерный взгляд на ее лице и легкая развязность Зато почти все женские персонажи в мультфильме выглядят намного привлекательнее мужских, особенно главная героиня. Демонстрация бабских посиделок с задушевными разговорами о том, что мужики ни на что не способны и что со всеми делами им (бабам) приходится справляться в одиночку, например, спасать мир. Кто, если не они Очень, очень много пропаганды. Да почти весь мультфильм  это просто полноценная двухчасовая популяризация феминизма, не имеющая ничего общего с хорошей первой частью, продолжение которой все так долго ждали.  Очень жаль, что Дисней задушил продолжение Суперсемейки, ведь могла получиться довольно годная 2-я часть. Для этого были все предпосылки: режиссерский состав не изменился, бюджет позволял, спрос был велик. Уверен, идеи, которые были задуманы режиссером прошлой части изначально, не вписались в коварный план Диснеевцев по получению прибыли, и в итоге их переписали, уничтожив все хорошее, что было в первой части. Единственное, что спасет серию от краха, так это полное игнорирование сиквела или его передел. Потому что всё, что было показано здесь, даже полноценной историей не назовешь, лишь полномасштабная пропаганда и щепотка клише со штампами про супергероев. Никакой глубины и никакой философии. Был отличный шанс раскрыть тему семейных отношений супергероев, а также показать их проблемы, но справиться удалось лишь отчасти со вторым.  Единственное, что вызывало хоть какой-то интерес к происходящему,  это попытки Мистера Исключительного приспособиться к роли домохозяйки. Его перегруженность, небритость, усталость немного забавляли. Попытки совладать с силой самого маленького члена семьи тоже вызвали улыбку. Также к качеству анимации вроде как нет претензий (кроме уродов-мужчин, но это стоит адресовать главному художнику): всё гладко и красиво. Музыка  конечно, не как в первой части, но все-таки какая-то есть.  В качестве вывода скажу, что если выкинуть из мультфильма всю пропаганду и переписать сюжет на более значимый для серии, то получилось бы отличное продолжение первой части, серия бы жила. А так пока что в мультфильме я вижу лишь один единственный посыл: мужики должны сидеть дома и не рыпаться, пока женщины спасают мир!  4 из 10	Смерть еще одной хорошей серии после вмешательства политики Диснея.	2
184	2019-03-22 20:29:00	Коллекционер	0	4	Как известно хорошо, Юрий Грымов снимал в основном рекламные ролики, подбирал музыку, помогал снимать клипы в контексте сюжета и донесения до зрителя шок-контента. В кино это тоже сработало.  «Коллекционер»  типичный случай того, когда абсолютный бред материализуется на экране. После премьерного показа из фильма забыли убрать титры, так и пошло в народ. Хотя они даже помогают, усиливая восприятия андерграундного мышления в стиле В. Вульф, Д. Джойса и прочих динозавров пост-модерна. Здесь динозавром стал как раз Грымов.  Двое едут на мотоцикле, получают по голове и оказываются в ловушке. Весь фильм состоит из монолога Коллекционера, который собирает всё подряд. Маньяк Джон Крамер нервно курит в сторонке по сравнению с Особой, которая уже сделала свой выбор. То есть фильм вроде бы о чём-то. Хотя бы что-то есть. Но самое весёлое, когда нам вещают с экранов [А ещё я коллекционирую мат.  Тут уж не до смеха. Потеряна логика, но главное  что такого сделали герои, чтобы выползти из ловушки? Блеснули умом? Показали свои достоинства? Красиво улыбались? Странен этот мир кино.  4 из 10	Бред рекламного коня	0
185	2019-03-22 19:55:00	Рома	2	5	Рома  это район Мехико, где вырос и жил в 70-ых Альфонсо Куарон. Каким в действительности было его детство  нелёгким или безмятежным  сказать трудно. Неизвестно, что режиссёр выдумал, а что показал, как было. Но один мотив, один важный пласт воспоминаний выглядит здесь совершенно правдиво. Тот, что касается его няни, бывшей всегда рядом и любившей его и других маленьких Куаронов. Она  центральный персонаж истории. Истории, очень личной для режиссёра  но рассказанной с максимальной дистанцией. Можно сказать, что персонаж здесь  не только человек, но и сам город, то характерное время, проступающее чёрно-белым отблеском суеты, безмолвных страданий, незамутнённых радостей и волнений.  Куарон демонстрирует нам мир, которым был очарован  ведь был тогда совсем мал. Но, увы, очарование это  довольно поверхностное, оставшееся где-то внутри автора, выражающего свой взгляд лишь через умелую и сосредоточенную камеру. То, как она медленно кружит и спокойно следует за героями, завораживает больше всего, заставляя проникнуться к концу фильма заданным изначально настроением. Эта нейтральная, уравновешенная позиция, не лишённая при этом и внимания, подкупает и оправдывает ретро-эстетику, необходимую здесь для ностальгии. И всё же режиссёру не удаётся ни увлечь, ни толком заинтересовать. Чёрно-белая картинка воспринимается так же холодно и отстранённо, как выглядит  и ничего с этим не поделаешь.  И вроде бы есть желание сочувствовать героине, упиваться прелестью детства, вдыхать мексиканский воздух, экзотичный и пыльный  но никак не выходит. Незамысловатые памятные моменты, растянувшиеся на два долгих часа, волнуют лишь самого Куарона, превращаясь в унылое однообразие для тех, кто в этом мире не жил. Слишком мало подчёркнутости, восприятия художника, выхватывающего деталь из повседневности и делающего её метафорой. Ровное серое полотно с изящными линиями, нарисованными уверенно, но вяло, без всякой выдумки. Попытка добрая, честная  но явно неудавшаяся.  4,5 из 10	Тоска вместо ностальгии	4
186	2019-03-22 16:53:00	Покидая Неверленд	45	1	Мысли в слух: Что такое документальное кино? Документальным называется фильм, в основу которого легли съёмки подлинных событий и лиц. Я не могу назвать эту откровенную халтуру документалкой. Почему? Потому что в документальном фильме, есть ряд реальных фактов, а не исповедь людей. Фильм изначально снят так, чтобы вызывать у людей споры. Удалось ли это? Вполне! Одни будут кричать «Он не такой! Это выдумки!», другие «Как он мог! Я бы не отдала своего ребенка ему!». Но постойте, стоит разобраться и здраво посмотреть на вещи, коие здесь представлены.  А) Однобокость. Фильм повествует историю двух мужчин, которые подверглись сексуальному насилию. Основа проста: мужчины рассказывают как и что происходило в Неверленде (то самое поместье, принадлежавшее Джексону). Если вы посмотрите на все рассказы героев, выглядят они бредово, рассказ скачет от предложения к предложению, потому что в кадре не только эти два мужика, но и их родственники. Которые каким-то образом (КАК ТАКОЕ ВОЗМОЖНО?!) не замечали ничего (это по их словам). Если и допустить что такое было (я сейчас имею ввиду насилие), то где доказательства? Я не беру в расчет письма, в которых толком ничего нет, я не беру в расчет телефонные звонки (видать, родители знали что такое будет и записывали, храня годами запись! Магия, это все Гарри Поттер!). В качестве домогательства кино предлагает фото, с рекламы  где Джексон вместе с мальчишками позируют. Да, это весомый аргумент! Парни вторят, что влюбившись в короля поп-музыки, они не замечали ничего! А после смерти Майкла и спустя 10 лет чет вдруг заметили! Магия! Есть родственники и пострадавшие, но нет защиты, которая бы так же здраво сидела на стуле и вспоминала, что было 10-15-20 лет назад. Как же так? Это документалка? Пффф. Никак нет.  Б) Манипуляция. 4 часа идет фильм, из которых можно вырезать большую часть оставив полтора. Но нееет. Как это вырезать?! Впечатлительные люди должны понять, почему мы говорим о насилие 4 часа, чтобы в их голове образовалось предложение, что якобы Джексон виновен. За 4 часа, то уж всяко поверит мнительный человек. Поэтому все люди в ленте вторят одно и тоже, пытаясь осквернить, но не оскорбить имя знаменитости. Они как бы говорят, вот такое было и развился «Как бы» Стокгольмский синдром, но никого не обвиняют. Вернее пытаются не умело. По дороге из насильственных действий вплелась (Внимание интрига)  жизнь этих двух мужчин. Нас пытаются вразумить, что произошло ужасное и все это сделал Майкл! Каким Макаром, да просто так видимо. Браво, манипуляция сработала! Есть люди, которые поверили в неоднозначность данного продукта.  Я не фанат Джексона, да я люблю некоторые его песни и есть те, которые стоят на репите. Но вы поймите, я не защищаю конкретно человека и его музыку, я смотрю ситуацию, которые создали через года. Проблема в том, что Джексона будут помнить и через 20, и через 40 лет. А вот кто эти мужчины? Люди не вспомнят и завтра. Да, безусловно, эта лента отразится на истории жизни Майкла. Ибо это уже есть и вырезать никак нельзя. Но по сюжету я услышала от мужчин обиду и ревность. Один не снялся в клипе (заменили Калкиным), другой жаждал больше внимания. А если вы хотите узнать, кто такой Майкл Джексон, есть гора документалок о нем, о его тяжелом детстве, об отце тиране. О том как Майкл, став взрослым начал помогать (конечно, в нашем мире разве можно делать блага??? всегда найдутся те, кто хотят поживиться, присосавшись).  Итог: Не стоит это смотреть никому. Это халтура чистой воды. Я очередной раз убеждаюсь, что деньги правят миром  1 из 10		49
187	2019-03-22 14:17:00	Собаки, хотите жить вечно?	1	0	"Фильм, видимо должен показать то, что бывают хорошие нацисты, которые храбрые солдаты и смелые благородные люди, а бывают плохие нацисты, которые не привозят им пушки и еду, и поэтому хорошие нацисты терпят поражение и армия, вместо того чтобы уничтожить русских Иванов и местное население терпит катастрофу. Удивительно, что даже на пороге смерти хорошие нацисты сожалеют лишь о том, что их армия гибнет и задаются вопросом о том,"" что стоило ли идти на войну при таком плохом снабжении». Находясь в горящем городе среди умирающих женщин и детей они не чувствуют своей вины в их смертях и горе, которое она принесли этому народу. В представлении хороших нацистов катастрофа это гибель их армии, которая не позволила превратить СССР в большой концлагерь. А в реальности это не так, по крайней мере для немцев."	Фильм о хороших нацистах	0
188	2019-03-22 14:12:00	Бал вампиров	0	4	У этого фильма хорошие оценки как от зрителей, так и от критиков. Судя по всему, большинству он нравится. Да и поставил его признанный мастер Роман Полански. Но не надо удивляться, если кому-то он не понравился. Он не столько интересный, сколько странный. Если подумать, то материала для крепкого произведения тут полно. Карпаты, зима, вампиры, старый замок, деревушка, два человека из большого мира, которые должны выследить нечистую силу и выручить молодую красавицу. Казалось бы, такой набор должен попасть в нужное место на стене с мишенью, но что-то не так, и картина производит неровное, грубое, сырое и даже противное впечатление.   Пожалуй, именно богатство в наборе разных элементов и навредило фильму, потому что их не получилось нужным образом соединить. Игра на контрасте между людьми из города и селянами. На контрасте между рыжеволосой девушкой и остальными местными. Кстати, она часто принимает ванну, и никаких подробностей в кадр не пускают. Приятная молодая девица в пене, чтобы подразнить мужскую аудиторию. А рядом с одной такой сценой есть резкий переход в спальню пожилого профессора, которому молодой ассистент ставит банки на голую спину. Ну, это способ лечения такой.   Попытки смешить в рамках картины с очень неудачной технической частью, примитивными съёмками и некоторыми кровавыми моментами, которые вызывают отвращение. А более-менее интересно становится, когда события переносятся в старый замок. Явно вдохновлялись успешной историей про Дракулу, а заодно хотели высмеять её, только получилось неудачно.   К актёрам претензий нет  они сценарий не пишут. А что до автора, который и одну из ролей сыграл, и к тому самому сценарию причастен, и за режиссуру отвечает, то можно очень удивиться, что всего через год после этого фильма он снял отличного «Ребёнка Розмари» с очень плотным, крепким и серьёзным содержанием. Небо и земля, что называется.   «Бал вампиров» нравится публике не за качественное исполнение, а лишь за набор рабочих деталей, которые тут намешаны. И это говорит о том, что художественный аппетит массового зрителя несложно ублажить. Но ничего не поделаешь с тем обстоятельством, что как кино про вампиров, получилось очень слабо. Опять же, просто по качеству картинки на экране. «Дракула» Теренса Фишера, который с Питером Кушингом и Кристофером Ли, вышел на девять лет раньше, но выглядит гораздо лучше, например.  4 из 10	Бесстрашные убийцы вампиров	0
189	2019-03-22 14:11:00	Пиковая дама: Зазеркалье	0	0	Никогда не думал, что смогу заставить себя пойти на фильм ужасов от Фонда Кино. Но зря, он действительно отчасти ужасен.  Что это было?  Такой вопрос я задал минимум шесть раз:  1. Директриса входит в залитую дневным светом комнату и спрашивает героев, почему они не спят, если на дворе полночь. Извините, что?  2. Абсолютно глухой сторож, который только спустя десять минут скрипа половиц, криков «мама!» и интенсивных диалогов заподозрил неладное.  3. Шум в подвале, когда всё попадало и ребята решили свалить, не привлёк абсолютно никого.  4. Резервуар с водой, стоящий там около сотни лет, но при этом никак не повлиявший на состояние досок пола, идеально отражает внимание режиссёра к деталям. И погодите, почему его вообще там оставили?  5. Очевидно водителю грузовика с продуктами не пришла в голову идея закрыть кузов.  Герои:  1. Главная героиня: честно не помню её имени, но да не суть. Абсолютно не раскрытый персонаж, которая, казалось бы, не испытывает ничего кроме испуга и раздражения. Мало того, что она не винит себя в смерти матери (хотя стоило бы), так и ей вообще не интересен этот факт. Обычный угрюмый подросток, думающий о том, как свалить из интерната.   2. Чокнутый младший брат гг: нет, серьёзно  он видел свою мать ещё задолго до их появления в усадьбе, в самом начале фильма, у этого мальца действительно с головой большие проблемы. Так ещё и сестра его хейтит, оставляя в подвале с незнакомыми ей людьми и кровавыми петаграмами, перед этим крича на него возле гроба матери.  3. Озабоченная-звезда-школы: нет, ну это совсем уже клише. Такие есть в каждом дешёвом фильме ужасов. Красотка-стерва, которая до конца не верит в происходящее, и только спустя три-четыре «случайных» смерти в её голову приходит мысль «ой, а ведь это странно».  4. Подружка звезды: менее стервозная, но ещё более тупая. Я так и не понял, она действительно подумала, что её разыгрывают друзья, делая невозможное, или она всё же поняла, что что-то не так и решила бросить вызов исчадию ада с помощью эм, поедания шоколада?  5. Крутой парень: очередное клише, спасибо, что он хоть не капитан спортивной команды. Подкачанный мажор, залетающий в любые передряги со слов «Вы что, боитесь?» и, по классике жанра, вскоре жалеющий об этом.  6. Лузер: единственный, у кого изначально есть хоть какие-то шансы выжить. Один из тех парней в фильмах ужасов, которые на наших глазах практически умирают, а потом эпично появляются в кадре как ни в чём не бывало.  7. Учитель с секретиком: очень странный персонаж. Я конечно понимаю, он разбирается в старых традициях, но сколько ваших учителей истории знают про «лестницу Иакова», символ переселения души и ещё кучу всяких подозрительных вещей, включая наличие резервуара с водой в местах проведения ритуала?  8. Директор с секретиком: деньги многое делают с людьми, но мало того, что ей было абсолютно плевать на детей, так она ещё и постоянно подбирается максимально незаметно на каблуках, знает историю поместья, защищает Пиковую Даму и решает присесть у могилы её сына.  9. Волан-де-Морт в чёрной фате: довольно жуткий антагонист, который и желания толком не выполняет и хп отнимает. Да ещё и волосы на заметном месте отстриг, это же некрасиво.  Итог:  Клишированные персонажи + невнимательность к деталям + банальность идеи + куча возникающих вопросов + ожидаемые скримеры = практически каждый фильм от ФК.  Из хорошего только очень даже неплохая операторская работа, красивые декорации и актёрская игра мальчика, которая лично мне зашла.  4 принца-полукровки из 10		0
190	2019-03-22 13:16:00	Братья Систерс	10	4	Фильм представляет собой вестерн, который по структуре является роуд-муви, то есть события фильма развиваться в процессе движения главных героев из точки А в точку В.  Начну с того, что «Братья Систерс» пытаются быть не просто вестерном с лихими перестрелками, огромными револьверами, ковбоями и прочими обязательными атрибутами вестернов, «Братья Систерс» при этом пытается быть серьезным кино, где герои это не просто шаблонные персонажи-функции, а живые люди со сложной психологией. Ключевое слово последней фразы  «пытается». На деле же получается, что в потенциально лихой бодрый экшн насильно вторгается надуманная драма. В фильме пытаются создать конфликт между двумя братьями (которые по совершенно непонятной для меня причине зачем-то Систерс, я совершенно не увидел никакого особого смысла в этой их фамилии Систерс и того, как бы это отразилось в фильме, кроме нескольких очевидных тупых шуток на этот счет). И конфликт между братьями такой: один из них хотел бы закончить с делом охотника за головами и уйти на покой, а второму нравится его работа и заканчивать он не хочет. Как вы могли догадаться этот конфликт будет заявлен, но разрешен он будет по случайной причине. Эта госпожа «случайная причина» правит фильмом. Все основные повороты сюжета происходят по случайным причинам, практически никак не зависят от самих героев и не проистекают из предыдущих событий. Стоит привести пример: герои останавливаются на привал, ложаться спать и ночью в рот к одному из них влазит паук и откладывает у него в желудке яйца, из которых впоследствии вылупляются маленькие паучки (sic!), что вызывает болезнь одного из Систерсов. А апогеем фильма становится чудовищная по своей случайности и тупости сцена, которая при этом является спойлером и поэтому я о ней здесь умолчу, если посмотрите или смотрели фильм, поймете, о чем я. Приведу условный пример, сходный по духу: есть главный герой, который движется по сюжету (представим себе скажем Джона Маклейна из Крепкого орешка), в одной из сцен переходит дорогу и попадает в ДТП, получает из-за этого серьезную травму и уходит из-за этого окончательно на пенсию. Вот что-то в этом духе постоянно происходит в этом фильме.  И эта случайность и непредсказуемость очень быстро напрочь отбивает любой интерес следить за событиями фильма. Он становится бессмысленной чередой событий, а герои щепками в потоке случайностей.  Большинство сцен никак не влияют на последующие, все случайно и абсолютно не взаимосвязано. На мой взгляд, фильм достойный звания худший сценарий 2018 г.   4 из 10	Вестерн, который пытается быть большим кино	1
191	2019-03-22 13:03:00	Мальчик-оборотень	1	9	Посмотрел фильм, доверившись высокой оценке на Кинопоиске, которая составляет почти 7,9 из 10. Однако на поверку фильм оказался типичным представителем контента для «любителей всего корейского» и как по сути, так и по исполнению, является своего рода аниме в кинематографе. При просмотре постоянно возникает ощущение, что смотришь не фильм, а анимационный фильм, причем типичный с принятыми в аниме допущениями, гипертрофированностью персонажей, сказочностью происходящего.   Причем когда это все находится непосредственно в аниме, то воспринимается как-то органично и не так бросается в глаза, но когда мы видим это в игровом фильме с живыми актерами, то эта анимешность лично для меня стала той непроницаемой преградой, которая не дала проникнуться драмой и происходящими событиями. Все казалось каким то ненастоящим, преувеличенным, игра актеров, которая является подражанием анимационным персонажам, откровенно плохой и уж лучше бы сняли аналогичное аниме, чем подобный фильм, под аниме мимикрирующий.   Любителям всего корейского, вероятно фильм зайдет намного лучше, остальным же советую пройти мимо.   4 из 10	Аниме, в котором зачем то играют актеры.	0
192	2019-03-22 12:59:00	Ничего хорошего в отеле «Эль Рояль»	7	6	Приехали как-то в отель на границе двух штатов, Калифорнии и Невады, священник, продавец пылесосов и афроамериканская певица, а администратор отеля, тот еще странный парень, им говорит   Фильм начинается в духе классического анекдота, в котором обязательно должны быть колоритные, запоминающиеся персонажи, ни в коем случае не простые живые люди, а персонажи-функции, которых каждый может легко узнать.   Взгляните на постер, это тот редкий случай, когда он попадает прямо в точку. В фильме не очень много действующих лиц, и все они (за небольшим исключением) разместились вперемешку на постере.  Каждый не в меру самобытный и «странный». В фильме нет нормальных людей, есть только размалеванные деревянные куклы, у каждого из которых «есть страшная тайна».   Тут надо отметить в целом очень хорошую игру актеров, которые как могут пытаются придать деревянным куклам персонажей человеческое лицо, однако, на мой взгляд, в итоге эти потуги ни к чему не приводят. Слишком уж все карикатурно и стереотипно, и что самое главное, за всей этой мишурой событий и персонажей не удается разглядеть какого-то идейного уровня, если не считать идейным уровнем то, что всем правят деньги.  Хоть мне фильм откровенно не понравился, говоря объективно, стоит отметить достойный, бодрый сюжет, умелую разбивку фильма на сцены, показанные глазами одного из персонажей, которые позволяют нам увидеть одни и те же события с разных точек. Также в фильме присутствует довольно выверенный общий стиль.   Казалось бы, все есть. Но в итоге фильм подобен движению ярких разнообразных автомобилей по карте небольшого стильного городка: и вроде бы движение есть, и столкновения и крутые повороты, но в целом все это ни к чему не ведет. Нет над этим ничего более.   Я категорически против подобного безыдейного искусства. Чистого «развлекалова».   Подводя итог: фильм, если говорить о его составных частях, в целом неплох, но ему не хватает «души», идеи. Он бодро куда-то рулит, но никуда не выруливает  6 из 10	Не смешной анекдот	4
193	2019-03-22 11:53:00	Мы	0	2	«Скоро в кинотеатрах», «от создателей», классный трейлер  все этом может с легкостью сбить с толку любого человека. Мы ж верим. А тут всего два пункта.    Сюжет и сценарий.  Сюжетная линия напоминает сильно разваренную рыбу, которая разваливается от малейшего прикосновения вилкой. В фильме главным разделывающим орудием заявлены ножницы (не спойлер), но даже они не придают картине целостности.  Повествование сильно затянуто и возникает желание «перемотать» или смотреть фильм на скорости 1,5х. Сценарий к фильму режиссер Джордан Пил написал сам. Равно как и в картине «Прочь», за который ему ошибочно дали Оскар. Здесь очередная попытка за 30 рублей снять картину и собрать с нее очередные миллионы. Приёмчики те же самые: пугать  чуть-чуть, немного юмора, странный сюжет, кролики для большей мистичности и отсылке к Алисе в Стране чудес, ну и хороший саундтрек.   В остальном развитие сюжета вполне предсказуемо равно как и финал, где неожиданный твист можно предсказать уже на десятой минуте картины.   Актерские работы.   В очередной раз мы видим очень слабый актерский состав. Лупита Нионго (имеет Оскар за «12 лет рабства») практически не оставляет живого места для хоть какой-то попытки поверить ее персонажу. Жуткий наигрыш и фальшивость исполняемого вызывали смех в зале и не давали возможности проникнуться доверием. Так же плох Уинстон Дьюк (исполняет роль мужа главной героини) Но с него взятки гладки  он Оскаров не имеет и звёзд с неба не хватает. Элизабет Мосс и Тим Хайдекер призваны в картине немного разбавить обще афро-американский состав. Видимо боялись что создателей обвинять в расизме, вот они и всунули парочку белых для баланса. При этом перекос очевиден.   Может российский дубляж немного спасет бедных актеров. Если смотреть на языке оригинала  в некоторых сценах, то, что призвано «испугать», вызывало опять же смех в зале.   Как картина спасается в прокате?  Старым способом Голливуда. Реклама! И чем больше, тем лучше. Максимум возможного. Хайп на теме расизма, отсутствие прямого киноконкурента в ближайший месяц. Оплаченные статьи и поддержка не самых солидных кинокритиков. Возможно эти методы дадут возможность продержаться этой лодке на плаву, единственное о чем хочется предупредить будущего зрителя  не тратить БОЛЬШИЕ деньги за билет. Лучше дождаться выхода картины на каком-нибудь РЕН-тв.   2 из 10	Фильм за который жалко потраченных денег и времени.	0
194	2019-03-22 10:26:00	Балканский рубеж	1	3	Был очень удивлен, когда увидел рейтинг на Кинопоиске больше 7.   Как по мне, IMDb со своими 4,90 гораздо достовернее отражает реальность.   Плюсы фильма: хорошая идея, реально неплохая игра актёров, сносный сюжет.  Если быть совсем честным, то самый главный плюс фильма (а точнее не плюс, а как мне кажется, главная причина того, почему фильм может понравится обычному зрителю) это его намеренный упор на патриотизм и героизм российского солдата. Фильм просто кричит: Мы (россияне)  молодцы! Спасители! Герои!  Видимо, именно патриотизм помогает не замечать минусы фильма.  А минусы то есть:   1. Используются самые типичные клише о боевиках, из-за чего некоторые сюжетные повороты кажутся слишком предсказуемыми;   2. Почти все герои так и остаются не раскрытыми, и нам остается сопереживать им только за то, что они россияне;   3. Диалоги затянуты, что в сумме с нераскрытыми героями, так и вообще делают просмотр неинтересным;   4. Однообразная, хоть и сопутствующая повествованию музыка, которая крутится весь фильм одной единственный мелодией;  5. Глупости главных и второстепенных героев в угоду остросюжетности эпизода, вроде тех, когда гражданская женщина во время перестрелки выбегает из укрытия и начинает бегать по полю;  Возможно, я просто не любитель подобных фильмов, но полная потеря интереса к главным героям, а так же, слишком навязанный патриотизм и пропаганда, где злодеи уж слишком злые, а наши ну уж очень добрые, отталкивает.   Рассуждать о реальных событиях, и исторических деталях  не берусь. Возможно оно всё так и было.  Я говорю лишь мнение о фильме, ибо это не документалистика, а художественная лента. И как художественная лента  фильм на 3 из 10		1
195	2019-03-22 10:04:00	Богемская рапсодия	9	0	«Ведущий: Думали ли вы о фильме, раскрывающем историю Queen? Фредди: Ты имеешь в виду, хотим ли мы попробовать себя в актерстве? Ведущий: Да, чтобы вы сыграли себя в фильме про Queen. Фредди: Ой, как скучно. Роджер: Ой, нет. Я думаю, это было бы абсолютно ужасно. Фредди: Не думаю, что кто-то из насни у кого из нас нет каких-то больших идей на этот счет. Лично я не хочу быть кинозвездой или вроде тогоИ если бы мы хотели снять фильм, мы бы давным-давно сделали это.»  Запись Radio 1, Queen for an hour, 1989  2018, «Богемская рапсодия». Я выходила из кинозала в абсолютной уверенности, что фильм неплох. Что сняли достойно, не смакуя грязные подробности, не делая скандала. Я думала так ровно до того момента, когда из интереса после фильма заглянула в 1970-1980 годы: посмотрела все клипы Queen и Фредди Меркьюри, прочитала историю создания группы, ознакомилась с воспоминаниями современников, увидела интервью с участниками группы, даже узнала мнения исследователей по поводу направления их творчества. После этого могу сказать лишь одно: на счет фильма я заблуждалась. Это отменно распиаренная проходная картина, не имеющая ничего общего с легендарным музыкантом.  Скажу сразу: фильм неплох как история, не имеющая отношения к настоящим Queen. Не более того. Не зная достаточно Queen (как не знала их я до просмотра) нельзя увидеть всю чудовищную подмену, а оттого скорее всего история понравится. Понравится, потому что позволяет прикоснуться к музыке Queen, словно побывать на концерте. Но это заслуга музыки, а не фильма. Многие говорят, что покадрово отснятая сцена с выступления Queen на Live Aid является фактом исторической достоверности ленты. Однако скопировать не сложно. Сложно действительно показать, адекватно отобразить происходящее.  На протяжении всей ленты мы любуемся на карикатурного Фредди, который удивительно похож на Майкла Джексона. Зачем-то сильно преувеличена проблема с зубами исполнителя. Рами Малек, исполнивший эту роль, отчаянно пучит глаза и жеманничает. Нелепо видеть щуплого, карикатурного персонажа на месте невероятно харизматичного и статного Меркьюри. Стоит пересмотреть любые клипы и живые выступления группы, как становится ясно, что все общее между двумя образами  лишь одежда.  Весь фильм зрителю нещадно напоминают, что Фредди сменил ориентацию и стал геем. Зачем? Ведь это один из тех исполнителей, где ориентация не играет абсолютно никакой роли, поскольку он  Талант. К тому же сам Меркьюри не афишировал ни свою жизнь, ни свои предпочтения, так наше ли это дело, заглядывать в замочную скважину закрытой двери?  Для чего этот фильм? Чтобы рассказать о группе? Но группа показана как три няньки, которые оберегают и наставляют на путь истинный несмышленыша Меркьюри. И эти четыре посторонних человека зачем-то вместе, выступают на концертах, оберегают Фредди и при этом невероятно популярны. Что мы узнаем о Фредди? Да ничего! Ну был вот такой странный парень. Песни пел.  Фильм не о Queen. Фильм о ком угодно, но не о Фредди Меркьюри.	Прости нас, Фредди	12
196	2019-03-22 03:23:00	Балканский рубеж	1	2	Авторы попытались осветить события в Югославии, происходившие в 1999 году: гражданская война, бомбардировки НАТО, бросок на Приштину. По факту творение Андрея Волгина представляет собой смесь таких шедевров, как «Дети против волшебников» и «Крым» (тот же Курцын перекочевал из «Крыма», чтобы «сыграть» сюрприз-сюрприз военного). Местами попадаются неплохие экшен-сцены (отсылка к «13 часам Бенгази»), а также документальные вставки. Надо отметить, что эпизоды из выпусков новостей раскрывают сюжет фильма лучше, чем его игровая часть.  Если попытаться кратко охарактеризовать первую половину фильма, то это штампы, сумбур и религия. Много религии. А штампов еще больше. Вторая половина фильма состоит в основном из перестрелок и слегка имбецильных диалогов. И духовности  куда же без нее! Порой возникает подозрение, что созданием фильма занималось РПЦ.  В фильме много сюжетных линий, не влияющих на развитие сюжета  например, сцена с гонкой на БТРах  зачем, если потом все едут в колонне? Зато 10 минут экранного времени будьте добры посмотреть (вместе с последующими диалогами).  Диалоги  уровня девочек-второклассниц: «Где они столько российских флагов взяли»  «Они сербские перевернули».   Актерскую игру можно охарактеризовать фразой из сериала «Друзья»: не убедителен в роли человека.   Пересказывать сюжет не буду, а развязку вы и так знаете.   В общем, люди, учитесь на чужих ошибках и не повторяйте их! Не тратте на «Балканский рубеж» свое драгоценное время и не поддерживайте рублем подобный киношлак. А мне искренне жалко свои 300 рублей.  2 из 10	Худший способ потратить 2,5 часа	0
197	2019-03-22 01:13:00	Страйк	0	1	Многие любители детективного жанра очень ждали экранизацию романов нового загадочного писателя Роберта Гэлбрэйта, а после просмотра первых двух сезонов, возможно, даже остались довольны. Не стану скрывать, у меня и у самой сперва стояла твердая 6-ка.  Затем шел 2018-й год и на экранах появилось продолжение в виде двух эпизодов третьего сезона. Вот тут-то меня ожидало полнейшее разочарование.  Объясняю: если вы не в курсе сюжета, не читали книгу или хотя бы Википедию, можете даже не нажимать кнопку «воспроизвести». Диалоги настолько оборваны, а факты скомканы, что вы просто не успеете переваривать происходящее и вникнуть в суть.  Безусловно, за излишний драматизм и затянутость фабулы стоит поблагодарить автора книги, но данная «киносага»  отличный пример того, как опустить ниже плинтуса слегка скучненький сюжет и сделать его просто невыносимым для просмотра.  Актёры плохи, как и сам фильм. Персонажи плоские и неинтересные.  Если четвёртую книгу я всё ещё жду, то на дальнейшие серии больше не потрачу ни единой минуты.  1 из 10	На службе ерунды	0
198	2019-03-21 16:20:00	Красивый мальчик	2	0	Стив Карелл  актер с великой буквы, умеющий играть, как комичные, так и драматичные роли, что он продемонстрировал в данной роли, достойно отобразив переживания любящего отца к сыну наркоману.   Глубокий философский посыл, заложенный в фильме о принятии тяжелейшей болезни  наркомании, близкими людьми, заслуживает уважения.  Наркомания  общая, социальная проблема, помните и не забывайте о том, что зависимые люди нуждаются в нашей поддержке, понимании и только терпением и любовью мы сможем противостоять ей.   Боль переполняет душу, когда родитель, смотря на сына, ощущает бессилие, а зритель переполняется мудростью, когда сострадает ему. Кинолента «Красивый мальчик» как раз о принятии судьбы и людей с их душевными отклонениями.  Актер Тимоти Шаламе и его природная харизма  алмаз, с первозданной красотой, дай бог ему, светлого будущего, которого так не хватало актерам: Джеймсу Дину и Пьеру Блезу Шаламе и вправду очень «красивый мальчик» с природными зачатками актера, в истинном понимании этого слова.   Режиссер Феликс ван Грунинген должен быть спокоен, оттого что он творит по-настоящему красивые и душевные вещи, увы, вопреки, которые, не смогут стать массовыми, несмотря на сильную и кропотливую работу автора.   Фильм «Красивый мальчик» назовем его тихим шедевром.	Тихий шедевр	2
199	2019-03-21 16:08:00	Хроники хищных городов	2	3	В первую очередь мне понравилась сама идея, весь основной замут. Очередной пост-апокалиптический мир, который на мой взгляд слабее своих собратьев по жанру именно тем, как начали жить люди после трагедии. Перемещающиеся города? Ну-ну, а я думал что меня сложно чем то удивить.  Ну даже если оставить за скобками саму чуть истории, то тоже не всё так хорошо. Книгу не читал, поэтому только о фильме пишу. Отрицательные персонажи непонятно чем и зачем занимаются. По-моему, они просто глупые люди, мечтающие о власти. Да и актёр, сыгравший главного антагониста, не понравился. Чем то напомнил Вандала Сэвиджа из Легенд завтрашнего дня, но там хороший персонаж вышел. Здесь же не виделся он мне таким злым и безжалостным человеком. Когда вначале фильме он общался с Томом подобру-поздорову, то было убедительнее. Поэтому считаю, что этот актёр на роль конкретно этого злодея не подошёл совершенно.  Также сделаю упор на многочисленных сюжетных линия, абсолютно непроработанных и неинтересных. Много клише, катастрофически много клише, позаимствованных у более серьёзных собратьев по жанру. Ну и местами просто нудность и скука неслась от происходящего на экране. По настоящему увлечь меня фильм не смог и я его посмотрел просто по инерции и привычке не бросать фильм недосмотренным. Но все эти вялые события, туповатые мотивы и до безобразия раздражающие монологи, наполненные пафосными нотами, вводили в зомби-состояние.   Помимо главного антагониста мне понравились практически все герои этой истории. Ну, какие то не цепляющие и унылые они были. В особенности это касается Тома, которого сыграл звезда сериала Плохие (они же Отбросы) Роберт Шиэн. Тупой и скверный персонаж. Тогда Анна Фанг, которая казалось бы крутая и независимая героиня, получилась такая же клишированная и скучная как и сам фильм.  Плюс продолжительность фильма более двух часов  выдержать тяжеловато. Фильм раздули до невозможного. Все события можно было бы спокойно уложить в полтора часа, но все эти ненужные разговоры по душам и прочая чушь растянули кино, заставляя откровенно скучать при просмотре в большинстве эпизодов. К плюсам отнесу разве только красивую картинку. Действительно яркое и сочное изображение заинтересовывали глаза, хоть на немного уводя моё подсознание от того, что творилось на экране и что мне катастрофически не нравилось.   Как итог  фильм явно на любителя. В целом я неплохо отношусь к пост-апокалиптическим фильмам. но тут по моему перемудрили в худшую сторону. Своего зрителя фильм должен найти, как и поклонников, но я им точно не стал.   3 из 10	Лондонский потрошитель	3
200	2019-03-21 15:41:00	Приключения Аладдина	0	3	Сиквел вышел примерно такой же, как и оригинал. Безбашенный и местами откровенно глупый. Да, просмотр также весьма легко прошёл, но это послевкусие, когда понимаешь как вшиво и неоригинально переделали сказку про любимого персонажа детства, остаётся горьким.   Та несуразица, творившаяся на экранах первой части, приняла более обширный оборот. Сэм вновь рассказывал сказку, но глупость и неимоверная тупость происходящего раздражала в разы больше, чем в оригинале. Хоть и не было скучно во время просмотра, но некоторые эпизоды в гоняли в тоску своим безразличием к зрителю. Некоторые сцены прерывались на полпути и начинались новые. Это связано с переменой рассказчика сказки, казалось бы причина имеется, но от этого не легче.  Французское кино нельзя не любить. В нём есть свой шарм, своё очарование, но тут нет ничего эдакого, просто глупый рассказ истории, переходящий на реальную жизнь. Такой ход выглядит мне довольно унылым и безобразным, ну нельзя было так опошлять наших любимых героев детства, нельзя! Очень также взбесила финальная песня, просто бредятина полная. К плюсу же могу отнести отсутствие Филиппа Киркорова, который в первой части озвучивал Алладина. Озвучка во второй части гораздо убедительнее.  Актёры откровенно валяли дурака, что неудивительно, ибо таков жанр. И без того слабый и местами просто обескураживающий своей тупостью сценарий накаляется кривляниями актёров, хотя состав актёрской группы довольно неплох. Эх, и согласились же все эти люди сняться в такой убогой ленте?  Итог  такая же лёгкая в плане просмотра картина как и оригинал, которая смешивается с чушью и прочей ерундой, творящейся на экране, из за чего мы вместо того, чтобы наслаждаться фильмом плюёмся каждые пять минут от глупости событий. Смотреть не советую, пошло и уныло!  3 из 10	Сказка упала на самое дно	2
201	2019-03-21 14:27:00	Мылодрама	19	4	Я не хотел смотреть «Полицейского с Рублевки». Никак не хотел. Я не очень люблю отечественные кинематограф и сериалостроение. Читал восторженные отзывы и не верил им. Не верил и решил проверить сам. Боже, как же мне понравилось. Удивительный сериал, где даже Москва выглядит красивой.   То, что Бурунов гений, я знал всегда. Его игра это 75% успеха сериала.   Поэтому я решил смотреть Мылодраму без тени сомнений. Мои ожидания были велики, думаю, если из роли второго плана Бурунов сделал шедевр, то что он сделает из главной роли!  Я посмотрел. До конца. До самой последней серии.   Полное недоразумение.   Сюжет  банальный. Переделанный из известного литературного из «Саги» Тонино Бенаквисты. Просто мало кто читал Сагу, поэтому автор сценария думал, что легко прокатит. Но это ошибка.   Ошибка номер два это думать, что наличие гениального актера Бурунова может спасти любую халтуру. Нет, не может. Особенного эту.   Ошибка номер три это думать, что чем больше пошлости, тем смешнее сериал. Ошибка. Пошлые шутки не кажутся смешными, они просто пошлые. Концентрация их запредельная.   Ошибка номер четыре  слабый актерский состав. Я вообще не уверен, что там все актеры с образованием. Создатели думали, что если в Полицейских прокатила Бортич (сестра главного героя), которая не является профессиональной актрисой, то и в Мылодраму можно набрать кого угодно. Но это не так. В Полицейских Бортич была одна такая, а здесь каждый второй.   Наверняка этот сериал многим понравился. Это нормально. Больше сериалов хороших и разных.   Очень желаю Бурунову только качественного материала. Такого как Полицейский или Домашний Арест.   4 из 10	Даже Бурунов не спасает	8
202	2019-03-21 13:40:00	Шифр	35	0	О чем этот сериал? Если кто-то думает, что это детектив, то он ошибается! Для начала стоит посмотреть британский оригинал и почувствовать «две большие разницы». Там  детектив, расследование умных, уверенных в себе женщин и следователей. Да, эта уверенность приходит не сразу, это послевоенное время со всеми особенностями того общества. Но обратите внимание как достойно в фильме разворачивается судьба этих женщин. А теперь Шифр. Мерзопакостная атмосфера, все вокруг пьют с утра до ночи, следователи кретины и мерзавцы-доносчики, дети и взрослые ненавидят друг друга, а некоторые еще и психопаты. Писатели и поэты только и думают как напиться и успешно это демонстрируют. Работники обкома, как принято, идиоты, тупые, невоспитанные чиновники, считающие своих жен, офицеров Генштаба, дурами, обязанными варить борщ и следить за детьми. Кстати, в британском варианте, муж героини говорит своим детям с придыханием и восторгом: наша мама  герой!   Так о чем этот фильм? Детектив? Две серии искать в подворотне труп, чтобы что? Смотрите, решайте!	Неловко смотреть	11
203	2019-03-21 13:07:00	Хеллбой: Герой из пекла	3	3	Если вы подумали, что разговор пойдет об одном из героев популярной рекламы M&M;’s, то спешу вас расстроить. Во главе стола у нас здесь красный демон из параллельного мира, ласково названный «Исчадием». Гильермо дель Торо постарался воссоздать на экране героя комиксов с брутальной внешностью и суровым характером. Бюджет на это дело был собран неплохой, но пустили его, к великому сожалению, на какую-то ерунду.  Сюжет. «Клюковкой» запахло уже издалека Начало фильма вызывает удивление и недоумение: Вторая Мировая Война, нацисты занимаются оккультными тайными экспериментами, Григорий Распутин пытается помочь фрицам и призвать на помощь монстров, чтобы переломить ход войны Погодите минутку Что?? Вы серьезно? Распутин? Ладно, едем дальше. Из-за непонятного бездействия отряда союзников портал все-таки удается открыть. Американцы просыпаются и идут в атаку на немцев. В результате из другого мира к нам все-таки попадает необычное существо, которое впоследствии и становится центральным героем-спасителем всей планеты. Несмотря на бредовость сюжетной линии и смесь сюрреализма с романтизмом, смотреть первую треть ленты довольно интересно. А вот дальше начинаются сплошные претензии и вопросы к авторам. Теперь сформирую некоторые из них. Почему правительство не поймало необычное существо и не начало его изучать и проводить над ним эксперименты? Почему кровь так быстро заполняет причудливую конструкцию? Каким образом действует сила Лиз Шерман и по какой причине она так избирательна к объектам поражения? Зачем собирать всех монстров в одной локации? Чтобы их проще было убить? Не проще ли было разбросать их по всему миру для создания всеобщего хаоса и осложнения жизни команде героев? Что за чудесное и необъяснимое воскрешение в концовке? А еще забавляет нездоровая любовь дель Торо к проявлению чувств между человеком и каким-либо мифологическим созданием. Кстати, я теперь понял, откуда появилась амфибия в другой гениальной ленте режиссера  «Форме воды».  Атмосфера. Чем же положительным может похвастаться кино? Пожалуй, хорошим образом главного героя (если бы не дурацкая перчатка, которая должна выглядеть рукой, было бы вообще замечательно), интригующим началом и все. Все остальные составляющие будут вызывать у вас тихий ужас. Агенты тут выполняют роль пушечного мяса (то затупят, то испугаются и убегут, то на пушку засмотрятся) и становятся легкой добычей страшных существ. Диалоги неинтересные до такой степени, что их хочется пропустить. Ну а про притянутую за уши любовную линию я вообще молчу. То героиня не любит, то не знает, то вдруг резко влюбляется. Чушь!  Спецэффекты. Графика очень слабая. В фильме «Чужой» 1979 года картинка выглядит в разы лучше при том, что бюджет у него меньше приблизительно в 5 раз. Спецэффекты тоже не впечатляют и не могут предложить зрителю ничего нового.  Музыка. Музыкальное сопровождение мне понравилось. Я бы выделил 3 композиции: трэк, игравший в начальной сцене, тревожную мелодию в лаборатории при осмотре удивительного «пациента» и финальную песню в титрах.  Итог. Красномордый демон со спиленными рогами против злобного Распутина и нацистов. Вы только вдумайтесь в то, как дико это звучит. И это подается зрителю с серьезным лицом. Я не увидел здесь намека на трэш, слишком уж старательно режиссер пытается преподнести нам историю и пафосно раскрыть героев. Но как бы он ни старался, получается скучная однообразная картина с огромными дырами в сюжете и банальной развязкой. К просмотру не рекомендую.  3 из 10  (32%), ну и напоследок хотелось бы прокомментировать заезженную фразу в стиле «Он родился таким, и этого не изменить. Важно помочь ему стать человеком». Жаль, что по этому примеру не получилось из плохой идеи вылепить хоть что-нибудь приличное. Да, господин Гильермо?	Эй, Красный!	2
204	2019-03-21 09:29:00	Балканский рубеж	497	2	Пусть видят, кто против них (с)  В конце 90-ых, во время очередного конфликта между сербами и албанцами, российская спецгруппа, находящаяся на территории Югославии, получает приказ захватить местный аэропорт и удержать его до прихода наших миротворцев.  Режиссер «Танцев насмерть» и «Спирали», посредственных, никому ненужных картин, Андрей Волгин на западе давно бы оказался у разбитого корыта и пошел бы на прорыв, получив последний шанс или вошел бы в какую-нибудь когорту создателей сериалов, где ты просто один из тех, кто визуализирует чужие идеи. У нас же все совершенно по-другому произошло Волгин получил большой бюджет, материал и не самых последних актеров, и что же он из этого смастерил? Все самое наипростейшее Мотивы героев, как и предсказуемость сюжетных ходов и выпрыгивания спецэффектов из-за ушла  все это уже миллион раз использованные другими ходы, причем и реализованные сверхстандартно и стерильно. Ведь если у тебя есть антагонист, то кроме как дать ему нож и возможность оправдать рейтинг 16+  единственный вариант продемонстрировать его характер и жестокость. Так же и с другими героями, один поет, другой постоянно про пенсию говорит, третий хочет денег, а узбечка заглянула на проект в поисках мужика, так и работают. А зрителям еще нужно разбираться причем тут НАТО, кто виноват и что делать, в общем не считая плохих дорог здесь есть все классические вопросы, волнующие русских на протяжении веков.  По какой-то совершенно непонятной причине главную роль в «Балканском рубеже» исполнил Антон Пампушный («Защитники»)  парень, конечно, колоритный, но с одной эмоцией на лице на любое происшествие и действие в его (их) сторону. Странно видеть таким потерянным Милоша Биковича («Лед»), у него здесь ключевая драматическая роль, но он так все это преподносит, что хочется снять ему скальп ничуть не меньше, чем террористам, которые гоняются за ним. Красивую Милену Радулович («Однажды летней ночью») при любой возможности раздевают, а героиня Равшаны Курковой («Без границ») получилась не только крутой, но еще и с юморком. Одного из самых запоминающихся бойцов с нашей стороны сыграл Сергей Марин («Анна-детективъ»), его неоднозначности и крутости, могли бы позавидовать и заграничные коллеги. Для увесистости в фильм влились: Гоша Куценко («Параграф 78»), которому очень нравится собирать себе отряды, любимейший югослав старшего поколения Гойко Митич («Апачи») и вечный Эмир Кустурица («Время цыган»).   Картина «Балканских рубеж» очевидно снята явно из хороших побуждений и желания сделать, что-то свое на уровне Бэя и его «13 часов». Главные герои  такие наши Джеймсы Бонды без фантастической составляющей. Но вот снят «Балканский рубеж» самым скучным и потребительским образом: с кучей слоу-мо, увидев его количество даже создатели «Т-34» тихо стоят и покуривать в сторонке, хотя попытку сыграть в масштаб и серьезность можно и зачесть. Правда дешевые спецэффекты и длиннющие диалоги с попыткой хоть как-то раскрыть героев портят этот и так слишком затянутый фильм с нелогичным кастингом и музыкой, которая убаюкивает зрителей постоянно повторяющимся мотивом.  2 из 10	Полный беспредел	192
205	2019-03-21 06:14:00	Время возмездия	0	4	Если бы дама-режиссёр Карина Кусама едва ли не с первых кадров не прояснила зрителю, кто является главным действующим лицом этой криминальной драмы по своему роду деятельности, можно было бы подумать о самом невероятном. Мы в бомжатнике. Нам живописуют один из этих «экспонатов». Вот сейчас эта мисс дойдёт до помойного бака, откроет крышку и станет шерудить шелуху пакетов, выбирая нужное ей одной. Бродяжка из ночлежки совершает утренний моцион. Разве не реалистично представление? Вполне. Десять-пятнадцать минут подобной неспешности, да ещё и при такой физиономии в гриме, могут запросто «заблудить» любого. Так кто же она? Николь Кидман, а это её мы наблюдаем в экранном отражении, ни много ни мало  офицер полиции. Офицер! Уж не знаю, детектив или инспектор. Не имеет значения. Но «рожа»  уж пусть простят меня поклонники таланта звезды, что у тех «джентльменов удачи», искавших шлем Александра Македонского. Небритая, немытая, нечёсаная! Согласны? Если на голове парик, то он лишь усугубляет удручающее впечатление! Так и хочется закричать  в баню эту грязнулю, в баню!  Перипетии сюжета растянуты на два долгих часа. Не слишком ли это монотонно и долго? Как Вам сказать? На любителя психологического исследования, наслаждающегося замедленным потоком мысли, зрелище покажется даже привлекательным. Была молода и красива, игралась в мужские игры, испытала шоковое состояние и вот итог. История полицейской дивы с узлом страдания в семнадцать лет. Последовательность с переносами прыжков во времени  сейчас и вчера. Памяти звон.  Да-да, всё это хорошо.   Но скажите мне пожалуйста, где в силовых структурах будут терпеть человека, «с катушек слетевшего». Это не сотрудник вовсе, а мешок с трухой. Что мы имеем здесь? Расфокусированность походки. Перед нами не здоровая человеческая особь, а доходяга. Старческая немощь доконала? Дряхлость зрителю из каждого кадра. Ладно, хорошо, мы это видим. А начальство её? Видит подобное поведение? Закрывает глаза? Давным давно пора сделать психолого психиатрическое освидетельствование. Экспертиза покажет, что и как. Дама ведь оружие носит. И не дай Бог сорвётся, вместе с ней постов лишатся верхние чины. Разве нет? Внешняя атрибутика дополнением общей характеристики. Кожаная куртка от долгой носки потом «провоняла» (извините, пропахла). Носит её наш офицер, не снимая. И спит в ней же. Что такое душ, дезодорант, расчёска неведомо ей. Макияж, маникюр  не смешите. Лицо  сплошная маска депрессии. Посттравматический синдром растянутый, как выясняется позже, на долгие годы. И никто не помогал реабилитацией? А такое понятие как аттестация в США существует? Списать её на пенсию тогда. Всего и дел-то.   Но тогда весь сюжет разрушится. Вся история обратится в прах. Значит нас убеждают в это верить, а мы смотрим, морщимся и терпим. Так, что ли?  Это тем более странно, что мужчины полиции здесь подтянуты и подвижны. Живость во взглядах и бойцовая хватка просматриваются. Но они фрагментарны, а у дамы первый план. И это огорчительно.  Интрига хороша. Ясности понимания, нет до окончания. Стало быть если опустить всю фантасмагорию в один час и сорок минут, то оставшиеся двадцать, вместе с титрами, как раз и есть изюминка фильма.   Пора Голливуду вводить строгую цензуру и более кропотливо проверять сценарии на профпригодность. Вы так не считаете? Ведь пичкают нас, зрителей, уже едва ли не откровенной чушью под приглаженный гламур кинодив и что есть правда, что вымысла полно, сами не разбирают. А актёры, как марионетки, за деньги отдаются «как хочешь» и «кому хочешь». Бесстыдство, право.  4 из 10	Поверить в это не могу. Отправьте её в баню	1
206	2019-03-20 21:02:00	Душа компании	1	3	Комедийная концепция погружения взрослого в аспекты американской студенческой жизни далеко не нова. Да, это делают многие комики в творческом кризисе: виды безобразных шуток, конечно, бьют тревогу. С «Душой компании» вышло всё куда более целомудреннее и дружественнее, что можно расценить как плюс. Однако, подумать только, отсутствие непристойного юмора даже стирает какую-то отличительную черту: «Душа компании» настолько же беззубый, насколько и скучный.  Итак, Диану бросает её муж, а эта женщина «бальзаковского возраста» решает вернуться в университет и закончить его. Дочка Дианы также учится в универе и отнюдь не в восторге от маман за студенческой скамьёй. Парочка попадает то и дело в приключения, особенно Диана, которая пытается вкусить молодёжного драйва.  «Душе компании» отчаянно не хватает сюжета  за 105 минут нет ничего взаимосвязанного. По большому счету после завязки наступает время скетчей, демонстрирующих попытки героини Маккарти адаптироваться в мире высшего образования. Сценарно этот фильм протух, поскольку даже не претендует на оригинальность. Драма включает в себя несколько эмоциональных ударов, но ни один из не выглядит правдоподобным и, по-видимому, осознавая этот факт, создатели даже не развивали душевную часть их проекта. Настоящее же разочарование кроется в отсутствии юмора и энергии.  Банальный режиссерский стиль, увы, гробит «Душу кампании»  низкосортная комедия отмечена отсутствием энергетики. Кажется, что этот фильм является прямым доказательством  даже талантливым актерам нужен хороший материал, чтобы казаться смешными. Вдвойне разочаровывает, что Маккарти написала сценарий к «Душе» вместе с Беном Фэлкоуном, который также является её мужем.   3 из 10		0
207	2019-03-20 20:12:00	Талли	0	0	Фильм Талли с первого взгляда кажется волшебной сказкой с чудесным преображением замученной мамаши в менее замученную мать семейства посредством пережитого инсайта. Присмотритесь по-внимательнее и вы заметите, что возвращение замухрышки не заставит себя долго ждать. И хэппи-энд не покажется вам столь радужным в перспективе. В главной героине буквально всё вопит о необходимой помощи и длительной психотерапии. Однако, вместо того чтобы принять щедрое и искреннее предложение реальной помощи от родни и дельный совет от чужого человека, Марла отказывается, приводя нелепый аргумент одному и устраивает отвратительный скандал другому. Вся её текущая жизнь представляет собой вялое плескание в болотце отчаяния.   Она не любит свою работу, не любит свою семью, не любит себя, и незапланированный ребёнок дополняет всю эту тоскливую до чертиков картину.   Когда она окончательно сходит с ума, её инфантильное подобие мужа наконец отрывается от игр и несётся убеждать её в том, что все обязательно наладится. Давайте мыслить здраво, человек, который считал, что женщина оставила детей с мужем «без присмотра» вряд ли когда-нибудь изменится. Её отвращение к своей жизни вряд ли когда-нибудь станет хоть на грамм меньше, если она не поменяет своё мировоззрение. А она не поменяет, судя по её последней фразе.   Да, действительно, есть ситуации, похожие на описанную, но этот фильм очень плохой образец для подражания.  Мораль этого фильма представляет собой заезженные штампы о несбывшихся мечтах, принятии ситуации и любви к себе. Без какого-либо намёка на способ решения этих проблем.	жили долго и счастливо или нет?	3
208	2019-03-20 16:39:00	Остров Харпера	1	0	Как часто бывает, что при поиске очередного фильма ты заходишь на кинопоиск и начинаешь искать хороший постер и интересное название? Открываешь с десяток вкладок и далее начинается сортировка: читаешь описание, сморишь на рейтинг и количество положительных рецензий и в итоге останавливаешься на одном и надеешься что оно тебя не разочарует. Не плохой алгоритм, вот только работает не всегда.  Сюжет схож с десятью негритятами: остров, ловушки, убийства. Но так как собрались они на свадьбу  все всех знают. Покажут и флешбэки, и старые конфликты, и все что можно для растяжение хронометража.  Из плюсов сериала операторская работа и монтаж, но это особенность всего западного кинематографа. А в остальном это смесь ужасного детектива и состоящего целиком из штампов слэшера. Было бы можно потерпеть полтора часа такого фильм и не придать внимания глупости происходящего (ведь это жанр, кинематографическая условность), но за 9 часов 19 минут просмотра трудно не разглядеть всех огрехов данного сериала.	Не посмотришь не узнаешь	1
209	2019-03-20 16:27:00	Счастливый Лазарь	10	0	Что мы здесь имеем?  Людей обманывали всю жизнь, но по какой причине они даже будучи в городе не набрались ума, чтобы не отдавать конфеты, купленные на последние деньги, будто они те же самые рабы? Они же читали статью! Почему бы не научить младших (хотя бы их!) тому, что можно освоить какую-нибудь профессию и зарабатывать? Неужели им не дали жильё, это же всё таки не Россия?   В любом случае, в отстранённом глупце, которым все вокруг пользуются, а он смиренно и без лишних вопросов эти просьбы исполняет,  нет ничего святого и светлого. Что если бы ему приказали убить кого-нибудь? Или сделать что-то плохое под видом добра? Он бы сделал даже не задумываясь, так же, как проколол себе руку, и, скорее всего, даже и не понял бы, что творит зло. Добродетель  это помощь, это чудеса, которые творит сам человек, кардинально меняя реальность вокруг себя. Добрый человек должен быть разумным как минимум, иначе этой добротой запросто можно будет манипулировать. Доброта и добродетель  это не «забрать музыку» и «прийти в злой банк и нести чушь», а помочь своим собратьям найти свой путь, своё дело и своё место, а, насколько мы видим, он с этой задачей не справился. Это ли достойно уважения, обдумывания и экранизации? Не думаю.  Его смерть ничего не принесла и не изменила ни в этих людях, ни в мире. Он мог бы, по сути, и не возвращаться оттуда. На спасении людей из рабства можно быть и закончить данный фильм. Хотя, было бы интересно посмотреть на то, как они свыкаются с городским ритмом и порядками впервые  Момент, когда детям промывают мозги религией, чтобы сделать их тупыми, уж очень показательный и правдивый. Точно так же все эти истории про мучеников вбиваются в головы по сей день, как вершины благородности и добра, но добро должно идти вровень со справедливостью, а не с неспособностью обернуть ситуацию в свою пользу и ведомостью!	Быть глупым и умереть, просив денег для своих обидчиков, это ли святость?	1
210	2019-03-20 12:22:00	Тройная граница	14	5	Солдат всегда здоров, Солдат на всё готов,  И пыль, как из ковров, Мы выбиваем из дорог - И не остановиться, И не сменить ноги,  Сияют наши лица, Сверкают сапоги!  Чистая, без замутнения мысль. Вот оптимальная трактовка этого фильма. Простота сюжета. Простота художественного посыла автора. Без углубления в дебри психологизма. Приключенческий боевик со стандартным набором. Хороший парень  плохой парень. Наказание. Хеппи энд. Всё просто. Твори под эти лекала что угодно. Не ошибёшься. Плюс несколько знаковых лиц для узнавания в качестве страховки. Готово.  Солдаты вышедшие в тираж. Кто они есть? Профессионалы, каких ещё поискать. Но это вчера. Это раньше. А сегодня? Горемыки у разбитого корыта. Едва-едва сводящие концы с концами. Ни денег, ни накоплений. Ничего. Только память о прошлом, да ещё шрамы от дыр в теле. Боевые заслуги. Но Дяде Сэму на это глубоко плевать. И на них. Плевать. А не тряхнуть ли стариной? Не вспомнить ли былое? Но теперь игра без дураков. То есть сам себе хозяин. Не на побегушках у кого то во исполнение приказов.  А перед нами всё цветёт - За нами всё горит. Не надо думать!  с нами тот, Кто всё за нас решит. Весёлые  не хмурые - Вернёмся по домам,  Невесты белокурые Наградой будут нам!  Южная Америка. Джунгли. Наркобарон. Денег столько, что не всякий банк имеет. А не тряхнуть ли его? Жаловаться к властям не побежит. Страховка что надо. И вот пятёрка сорвиголов решается немного поиграть в Робин Гуда. Правда отдавать деньги бедным, как это делал парень из Локсли, намерений нет. Себе. На безбедную старость. На то-сё.  Так что же здесь такое предлагается зрителю? Бандиты против других бандитов. А вот кто именно здесь плохой, а кто хороший пусть каждый решает сам.   Довольно пресное зрелище на поверку. Психологизм на нуле и «фильма» абсолютно пустая. Ни переживаний, ни чувств души не пробуждает. Может быть автору следовало какой-нибудь чушью, как это обычно бывает в таком «формате», разбавить это месиво? Спасают ребёнка сотрудницы американского посольства, например. Который был выкраден и удерживается. Или американцы намереваются запустить очередной Шаттл в небо, а кокаиновый картель манометр от ступени ракеты, перевозимый из России, перехватил. Вообщем самой малой толики глупости не хватает картине, чтобы можно было начать вздыхать и охать, рукоплескать и восторженно кричать  ну, вот же, Оскара сюда подайте. Заслужил.  Единственный плюс  зелень обрамления, гористых склонов  снега. Но этого мало для пятерых солдатиков вставших на путь бандитства.  5 из 10 для думающей аудитории  10 из 10 для аудитории от 12 до 21 года	Робин Гуды? Бандиты против бандитов	11
211	2019-03-20 05:40:00	Ральф против интернета	1	4	Дисней все дальше и дальше заталкивает себя в те дебри, куда бы им не стоило лезть. Ведь, однажды проснувшись как-то утром, люди, ответственные за все эти бездарные отрыжки анимации (и не только), что выходят от этой компании в свет в последнее время, осознают, что уже поздно что-либо исправлять, а статус компании упал на дно. Репутацию куда проще заработать с нуля, чем исправлять грехи прошлого.  Ральф 2018-го года даже не остался на уровне (не таком уж и высоком) прошлой части и сильно деградировал. Основной посыл и идея (если таковая вообще во второй части имеется) сильно изменились, я бы даже сказал, растворились на фоне безграничных возможностей, которые предоставлялись авторам сиквела и которые их успешно упустили. Если в прошлом мультфильме им кое-как удалось сыграть на чувствах детей из 80-х и 90-х, которые смогли отчасти насладиться демонстрацией видеоигр тех времен, то на этот раз сценаристы выбрали для себя слишком высокую планку, до которой не смогли дотянуться даже и близко. Планка эта называется «Интернет».  Одно лишь слово «Интернет» дает безграничные возможности для простора идей и задумок. Ведь Интернет связан почти с каждым человеком на Земле и точно с каждым, кто ходит в кинотеатр. Любой зритель мог бы во время просмотра увидеть себя в мультфильме и испытать теплые чувства, но нет, такого не будет, потому что авторы, скорее всего, понятия не имеют, что такое эта ваша Всемирная паутина.  Диснеевцы не показали душу Интернета и современных видеоигр, а лишь бездарно описали оболочку. Просто скомканный набор штампов и клише относительно Сети. Не менее убого в мультфильме представлены и люди, пользующиеся Интернетом, начиная от демонстрации покупок в виртуальном магазине колготок и заканчивая демонстрацией тупых, тормознутых онлайн-геймеров. Видимо, так авторы и видят нас Даже видеоигры, которые якобы популярны в Сети, представлены максимально тупо и непродуманно. Какие, к черту, акулы, вылезающие из люков во время гонки!? Я, конечно, понимаю, что можно и такой треш найти в отдаленных уголках паутины, но зачем же делать упор на такую дичь, выставляя онлайн-гейминг ну совсем за игры для аутистов.  Создалось впечатление, что создатели данного мультфильма вообще не знакомы с базовыми принципами работы Интернета, будто бы кучка отсталых от жизни стариков решила снять что-то такое, в чем абсолютно не разбирается. Скорее всего, так и есть, потому что я уверен, дай даже любому хоть немного умному современному школьнику написать сценарий об Интернете, он сделал бы это намного правдивее, адекватнее и качественнее, чем Диснеевские старики.  В персонажах данного мультфильма также нет души. Главные герои, конечно, более продуманны, ибо зачерпнули многое из прошлой части, да и на то они и главные, чтобы быть выразительнее других. А вот с второстепенными персонажами  беда. Они просто все мертвые (духовно). Почему старики не изобразили таковыми, скажем, NPC (неигровых персонажей) в онлайн-играх, ведь это было бы на все 100% логично, даже и придумывать для них ничего не пришлось бы. Но нет, лучше мы не будем вообще ничего придумывать ни для тех, ни для тех. Какой тогда от них смысл? Чтобы просто сказануть какую-то тупую, бессмысленную фразу и исчезнуть до конца сеанса? Таковыми персонажами являются, к примеру, Соник и Диснеевские принцессы (насчет них чуть позже еще поговорим), да и еще много других.  Что насчет главных героев, то в принципе с первой части они не сильно изменились (если мне не изменяет память, конечно, ибо ту часть я смотрел еще в далеком 2012-м году). Ральф  все такой же тупой громила, а Ванилопа  все такая же бойкая девчонка. Однако со второй не все так просто В сиквеле авторы показали её отвратительные стороны характера, а именно наглость и эгоистичность (быть может, и в первой части было подобное, однако, к сожалению, я не помню). Проявляются же подобные черты, например, в следующих сценах: Ральф ради нее весь чертов мультфильм делает все возможное, чтобы исправить положение дел, старается всеми силами помочь своей подруге и в итоге жертвует многим. Она же вместо благодарности в итоге делает его виноватым во всем и бросает. Кроме того, высшее проявление ее наглости было замечено, когда Ральф, собрав огромную сумму денег на руль, который так хотела себе главная героиня, слышит в ответ, что этот руль ее больше не интересует, так как прошлая жизнь для нее стала скучна. Хотя в первом мультфильме, насколько я помню, она именно о такой жизни и мечтала.  Ральф намного лучше своей соратницы, как минимум, тем, что не наглый эгоист и коварный предатель. Да, он тупой, но зато искреннего зла от него будет куда меньше, чем от хитрой девчонки. Он совершил несколько серьезных ошибок во время приключений, но, осознав свою вину, всеми силами пытался исправить содеянное. А, как я считаю, попытка исправиться  гораздо ценнее, чем быть хорошим с самого начала. Жаль, но подобного героиня не заметила, и лишь при виде большой и общей угрозы они помирились (весьма банальный ход со стороны сценаристов).  Серьезным минусом картины я также считаю коммерциализацию своих брендов Диснеем и немного чужих (только тех, кто хорошо проплатил). Так, врезаются в глаза все Диснеевские принцессы, которых зачем-то сюда засунули, Клоны из Star Wars и некоторые другие. Неужели продюсеры настолько жадные сволочи Что им стоило показать в Интернете абсолютно всех (и всевозможные бренды, и персонажей различных фильмов, сериалов, игр, и многие сайты, и многое другое), а не только то, что им выгодно! Даже провальный фильм «Пиксели» в этом плане выглядит намного лучше. Расширь они вселенную Интернета, мультфильм стал бы намного более живым и правдивым.  Последнее и очень важное, на что я хочу обратить свое внимание,  это пропаганда феминизма. Дисней давно преследует эти традиции, делая из женских персонажей великих героинь, а из мужчин  тупых слабаков. Не обошли стороной они и этот мультфильм. Почти все мужские персонажи здесь  полудурки, а все женские  ответственные, сильные и независимые особи. Вот и ответ, зачем же здесь нужны все Диснеевские принцессы! При встрече с главной героиней они почти прямым текстом говорят, что с приходом в их жизни мужчин, жить им стало не лучше.   В заключение скажу только то, что мультфильм в целом очень скучный, идея  банальна (какая-то псевдофилософская недоистория про дружбу). Смотреть не рекомендую.  4 из 10	Дисней против интернета.	3
212	2019-03-20 00:00:00	В объятиях лжи	33	5	Есть часть фильмов, которые раздражают меня не просто по факту их качества, а на каком-то молекулярном, необъяснимом и даже слегка сверхъестественном уровне. И при этом неважно, хороший на самом деле фильм или плохой, думаю такое бывает почти у каждого. И в число таких видов входят фильмы о женской одержимости и чрезмерной опеке. Вот что-то наподобие «Острых предметов» и, конечно же «В объятиях лжи». Ну не могу я смотреть, как шизанутая мамочка поит какую-нибудь девочку всякой дрянью, говоря «Не волнуйся, малышка, мама не даст тебя в обиду», а потом утверждать, что посмотрел отличный напряжённый фильм/сериал. Это же так тупо. Гм, в любом случае, несмотря на то, что кино мне совершенно не понравилось, я постараюсь максимально красноречиво и объективно описать, почему.  Но сперва  любой валенок понимает, что Изабель Юппер  первоклассная актриса, одна из лучших в своей возрастной категории, обладающая уникальным стилем и редкой женской харизмой. Здесь воплотила просто одиозный образ и, естественно, всех переиграла. Хлоя Морец тоже выглядела хорошо. Пусть дуэт их в историю не войдёт, но на контрасте поиграли довольно интересно. А также отдельно хочу отметить Майку Монро, вот как увидел её в фильме «Жаркие летние ночи», так сразу понял, что она крутая и с огромным потенциалом. Лично я вообще хотел бы, чтобы она нашла сумочку, и история оттого была совсем иной (куда более весёлой и захватывающей). Неплохой ещё выглядела операторская работа, весьма плавная, хоть и очень стерильная. Ну и напоследок скажу, что необычной выглядит цветовая гамма, придающая картине лёгкий оттенок сказочности. И да, на отсылки к Хичкоку и заигрывание с наследием прочих корифеев кинематографа мне как-то наплевать. Всё, теперь можно говорить о фильме.  Во всём же остальном, как мне кажется, он очень слаб. Если отойти от формы, и обратить свой взор прямиком на содержание, то оказывается, всё, что может предложить престарелый Нил Джордан  это очень неравномерно рассказанная недотриллерная история, с одной стороны основанная на провонявших консервами штампах, с другой  на тупости и спорных авторских решениях. Если вы хоть чуть-чуть насмотрены и знакомы с жанром триллера, то сама фабула вас вряд ли вас чем-то удивит  всего лишь история об одержимости и преследовании в большом городе со всеми прилагающимися условностями. Плюс, как становится понятно, под вопрос тут можно ставить практически всё, начиная крайне сомнительно показанной дружбой этих двух дамочек, заканчивая например смешным моментом с пересыланием фоточек на ходу во время преследования в центре города (просто представьте, как это должно было выглядеть в деталях). Потом, кто бы сомневался, главная героиня часто ведёт себя как идиотка, то невротично истерит, то удивительно спокойна, старая ведьма-маньячка, непонятно откуда обладающая изощрёнными навыками разведки, выслеживания и захвата цели, казалось бы, проворачивая у всех под носом подобные дела, совсем не заботится о своей защите и сокрытии преступлений. Также присутствует частный сыщик-дурачок (куда ж без него), полиция как всегда не может ничего сделать, а отец героини остаётся поразительно безучастным даже в такой, хм, тяжёлый момент.  Помню, меня в первую очередь заинтересовало то, что фильм подавался именно как неординарный и интригующий триллер. Всё-таки подобных фильмов высокого качества сейчас довольно мало. Но, как оказалось, в плане триллера «Грета»  очень примитивное кино. Саспенс создаётся по большей части за счёт изредка взрывающейся классической музыки в определённый момент, не предугадать который достаточно сложно, либо при помощи искусственно созданной и навязчиво поданной видимости того, что главной героине угрожает ощутимая опасность, ну или, в конце концов, с помощью традиционных триллерных штучек, вроде подкрадывания к кому-то со спины. Вот и всё, никаких пронзительных и неожиданных сюжетных ходов, никаких профессионально выстроенных долгих тревожных моментов, ни гнетущего саундтрека идущего через весь фильм, ни завораживающей атмосферы Нью-Йорка (привет Скорсезе), ни даже банального опасения за кого-либо из героев.  А знаете, что самое нелепое? А слышал, что некоторые критики на полном серьёзе считают этот фильм отчасти стёбным и высмеивающим различные жанровые клише. Ок, может я слеп и глуп, но никакого нарочитого стёба мною замечено не было, разве что он был настолько призрачным и не в кассу, что его легко можно было спутать с глупостью или нерешительностью режиссёра, который не может определиться, в каком месте он шутит, а в каком пытается напугать. Лично для меня подобная опора на несуществующий или просто очень несмешной и лишний стёб выглядит как оправдание художественной несостоятельности всей картины. Кстати, забавно, что Джордан даже с концовкой не смог определиться и дать в ней окончательный ответ, намеревался ли он подвести солидный и мощный итог своей истории в лучших традициях жанра, или же захотел показать мнимую интригу и добавить иносказательности, окончательно угробив престиж своей работы.  Под конец хочу ещё сказать, что мне не вполне понятна предполагаемая аудитория этой ленты. Для какого-нибудь глубокого фестивального кино фильмец слишком прост и незамысловат, а для охвата более широкой массы он обладает весьма скупой рекламой и, что важнее, не особо привлекательной обложкой, да и едва ли многим понравится его содержимое, ну а какого-то фирменного и запоминающегося подчерка режиссёра тут нет и в помине. Так что, надо полагать, что основной пласт аудитории должен включать в себя всяких извращенцев, совсем нетребовательных зрителей, и критиков, которые любят искать подтексты там, где их нет. Печально, я хоть и не возлагал на проект больших надежд, но всё же хотел увидеть что-то более интересное и привлекательное.   5 из 10		12
213	2019-03-19 20:44:00	Тройная граница	22	6	Голливуд настолько профессионально научился отрабатывать картинку и игру актера, что даже дико пропагандистские картины, в которых нет ничего путного, смотрятся отлично. В отступлении скажу, что американский кинематограф для меня это паровоз для всего мира. Но очень часто у них проскакивают фильмы, типа «Тройная граница». Драйв, экшн, красивые пейзажи и прочее, все на месте. Но остальное  глупая американская пропаганда с тупыми служаками янки, которым можно все, потому что они крутые ребята. И ничего им нипочем!   Итак, пять бездарных бывших военных, не способных заработать себе и своим детишкам на хлебушек ничем другим кроме стрельбы из всех видов орудия, здесь они даже из АКМ палили не хуже, чем из снайперской винтовки, отправляются замочить бедолагу наркобарона с миллиардом налички. От этого у них напрочь сносит башку и, тут следовало бы сценаристу разыграть комедию, фарс, пародию, но только не кровожадный триллер, в котором эти пять «героев» так и остаются уважаемыми американскими вояками. Фильм в лучших традициях советской пропаганды, типа «Пираты 20 века». Нашим ребятам можно все, хоть у них нет ни капли мозгов, как обеспечить себя ни в мирной жизни, ни на войне.  Да, я понимаю, что показывают героев, которым не нужны деньги, главное самопожертвование, боевое единство и честь, а если при этом замочили несколько десятков людей по дороге, то так им и нужно, сами не там жили и встали на пути у бравых американцев. Ну и убогий, одутловатый Бен Аффлек, играющий такого же убогого героя. Была наметка подвести идеологию и оправдать вояк, но потом все забросили, оставив решать зрителям.  В общем, картинка очень смотрибельная, но фильм оставляет грустное впечатление бездуховной Америки и ее людей. Да и наш Ми-8 как то три тонны американских денег с трудом поднимает, а ведь должен двадцатку брать на внешней подвеске. Но это не столь важно, поскольку правды в сюжете не так много, да и как еще крутые боевики делаются.  6 из 10. но отзыв негативный	Нельзя такие фильмы экспортировать	9
214	2019-03-19 20:31:00	На районе	5	2	Томми Вайсо открыл режиссёрские курсы? Нет. Я серьёзно. По другому объяснить вот это я не могу.   Я последние несколько лет не особо слежу за новинками проката. Да и про этот фильм узнал случайно (увидев в рекомендациях ютуба рецензию на него от Евгена BadComedian). И что-то в моей голове стрельнуло. Я решил посмотреть.   Начну с плюсов: оператор молодец. выложился на все сто. Больше я как-то плюсов не заметил.   А в остальном В остальном «Мрак, грязь, страх и ничего человеческого», как говорил персонаж Евгения Леонова в «Джентельменах удачи». И вроде бы основной посыл картины кажется понятным: быть гопником с района  не лучшая перспектива. меняйся. Но вот как это всё подаётся.   Весь фильм перед нами мельтешат персонажи. Преимущественно в лице Данилы Козловского и Ильи Маланина, но есть и масса второстепенных персонажей. И им не веришь. Вот ни как. Речь, поведение, внешний вид Они не вяжутся между собой. Люди так не общаются. Не ведут себя таким образом. Для примера, сцена из начала фильма: главные герои прибывают на.. . рэп-батл (хотя назвать это так сложно) герой Козловского хвастается окружающим «отжатой» за долги курткой, затем зачитывает текст (судя по постановке кадра  своему другу и ГГ по совместительству)и они вдвоём уезжают. А теперь представьте. что вы приезжаете к своим друзьям в кафе/ на пляж/ домой, хвастаетесь новой курткой/рюкзаком/ботинками, зачитываете стихотворение и уезжаете . Вам не кажется, что это как-то по идиотски?   И так идёт практически весь фильм. Единственная сцена, которая как-то выбивается и похожа на правду  сцена прогулки ГГ с девушкой, в которую он влюблён. Да и то, мне кажется, что из-за того, что там буквально пара строк диалога между героями. Сцены сменяют одна другую с очень слабой (да её нет почти, о чем речь то) связью между собой.   Актёры в фильме корчат из себя те образы, которые должны играть. Им не хочется ни верить, ни сопереживать. Я не верю в Козловского как в гопника, не верю, что это человек, который «шестёрка» местного бандюгана, который в свои 29 лет (по сюжету) избивает людей за долги, «отжимает» личные вещи (вплоть до автомобилей) в счёт долгов, но после избиения одной единственной девушки, неверной подруги его «начальника», осознаёт какой он негодяй и хочет измениться. Не верю, что ГГ, сын интеллигентной женщины и, как нам говорят, хороший пианист, по совместительству гопник, занимающийся выбиванием долгов. Не верю людям, изображающим из себя полицейских. Потому что это не полиция. Дети так в полицию играют во дворе в песочнице. И всем остальным я тоже не верю.   И в свете сказанного обидно за Козловского: ведь были «Духless» и «Пятница», было ж нормально. А тут.. . «На районе». Нет, Данила, на районе тебя не примут. Это даже не уровень скетчей из «Даёшь молодёжь». Это какой-то свой вымышленный, стерильный мирок. И пусть Ольга Зуева позиционирует свой фильм, как изображение жизни без прикрас, но на выходе мы имеем тот же «оштукатуренный» стилистами фильм.   Спасибо оператору за красивую картинку -   2 из 10  P.S. Переосмысливая написанное и увиденное, прихожу к выводу, что Зуева, режиссёр, свой родной Владивосток видит как «место красивое, но жить тут  не аллё». Отсюда и бегство ГГ в Москву за лучшей жизнью.  P.P.S. Хотел сначала сделать рецензию нейтральной, но передумал.	Anyway: how is your sex live?	63
215	2019-03-19 20:12:00	Монах	0	0	Если бы я посмотрела этот фильм перед тем, как прочесть оригинальный роман, то поверьте, я бы никогда не стала читать абсолютно уникальную книгу по мотивам которой он создан! Да что там, я бы ни за что не досмотрела до конца этот фильм! Дотерпела я до конца, только потому, что все же надеялась на какое-то маломальское сходство с книгой, но нет, все мои надежды оказались тщетны.  Этот фильм оправдал все мои самые худшие ожидания, которые я испытывала когда взялась за чтение книги Мэтью Г. Льюиса «Монах». Я подошла очень скептически к чтению, так как думала, что язык повествования будет слишком сложным и скучным, но нет! Книга оказалась просто потрясающей! С самой первой страницы ты буквально не можешь от нее оторваться, проглатываешь слово за словом на одном дыхании, а твое воображение рисует тебе такие картинки, что никакой самый дорогой сериал от самого крутого канала не сравнится с этим! Но что мы видим в этой экранизации?  1. Подбор акторов. Господи! Кто этим занимался вообще? Этому человеку надо отдать все золотые малины мира! Абсолютно все персонажи фильма противоречат оригинальным из книги. Если на страницах ты читаешь об обворожительной скромной белокурой красавице, то в фильме ты видишь на этой роли какую-то, ничем не примечательную серую мышь. Ну или главный герой? Автор книги нам описывал его как красавца 30 лет в самом расцвете сил, буквально кумира всех женщин Мадрида, а что мы видим здесь? Престарелого Венсана Касселя, который даже на звание симпатяги претендовать не может.  2. Сюжет. Сюжет измят и сокращен настолько, что честно говоря, я не знаю как смотрят этот фильм люди которые не читали книгу. Абсолютно ничего не понятно. Но при этом, тягомотина эта, растянута аж на полтора часа.  3. Смысл. Весь смысл перевернули с ног на голову. В книге нам показывали, что человек, который выдает себя за святого сам прячет дьявола в душе. А тут? Тут как будто бы он сам всего лишь несчастная жертва случая.  4. Мистика. Простите, но куда она делась? Ведь если бы она присутствовала в фильме хотя бы в пол силы, как она есть в книге, то экранизация бы удалась куда лучше!  Резюмируя, хочу сказать, что поставила этому фильму 1 звезду. А хотелось бы -1. Фильм смотреть настоятельно не рекомендую, а вот книгу читать непременно стоит!	Я просто в бешенстве!	0
216	2019-03-19 19:32:00	Робин Гуд: Начало	2	3	Робин Гуд Славная тема для экранизации. Однако среди многочисленных попыток перенести на экран средневековую легенду о знаменитом разбойнике, лишь считанные единицы могут считаться успешно реализованными проектами. Олдфаги прежде всего вспомнят советскую экранизацию с Борисом Хмельницким в главной роли, а у зрителей помладше наверняка еще остались ламповые воспоминания о сериале 90-х, где роль Робина исполнил Мэтью Поретта. Во второй половине нулевых успешной экранизацией отметились и сами британцы  детище телеканала BBC подарило нам весьма смелую осовремененную версию Робин Гуда. Лицом же проекта стал никому на тот момент неизвестный Джонас Армстронг. К слову, именно британская версия с точки зрения построения сюжета, кастинга и общего восприятия оказалась наиболее удачной.  «Робин Гуд: Начало»  это еще одна попытка, на сей раз американская, осовременить Робин Гуда. Однако в отличие от британских коллег, сделавших упор на героический пафос с присущим ему экшеном, романтику и развитие персонажей, наблюдать за которыми было действительно интересно, американцы усадили в кресло режиссера-дебютанта, который выдал такое видение истории, что фильмы Ридли Скотта и Кевина Рейнольдса на этом фоне кажутся чуть ли не шедеврами постановки. Казалось бы, трудно испортить легенду о том, как отважный герой совершал разбойничьи подвиги, грабя богатых и отдавая награбленное бедным. Но в итоге на скелет потенциально интересной истории накрутили отвратительное трясущееся месиво из кадров, от которых даже отдаленно не веет эпохой где происходит действие фильма. Здесь вам и средневековые лорды, расхаживающие в шелковых рубашках и приталенных пиджачках; крестьяне, не стесняющиеся напяливать на себя толстовки с отчетливо видными фабричными швами, а также не отстающий от «средневековой моды» шериф, щеголяющий в блестящем кожаном плаще. Военная атрибутика также не вызывает ничего кроме недоумения. Английские воины вместо лат и кольчуг предпочитают облачаться в какое-то нелепое тряпье, и лишь изредка на ком-то можно заметить бутафорские доспехи. А сарацины так и вовсе используют в бою арбалетные пулеметы, грохочущие как современное крупнокалиберное оружие. Происходит же сие действо на фоне нелепой архитектуры, такой же бездарной, как и внутреннее убранство домов.  Примитивность и абсурдность сюжета просто зашкаливает. Указывать на исторические ляпы нет никакого смысла  их тут вагон и маленькая тележка. Но, даже отстраняясь от этого, наблюдать за происходящим действием без улыбки попросту нельзя. Грязные крестьяне выходят на местный майдан и оглашают список требований шерифу и знати, которые ведут с ними продолжительные политические дискуссии, а в перерыве закатывают пирушки, где главными развлечениями становятся рулетка и танцы под качовые биты. А когда же дело доходит до вооруженного столкновения, то оппозиция забрасывает местный «омон» коктейлями Молотова, наспех сделанными из пивных бутылок. Здравомыслие сценаристов поистине вызывает большие вопросы.  Подстать творящемуся безобразию и сами персонажи. Авторы даже не попытались внести какую-то изюминку в их образы. Перед нами просто ходячие наборы штампов: один плохой, второй хороший, третий вероломный, четвертый благородный. Деревянность образов усугубляют и сами актеры. Так Бен Мендельсон и Мюррэй Абрахам орут с выпученными глазами, старательно изображая злодеев, а Тэрон Эджертон толкает пафосные речи, стараясь при этом держаться по взрослому уверенно. Невозможно отделаться от ощущения, что здешний Робин  это персонаж, сбежавший из «Дивергента» или «Голодных игр». Типичный паренек, модельной внешности с пижонскими замашками и подросткой наивностью  мальчик мечты для тринадцатилетних девочек. Мендельсон же находится ровно в том же образе, в котором он находился в «Изгой-один», а сюда забежал в перерыве съемок на подработку, попутно прихватив с собой Джейми Дорнана. Последнему, видимо, не хватило остроты ощущений в своих «Оттенках серого» из-за чего он и согласился сыграть изуродованную до неузнаваемости роль Уилла Скарлетта.  Имея в своем распоряжении стомиллионный бюджет и довольно-таки приличный подбор актеров, авторы вполне могли сотворить легкий боевичок с налетом романтики и героизма, однако вместо этого усложнили сюжет кучей ненужных политических тем и продемонстрировали полное отсутствие знаний об эпохе, в которой происходит действие фильма. Никто совершенно не парился над антуражем и погружением атмосферу. Даже техническая сторона сделана отвратительно  все трясётся, мерцает и представляет собой настоящую каторгу для глаз. Как результат  полный провал в прокате и титул одной из худших экранизаций Робин Гуда, болтающейся где-то на уровне «Призраков Шервуда».  3 из 10	Мимо цели	4
217	2019-03-19 18:22:00	Зловещие мертвецы 2	6	2	Из ранних фильмов ужасов, увиденных мной в 90-х гг., наверное самый известный был «Зловещие мертвецы 2»  тогда фильм был очень популярен, мне тогда он казался настолько страшным и оригинальным. Потом вышла третья часть «Армия тьмы». Спустя десятилетия недавно опять пересмотрел фильм и решил написать рецензию.   Сюжет конечно слабый и нелепый.   Создается впечатление, что Сэм Рэйми стебался, когда снимал фильм, уж больно смахивает на комедию. Много глупых моментов, откровенного бреда и абсурда. Не пояснили, что за злая сила как ветер носится по лесу. Сцены с рукой полнейший бред. Почему рука должна издавать какие-то звуки. Когда Эш отпиливает себе руку с каким-то нездоровым садизмом и радостью мне показалось верхом безумия.  Костюмеры и гримеры создали кошмарные образы, не в том смысле, что жутко страшные, а в том смысле, что неудачные. Думаю для 1987 г. можно было и получше создать мертвецов. Не понятно, если темная сила овладела Эшем, как он вернулся в нормальное состояние? Как можно было бензопилой одной рукой без усилий спилить ствол двуствольного ружья мне не понятно? Даже приложив усилие наверно это не возможно.   Много всякой расчленений, потоки крови, кишки и т. д. Только слишком все гиперболизировано. Некоторые моменты мне напомнили старый советский фильм «Вий».   Саундтрек вообще никакой, ничем не запомнился, его как будто вообще нет.   Актеры своей игрой особо не впечатлили, диалоги примитивны. Даже главный герой не порадовал.   Итог, если Вы хотите просто посмотреть дешевый фильм ужасов, просто для времяпровождения, либо хохмы, то посмотрите, а если ищете нормальный фильм хоррор, то проходите мимо.  2 из 10	Мясо, мясо и человек должен быть съеден!	0
218	2019-03-19 17:58:00	Лови момент	3	5	Фильм очень амбициозный, но опять без алкоголя никуда. Объясните мне, почему если человек разочаровался, то он должен пить водку или вино? Главная героиня Рита получив удар по носу от жизни решает выпить. Опять алкоголь, опять связывают Москву-мечту и разочарование-опъянение. Рита (её играет Юлия Топольницкая) обычная провинциальная скандалистка. Она постоянно в фильме с кем-то дерётся. Фильм простенький. Слоган фильма  «Следуй за своей мечтой!»  не раскрыт. Раз поступать в театральный, значит спать с режиссёром. Алкоголь, постель за роль, простенькая мечта  это всё холодная Москва. Москва в фильме предстаёт очень холодной, жёсткой. Поступление в театральное училище  об этом может мечтать только провинциалка.  Кому нужно театральное образование в 21 веке, России 2019 года? Найди олигарха и любой режиссёр прогнётся под тебя и сделает звезду. Нужны деньги, а не образование. Режиссёр Антонина Руже сама-то верит в театральное образование? Фильм про мечту не раскрыт: постель с режиссёром всё ломает. Это ведь будут смотреть девочки 16+ и будут верить, что переспав с режиссёром всё будет тип-топ. Девушке нужны деньги. Почему российские режиссёры показывают, что мечта рождается из алкоголя. Поймите, девушки и ребята возраста 16+, алкоголь ни к чему хорошему никогда не приводит. Алкоголь не лечит раны и не дарит надежды. А режиссёр Антонина Руже сама-то ещё не опытная девочка, раз показывает такие вещи в своём фильме.  Театральное училище  что это за совковая мечта? Москва  это грандиозное место, где делается история мира, а тут какое-то училище. Режиссёр Руже, вы мелко плаваете. Вы только подумайте, какую роль сейчас играет Россия в мире! А тут спать с режиссёром.  Фильм полная чушь. Слоган не раскрыт. Девочки 16+, не спите ради карьеры. Зачем этот абсурдный фильм вышел весной?  5 из 10	«Театральное училище»  что это за совковая мечта в 2019 году?	1
219	2019-03-19 15:23:00	Капитан Марвел	0	3	Собственно, что можно сказать о главной героине? Это классический образ Мери Сью из плохой литературы.  Главная героиня никак не развивается. Она все умеет, у нее все получается, она всех побеждает, и она совершенно не уязвима. У Марвел сценарии других фильмов далеко не шедевральные, но этот в своей макулатурщине превзошел все опасения.   Не хочу спойлерить, но сами решайте интересно ли вам смотреть на 3D графику с вкраплениями сюжета. Интересно ли сопереживать главной героине у которой все получается потому что ну так вышло просто, она вот взяла оказалась в нужном месте в нужное время и стала впоследствии всесильной и полностью неуязвимой. Она настолько всемогущая, что даже научилась дышать вакуумом.   Для своего развития как супергероя она вообще не прикладывала никаких усилий, наоборот ее пытались сдерживать (обманывая, конечно же, так то ее сдержать невозможно).  Иронично, что на волне феминизма (а все мы понимаем, что фильм создан в угоду мейнстримному феминизму, чему скандал перед премьерой в подтверждение) наблюдается падение качества женских персонажей.  Разве может главный герой женщина быть слабой? Нет конечно. Поэтому они все самые сильные и самые смелые с самого начала. Что наша капитанша Марвел, что Рэй из новых диснеевских Звездных Войн,  плоские и неинтересные мерисьюшные шаблоны.  Они все умеют, они в любом деле за которое берутся оказываются самыми профессиональными. Рэй к примеру просто овладела Силой и все. Вот просто взяла и овладела, также как и капитан Марвел. Рэй и инопланетные языки все знает, и в любом механизме прекрасно разбирается. Капитан Марвел и на стороне зла (где она была конечно же обманом завербована) самая сильная и самая выдающаяся, а на стороне добра уж тем более.   Касательно самого фильма. Юмор  плоский, во многих местах притянут за уши. Феминизм самого низкого качества. Хотели сделать пример для подражания девочкам? А сделали тех кому подражать в принципе невозможно в силу нереалистичности, и вовсе не потому что марвеловская магия не существует в реальности.   В Саре Коннор из Терминатора или Эллен Рипли из Чужого феминизма и примеров для подражания на порядки больше. В них слабые женщины становятся по-настоящему сильными и независимым личностями, поскольку они много работали над собой. Сара Коннор из перепуганной официантки становится «железной» машиной для убийства. Посыл: нужно работать над собой и, кем бы ты ни была, при должном упорстве добьешься успеха.  А здесь, ну просто вот сила снизошла и все, либо в случае с Рэй, она уже родилась сильной и независимой. А для успеха разве нужно еще что-то? Девочки, вы тоже должны сидеть дома и ждать когда на вас снизойдет сила и независимость. «Главное верить в себя»(с)  3 из 10   (красивый футуристический город, только лишь за него)	Капитан Мери Сью	5
220	2019-03-19 11:59:00	На районе	4	1	Это нелепость.  Главные герои  два женственных мальчика, которые пытаются показать себя парнями с района. Отношения между ними, вроде бы дружеские, но весьма явно проглядываются более близкие, что вызывает вопросы. Режиссер, конечно, говорит что это крепкая мужская дружба. Что ж, может и так, но очень уж к месту к такой фразе вспоминается горбатая гора. Главная проблема этих двух товарищей, помимо их неясных отношений,  это заказ на избиение женщины за измену  что вносит разлад между ними. Один из них считает, что это неблагородно, а второй не против такого заработка. Избивать мужчин, торговать наркотиками, проворачивать другие дела того же плана  окей, ничего нет в этом плохого.   Картонный мир, в который не веришь, парни  бандиты  которые больше похоже на пару влюбленных, чем на парней с района, нелепый глава бандитов, диалоги написанные на отвали, сюжет слепленный на коленке и сшитый белыми нитками  и всё это про этот фильм. И всё при поддержке Минкульта.  1 из 10	«На районе»  глазами девочки-мажора.	125
221	2019-03-19 07:46:00	Любовь и голуби	4	5	К советскому кинематографу с темой» о любви»,моё отношение мягко говоря спокойное, т. к на мой скромный взгляд, действительно стоящих, качественных лент про любовь, трагичную, сложную и просто не простую (без примеси «деревенской» комедийности и прочих «штучек») снято было в то время не много, пример с той же Гурченко «Пять вечеров». Что же касаемо данного фильма Мне совершенно не понятна инфантильность главного героя, его почти наивно-детское восприятие действительности, будто он и живёт только с голубями, а ещё где-то вокруг есть его семья, работа, окружающая действительность. Не подумайте, я ничего против животных не имею, их нужно любить, заводить, ухаживать за ними и приучать к этому своих детей (если таковы есть). А ведь у гл. героя они имеются, а ещё любящая его(пусть и властной, сильной рукой) жена, но это его, как оказывается вполне и устраивает, жена и за домом присмотрит и вообще всё устроит Но видимо уставший от «руководящей руки» наш герой и решает немного «погулять и развеяться»,да вот гулянка оборачивается в более серьёзную «заворушку». Впрочем окончательный выбор героя, был довольно очевиден и предсказуем. А моя основная претензия ко всему этому произведению такова: не нужно намешивать всё в одну кучу, получается сильно пересоленный винегрет с свойственной нам и понятной наверное только нам иронией и порой просто неуместной комедийностью. И конечно муж всегда образумиться, одумается  и вернётся, жена конечно же его простит и всё забудет, дети поступят так же, а виновата получается героиня «лёгкого поведения» да и поделом ей.  Голуби они безусловно прекрасны и чудесны(если их не выращивают на убой, а исключительно в декоративных целях) но вот тот факт, что человек так любящий своих питомцев, априори может быть слабовольным и ведомым мне не заходит.. не может и не должен, может и сильным быть и зверей любить. А исчерпывающая себя основная мораль картины  ну ошибся мужик один раз, ну с кем не бывает, нужно принять и простить  мне не понятна и вообще дика. Спасибо  5 из 10	Голубиная любовь	2
222	2019-03-18 20:24:00	Тройная граница	22	0	Как всегда, трейлер вышел намного красочнее самого фильма. Позиционируя себя чем-то средним между Гневом и Сикарио, кинолента вышла на экраны и вызвала довольно смешанные чувства.   Актёры  с одной стороны актерский состав пестрит довольно звучными именами. С другой  Айзек не тянет на роль крутого спеца, в нём видится истеричный повстанет из вселенной ЗВ, Ханнем застрял в роли то ли Короля Артура, то ли ковбоя из Тихоокеанского Рубежа, Паскалю не верится вообще. вернули бы его в Нарко, Аффлек, поплохев лицом и подобрев пузом, совсем ленится играть, а Хедлунд из второразрядных актёров, чье имя не можешь вспомнить, ибо и не запоминал. Актёрская игра не то, что не впечатлила, она была ненастоящей. Отыгрывание ролей по сценарию происходит на столько сухо, что не запоминаешь имён протагонистов, всплывает ассоциация с несмешным анекдотом:- заходят как  то в бар Бэтмен, Король Артур и Эскобар  Сценарий  с одной стороны задумка сценария хороша, не нова, но из неё можно выжать массу интересных сюжетных ходов, с другой стороны сценарий растянут на два часа экранного времени, разбавлен ни на что не влияющими диалогами, нудными, однообразными и бессмысленными. Основная сюжетная линия кажется картонной, уклон в вопросы нравственности и морального выбора не удался, штука со становлением героев, раскрытием персонажей и моральными переменами оных то же не срабатывает.   Декорации  джунгли и кое  какие спецэффекты. Если бы сюжет был сильным, то я на это бы и не обратил внимания, но сюжет слабенький. Для 90х годов это было бы круто, но скоро 2020 год.   Музыка  я её и не запомнил. Что  то шаблонное, иначе бы врезалось в память.  Ничего нового, ничего будоражащего, ни эмоций, ни чувств, ни вопросов фильм после себя не оставил. Вышло сухо, примитивно, уныло, пафосно, недостоверно. Масса логических ляпов, допущений, притянутостей за уши. И если в тех же Неудержимых подобное  самоирония, стёб и часть атмосферы фильма, то здесь это подаётся на серьёзных щщах драматургии. Закос под «Преступление и наказание» тоже не удался, наигранно, алогично, моментами смешно. И ладно бы со всем этим, если бы фильм развлекал, дарил эмоции, как Марвел, к примеру, но фильм скучен. Я пару раз, во время просмотра, ловил себя на мысли -«а не задремать ли?».   Бывают фильмы, в которых за героев и антагонистов переживаешь, смотря фильм по сотому разу, зная исход, все равно переживаешь, такие фильмы обычно исполненны драмы и трагедии, но это кино, претендуя на вышеперечисленное, ничего из этого не даёт.	Тройной Фейспалм	17
223	2019-03-18 18:43:00	Жмурки	6	6	Единственный фильм Балабанова, который мне не понравился совершенно. Режиссёр решил излить всю свою ненависть в одном флаконе. Причём вовсе не обличая бандитов, а просто показав, что и остальная страна тоже живёт по бандитским законам.   Чтобы сыграть бандита, не обязательно владеть актёрскими способностями. Важно владеть сущностью самих бандитов и почти быть им, что отлично доказал Панин. От старшего, Андрея, он ненамного отличается и выбирая из актёров «Бригады», Балабанов сильно ошибся. Дюжев и Панин-страший были бы как раз в тему. Именно конфликт контрастов и создал путаницу на съёмках.  Из героев мне понравился только Дюжев и актёр чукотского театра, где работал будущий партнёр Балабанова Алексей Скрябин. Мастерство не пропьёшь. А вот Михалков, при всём таланте, ошибся ещё больше, ибо роль малинового воротилы оказалась для него совсем чужой. Но и этих ошибок оказалось мало. Режиссёр абсолютно не угадал в сценарной линейности сюжета. Вот двоим воротилам пришёл заказ, но они прекрасно знают, что если актёр Степанов говорит им об устаревших методах, они всё равно будут стрелять. Похоже, Балабанов показал типичную ОПГ, для которых не было законов. Но прогадал с плюсами того времени.  Перед нами типичная чернуха, отморозки в своём лице и искажение времени. После шока от «Жмурок» последовал «Груз» и Балабанов скатился по наклонной. И он своё получил. Слабонервынм картина не рекомендуется.  6 из 10	Промах мимо цели	0
224	2019-03-18 18:14:00	Родители лёгкого поведения	1	6	Это очень трешовая комедия. Я бы перевёл название «Drunk Parents» как «Выпивающие родители». Всё что происходит в фильме всё сделано под действием алкоголя и сигарет. Это очень провокационная и трешовая комедия. Да, в кинозале я смеялся, но фильм по своей сути не смешной. Это голливудская пародия на телевизионные скетч сериалы с Алеком Болдуином. Алек Болдуин хорошо высмеивает Трампа в своих телевизионных шоу, но этот фильм имеет другой, киношный, жанр. Фильм состоит из постоянных жалоб и нытья Нэнси (её играет Сальма Хайек) и Френка (его играет Алек Болдуин). Дубляж фильма заставляет смеяться зрителя в кинозале. Но кому интересно смотреть на приключения разорившихся алкоголиков?  Слоган всех алкоголиков  «Завтра всё наладится»  разыгран на все 100 процентов. Это беда если родители-алкоголики и у них нет денег. О чём мечтает Френк? О больших деньгах, о том, чтоб дочка его не разлюбила. Этот фильм показывает всем американским банкротам, что выход можно найти из своих проблем в интернете. Интернет  это надежда всего современного общества. Виртуальные распродажи  что из этого может выйти? В фильме есть христианская добродетель: Нэнси берёт на удочерение маленькую девочку, отец которой отбывает срок. Алкоголь и христианская благодетель  это гремучая смесь.  Поражает ещё одна фраза: «Люди толстеют только от дешёвых товаров». Больше всего калорий, химии в дешёвых продуктах для бедных. Надо уметь приспосабливаться к сложившимся обстоятельствам. Так и режиссёр Фред Вульф сделал трешовую комедию, месседж которой: «Никогда не игнорируйте интернет».  В возрасте Нэнси и Френка либо приспособится, либо умереть. Интернет  вот надежда всего человечества. Он может дать надежду на сверхприбыль. Только нужно уметь правильно составить бизнес-план (для Френка это что-то новенькое).  6 из 10	Это очень трешовая комедия	0
225	2019-03-18 17:08:00	Любовницы	8	0	«Любовниц» как нельзя лучше характеризует то, что почти все самое лучшее запихали в трейлер, а в целом это очень тоскливое кино, по сравнению с которым давешние «Семь ужинов» смотрится чуть ли ни как шедевр. Логика и причинно  следственная связь в фильме Елены Хазановой отсутствуют как класс, я как зритель поступков героинь не понял. Они добровольно встречались с женатыми мужчинами, по сюжету не понятно ставили они условия об уходе из семьи или нет, а потом в один момент решили наказать их. Причем решение возникло на почве злоупотребления спиртным, которое героини употребляют практически весь фильм. А дальше начинается месть  бездумная и беспощадная, символами которой являются стрельба в тире и пение песен про любовь в караоке. Зачем кстати эти сцены показали тоже не понятно. Лично мне понравились два эпизода  рассказ про сваренного любовника (Александрова неплохо рассказывала) и знакомство с родителями невесты (Гармаш просто великолепен). А вот все остальное это набор каких то штампов и бессмыслий.   Очень не понравилась подача того, как героиня Бортич обзавелась машиной и квартирой  как-то пошло получилось, объяснение героини Александровой с героем Куценко  я совсем отказался понимать, что же она в итоге хотела, и разделение мужчин по доходности (секс за еду)  как мне кажется, под такие стандарты 95 процентов мужчин попадут, соответственно посыл таков для женщин  зарабатывающего меньше названной суммы не достоин вообще внимания. Тогда вопрос возникает, а сами героини то достойны чего то другого, если они спят с женатыми, а потом обвиняют их в этом. Сцена с «Джагерром» должна была расставить все по местам, но не вышло  выводов не сделали, а ввели совершенно ненужный эпизод с мальчиком, который старается сохранить семью. На мой взгляд режиссер не смогла решить для себя, что она снимает комедию или мелодраму, оттого и идет шараханья из стороны в сторону.  Актерские работы даже обсуждать не хочется  Андреева играла с одним выражением лица весь фильм, ее героиня раздражала своей инертностью в кадре, несмотря на развитие сюжета. Александрова пыталась изобразить эмоции, но кроме эпизода в гостях у поэта попадала пальцем в небо. Бортич была чуть лучше, но это не спасало ситуацию, так как ее героиня получилась пошлой и поверхностной. Мужские роли как на подбор  одно кривляние или пьянство.  Осадок остался неприятный после просмотра  веселья нет, а показанные посылы грустны.	Несмешная комедия	7
226	2019-03-18 16:15:00	Молодёжка	0	3	Удивительно, как мало на сайте отрицательных рецензий. Неужели так много людей любят этот сериал? Поначалу мне он тоже нравился, первые два сезона были очень даже смотрибельны, но потом начинается «Кармелита». Вообще идея была сильна лишь в первом сезоне, интересна история тренера Сергея Макеева, который очень круто смотрелся на СТС, особенно после не харизматичных вояк из Кадетства и Курсантов, а также наитупейшей Закрытой школы. Было интересно наблюдать и за игроками «Медведей», такими как Кисляк, Пономарев и Егор Щукин, также был неплох и Дима Щукин. Остальные лишь вызывали раздражение, в частности сопливый Костров и дегенерат Сеня Бакин с его папашей, самым тупым и примитивным персонажем в сериале.   Да, первые сезоны хорошо держали баланс между хоккеем, любовными интрижками и заговорами спортивных чиновников, но к 6 сезону сериал превратился в раскрученное мыло из передряг Казанцева и Жилина, тема хоккея ушла на третий план, если не дальше. Безумно напрягали дикие, идиотские диалоги с заезженными фразами типа: даже так? или в курсе чего? Понятно, что это не Тарантино, но все же можно было преподнести это как то жизненней.   Раз уж моя рецензия отрицательная, хотелось бы высказаться по поводу самых плохих персонажей в сериале, просто наболело и не могу держать в себе. Во первых, это Антон Антипов. Это уже стало классикой на нашем телевидении, если персонаж лысый с диким взглядом, то он явно будет олицетворять собой индивидуума из такого слоя населения как гопники, хотя он конечно не гопник, но соответствует всем представлениям об этой субкультуре. Его поведение подразумевает собой мирное сосуществование с другими игроками от бычки к бычке, как его терпят его товарищи понять я не могу до сих пор.   Юля Антипова-Макеева, еще один перс из разряда вон выходящих, отсутствие всякой логики в поведении, адекватной оценки действительности и конечно доведение любимого до состояния стресса, все эти заслуги в сериале целиком ложатся на ее плечи.  Ну и конечно самый мой любимый-нелюбимый персонаж это Николай Бакин. Осознавая, для чего был втиснут этот персонаж в сюжет, я не понимаю, как его семейка не сошла с ума, живя с ним все это время. Это настолько утрированный, наивный, бредовый и шаблонный перс, насколько это только возможно сделать во втором десятилетии 21 века на отечественном телерынке. Можно очень долго указывать на всю его бредовость, скажу только, что он никак не вписывался в этот сериал и однозначно его портил.  К актерам претензий у меня нет, все молодцы, кто то хуже, кто то лучше, но сыграли все нормально. Лучше всех сыграл Владимир Зайцев, его персонажу я симпатизировал больше всех, ибо он реально продуманный, харизматичный и настоящий.  3 из 10, только за первые сезоны	Хоккейная мылодрама или приключения спортивных чиновников	0
227	2019-03-18 15:52:00	Эйс Вентура младший	2	2	Каким был мой папа?  (примерно 22-ая минута фильма)  Эйс Вентура младший  Все мы смотрели старенькие картины с Джимом Керри про приключения Эйса Вентуры, который обожал животных. Но мало кто знает, что в 2009 году вышла третья часть. На этот раз главным героем стал сынок Эйса. Во-первых, сразу же полный бред, так как у Эйса не может быть детей. Образ немного не такой. Я уж помалкиваю про жену. Он ведь сумасшедший. Какая семья?  Создатели триквела утверждают обратное, развожу руками. Жена и ребенок! Хорошо, скрепя зубами можно согласиться, но вы посмотрите на этого сыночка. Какой-то нелепый пацан. Как и батя, естественно, помешан на зверье. Да-да, грань маразма у нас напрочь отсутствует. Во-вторых, они даже животных толком не смогли показать нормально. Смотря на бюджет в 7 лямов, удивительно. Мужика запихнули в костюм панды, а-ха-ха. Экономили, деньги же потом себе в карман.  В-третьих, отвратительная актерская игра. Пацан набирает космический уровень своей неестественностью. Ходит с фирменной папиной прической, кривляется. Бр-р-р! Возьмите любого ребенка с улицы, засуньте в фильм, ничего не изменится. Только Джош Флиттер является (как бы) актером. По блату пристроили? Наверное. Ок, вы можете заявить, чего ты Zombion придираешься, иди своего Патрика Суэйзи (дом у дороги) смотри, критик чертов. Кино же для детей делали. А я всегда сужу по себе, мне бы в детстве не было интересно, честное слово.   Если у вас особая страсть к фильмам с участием животных, то (посмотрите «Покидая Неверленд», а-ха-ха, все-все, молчу) лучше в очередной раз пересмотреть «Бэйба». Господи, даже такая слабенькая и глупая штука, как «Кошки против собак»  будет смешнее! Серьезно. Создатели «Эйса младшего» еще пытались притянуть за уши детективное расследование, но все это требуха.   У меня в голове автоматом срабатывает отталкивающий рефлекс (вы знаете о нем), когда кто-то начинает совокупляться (назовем это так) с классикой. Я не яростный поклонник оригинального «Эйса», поймите. Он мне просто нравился, как ступенька для будущих шедевров Керри (Маска, Труман, Лжец). Но ведь действительно обидно, очередной прохвост решил попиариться за чужой счет. Так нельзя.   Назовите свое кино «Пухлый пацан и животные», а не издевайтесь. 90-ые годы останутся в наших сердцах, как и Джим Керри. Это же недоразумение  исчезнет во тьме (та-да-а-а-м, Хит Леджер  жив!).  P.S.  Чтобы окончательно расставить все точки  где-то на уровне «Сына маски».  2 из 10	Мои фильмы из помойки!	6
228	2019-03-18 14:36:00	Этим летом	2	1	Заранее предупреждаю, что данный отзыв может быть немного грубоват, но зато честен.  Для начала представьте себе высоченный белый холм, на вершине которого покоится и ждёт своего часа снежный ком. Вот один человек кричит в рупор  и ком начинает своё движение вниз по склону, собирая за собой весь мусор, грязь, по пути вниз. И когда он останавливается и подходят люди, чтобы посмотреть что с ним стало, они видят лишь мусорный шар от белизны которого ничего не осталось.  Данный шлак имеет похожие корни зарождения и смерти. Был белый чистый лист, который один человечек с рупором испортил, а другие, дали этот самый рупор. Ибо фильм не рассказывает историю, в нём нету становления героев и их развития. Поясню. Умирая, бабуля даёт чересчур сомнительные советы касательного того как стоит вести свою жизнь (учитывая, что сама натворила разных дел, и теперь вся семья страдает и расхлёбывает, точнее, пытается расхлебать), созревшая главная героиня ищет приключения на свою пятую точку, все вокруг совокупляются и громко говорят об этом, маленький мальчик гей, который всё осознаёт так рано, в самые, казалось бы, важные моменты откровения Эль открывает рот, чтобы одним финальным предложением, таким а-ля «умозаключением» испоганить всю суть.  Развития сюжета и героев также отсутствуют. Вся соль сконцентрирована на половозрелых исканиях и мечтах девочки и это всё. Правда, всё. Там ещё как-то с горем пополам пытались приплести проблемы в отношениях между родителями и детьми, но они вообще не выделяются и не ощущаются. Темы родителей в браке, взаимоотношений, смерти и смысла жизнь  этого там вообще не найдёте, а если и найдёте, то только в качества заднего фона на уровня 3 как минимум, ибо уровень «My vagina & I» закрепился на несколько уровней сразу. Ещё была жалкая попытка изобразить страдания по первой любви, первую любовь как таковую. Хотя и близко не было подпитки этой любви, мотивов, эмоций героини и её игры влюблённой девушки.  Смерть близкого человека должна, по сути, менять что-то в мозгу человека, но как можно что-то поменять, когда сам мозг отсутствует. Каждый персонаж никак не запоминается и не выделяется, все личности затерянны среди толпы таких же блеклых личностей, что создавало атмосферу нахождения в инкубаторе несуразности. Видно было, что Кинг нравится её героиня и поэтому в её игре была частица самоотдачи. Хотя, если сравнивать этот «киношедевр» и «Будка поцелуев» в которой так же играла Джоуи Кинг, то можно заметить невооружённым глазом, что персонажи отыграны почти идентично.  Глуповатый фильм о глуповатых людях, глуповатых событиях, глуповатых действиях и игрой чуть выше, чем ниже, суммируя весь каст. Однако была одна вещь, которая мне понравилась  это мелодия в начале, какая-то она расслабляющая и приятная, совсем не вяжется с кино.  P.s. Если у вас есть дети и вы не хотите, чтобы они принесли вам потомство в лет так 12  родительский контроль в помощь.  1 из 10	Lust or/and Lost Summer	0
229	2019-03-18 13:58:00	Кожа	5	0	Удивительно, что этот совсем не изобретательный короткометражный фильм сумел получить позолоченного болванчика от американской киноакадемии: казалось бы, сколько можно твердить об одном и том же, пичкая одним и тем же, но вот находится ещё один ловкач, и перетирая давно ссыпавшуюся муку, выдаёт её за свежий помол, да каравай из неё выходит горький.  Вдохновляясь кинологическим трюком, режиссёр показывает, как татуированный свастикой отец науськивает своего малыша на чернокожих,  так псарь натаскивает собаку на запах призовой дичи, без оглядки кусающую руку, обёрнутую в шкуру своего врага, к чему и был сведён стереотипный сюжет этой картины, состоящий из подобий подобного, заполняющего подступы к напыщенному финалу, не требующему особых догадок задолго до того, как сработает выработанный в человеке животный рефлекс.  Неубедительно выглядит исходный конфликт, освобождающий пружину взаимных претензий: предвзятость одного подогревается двусмысленными ответами и сомнительными жестами другого, деля ответственность поровну между каждой из разгорячённых сторон, и агрессия, уже кажется, распаляет обоих, деля поровну вину за то, что придётся вынести их сыновьям, шагающим тропой беззаветной ненависти от одного поколения к другому, на чём режиссёр и хотел возвысить пафос своего послания, написав его с чужих слов.	Рефлекс	4
230	2019-03-18 13:01:00	Восход Эдерлези	3	4	Сносной история начинает быть где-то на 50 минуте  когда пошли реакции связанные между собой, как психологией (довольно старенькими понятиями о ней  Фрейда), так и действиями основанными на ней. Всё до этого не имело видимых реакций, ни действий, отличных по своим внутренним составляющим. Фактически нам словами и музыкой говорили то, что зритель должен был понять из соответствующих реакций и действий на экране. А действие заключалось в постельных сценах и изредка в неожиданных, не имеющих основы возникновения (так-как действие исключительно завязано на сексуальных сценах) проявления «человечности» кибера. Действия Милютина нам тоже просто объяснили диалогами  комплекс «Эдипа», программа кибера  никаких усилий это воспроизвести в показанном видеоряде авторы не сделали, ведь можно было подумерить тайминг сексуальности картинки, да и собственное желание снять картинку, каковую видел в картинах «классики» НФ  т. е. мне не понятно зачем тратить экранное время и средства комп. графики на «классические» картины вывода на орбиту, состояния невесомости и т. п. космической фантастичности, при убогости интерьеров самого космического корабля и не раскрытии подоплёки дальнейших событий  ведь дуга характера героя начинает проявляться  вдруг, без подводки. Нет, понятно, что режиссёр, что называется «дорвался» до, вероятно, любимого жанра  ну как тут красочно не «запустить ракету в космос» и не показать космос же, но суть в том, что это его «вставка» третична к идее фильма и «крадёт» экранное время у смыслов картины.  И опять таки  объяснение всё через секс  это как надо выродиться людям-то, чтобы никаких идей-смыслов больше не оставалось на поверхности сознания  гордость, честь, этика в конце концов. А если эти «покровы» были но авторы не удосужились показать нам как они «спадают»  то это говорит нам только об их незрелости, скорее как людей, что отразилось и на их творчестве Хотя по последнему получасу ленты так, вроде и не скажешь  Опять же, хотя посылать космонавта с такими лакунами в психике в дальний полёт, да   4 из 10	 без перерыва,.. . как это мило!	4
231	2019-03-18 12:15:00	Пиковая дама: Зазеркалье	0	1	В этом фильме отвратительно всё. От дурацкого сценария до премерзкой актёрской игры.   Пиковая Дама  популярный мифический персонаж, демон, завсегдатай ночных посиделок в летних лагерях. В фильме же это тот же демон, да вот только по-замыслу сценаристов мстительный и коварный, ранее графиня старого поместья, забитая крестьянами за черные обряды, в результате которого лично умертвила пару десятков детей. Связь между многим известной таинственной сущностью и этой страшилой из фильма абсолютно нулевая.  Что касается персонажей, так один другого краше. Все оказываются в одном и том же интернате, но по-разным причинам. Зато персонажи ну ооочень колоритные: балбес, малолетняя шлюшка, ботан и типичная всеядная толстушка. В центре внимания находятся вечно сердитая девочка-подросток и её маленький единоутробный брат, трагически лишившиеся матери. Батя-отчим, долго не раздумывая, отсылает детей в стремный интернат, больше напоминающий недо-Хогвартс. По ходу картины, каждый загадывает пиковой даме желания (ШТА?), вслед за чем идет расправа.  Поведение ВСЕХ персонажей как центровых, так и второго плана вызывал у меня помесь смеха с желанием залезть в экран и поводить их лицом по асфальту.   Поносить этот кошмар можно долго, поэтому буду закругляться.  1) Актерская игра  ужасна  2) Сюжет  уныл  3) Страшилки  даже «БУ»-эффекты не заставили меня и бровью пошевельнуть. Более того, в зале находились дети около 10 лет со своими родителями, так и те умоляли матерей уйти из зала потому что «Ну полная чушь, мам, пошли домой!»  1 из 10	Пора осознать, что ужасы  не наш конёк	1
232	2019-03-18 11:10:00	Я знаю, кто убил меня	0	2	Потратить полтора часа жизни впустую? Могу, умею, практикую. Этот фильм попался на глаза в какой-то группе ВК, и я вспомнила, что лет 10 назад хотела его посмотреть. Тогда кино скачивали с торрента, я составляла список фильмов для просмотра в блокноте, а лучшие ленты записывала на «болванки» для своей коллекции. Лучше бы я и дальше о нем не вспоминала.  Намеком о второсортности фильма является Линдси Лохан в главной роли. Кроме того, лента получила 8 Золотых малин, к сожалению, об этом я прочитала уже после просмотра, когда полезла смотреть людей, которым ЭТО понравилось.  Наигранность и неправдоподобность главной героини, сумбурный сюжет, абсурдный и фантастический (хотя, тут больше подойдёт фантастически идиотский) финал. Игра красного и синего цвета в качестве символов безумно навязчивая. Впрочем, чего можно ждать от фильма, если я с первого кадра угадала убийцу, дальнейших сомнений и колебаний не было, хотя подозреваемых могло быть много. Присутствует некая претензия на фильмы Хичкока и, пожалуй, Линча (чем ещё объяснить появление совы в кадре).  Постельная сцена. Даже кадры ампутации не вызвали во мне столько противоречий, сколько секс, разыгравшийся на наших глазах. В голове во время всего процесса шла бегущая строка: чтозанахерблин.  Несмотря на один сплошной минус, положительные моменты есть. Тонкая линия, соединившая маньяка и отрезанные конечности. За это вот прям «браво». Нужно быть достаточно внимательным, чтоб уловить смысл. И ещё понравилась потрясающая музыка. Увы, это всё.  Такого кошмара я ещё не видела, пожалуй, это худший триллер из просмотренных мной.  2 из 10	Я знаю, кто убил полтора часа моей жизни.	0
233	2019-03-18 10:53:00	Капитан Марвел	1	5	Перед походом на фильм, на просторах интернета, было найдено много не очень хороших откликов, что заставило задуматься, а стоит ли идти вообще на данную картину ? Отношение к Бри, и все этой истории Но решил что перед последней фазой, нужно видеть все, понимать как и что происходит во вселенной, так как вводят одного из сильнейших персонажей Марвел.  Теперь обо всем по порядку. Главный персонаж в исполнении Бри Ларсен, девушка, которая ничего не помнит, никого не любит и ведет себя очень странно. На некоторые сцены и реакции актрисы смотрел в недоумении, не понимая, что же она в этот момент испытывает, из-за чего приходилось думать, это такой персонаж Кэрол Денверс или же это игра Бри Ларсен? Вообще в целом эмоциональная составляющая лица актрисы, очень мало чего испытывает и её эмоции приходиться додумывать самому. При этом поведение очень вызывающее и пафосное, это у меня вызывало негатив.  Джуд Лоу  к его игре у меня вопросов не возникло, правда раскрытие его персонажа сильно ужали. Что его движет и почему он совершает те или иные поступки, было не очень понятно.  Сэмюэл Л. Джексон (для всех остальных просто Фьюри!)  как и Джуд Лоу, актер высочайшего полета, которые вживается в свои роли, смотреть на него было одним удовольствием, особенно в сценах с нашими четвероногими друзьями, к которым он нейтрален(а по фильму и не скажешь).   Музыка и антураж 90-ых в фильме заслуживает отдельного рассказа, саундтрек после фильма набрал большую популярность, все наши любимые хиты играют и радуют нас. А вот что касается с погружением в те самые 90-ые, мне кажется промахнулись. Нет тех мелочей, которые могли бы нас погрузить в те года. Если бы не пару мелочей и знание того, что картина нас погружает именно в те года, я бы не понял.  Визуал и картинка, достойна Марвел, но не сказать что нам показали что то сверх новое. Есть момент где видно CGI, казалось что героев «вырезали».  По итогу:  Выйдя из кинозала, меня преследовало странное ощущение, от главной героини, которая, если говорить честно, не понравилась. А не понравилась она своим каким-то пафосом, ей не хотелось сопереживать, а самое печальное во всем этом, это перенос эмоций Бри Ларсен, сложилось впечатление что весь фильм у неё было одно выражение лица.   Как итог: если бы не котейка, не Фьюри и не Джуд Лоу, у фильма бы ли бы минимальные оценки.  5 из 10	Не очень приятное послевкусие.	2
234	2019-03-18 10:18:00	Последний дом слева	1	5	Крейвен один из моих любимых режиссеров. Ещё будучи маленькой девчонкой смотрела Крик и Кошмар на улице Вязов, и Крейвен и его фильмы стали, стали одним из факторов почему я влюбилась в кинематограф. Но, вообще я люблю старые фильмы, начиная от немых заканчивая 80-90гг. И поэтому, все ремейки мне кажутся ненужными и жалкими попытками заработать деньги на старом хорошем кино.   Последний дом 2009 года мне не понравился. Пару сцен были неплохими (например, убийство в раковине). Фильм не хочет быть самостоятельным, не хочет увлекать зрителя ни саспенсом, ни сюжетом. Он стает обычным слешером, без никакого намёка на оригинальность. Преступники, которых сложно убить, и как бы их не поранили, они нападают. Да, сюжет идентичен, но выполнен плохо. Если Последний дом слева 72 года, держит в напряжении, передаёт атмосферу ужаса девушек (и это при том что в оригинале играли не профессиональные актрисы, а в ремейке с опытом), беспринципности и социопатии преступников (и они не кажутся обаятельными. Они кажутся именно отвратными маньяками, которые готовы пойти на все что бы «развлекаться»). Атмосферы в римейке нет, а сам фильм выглядит дешевле и смешнее чем оригинал. Фильме слишком мало насилия, почему его сделали более мягким, не понимаю, ведь это 2009 год, цензуры меньше. В оригинале сцены более реалистичнее и эти сцены ужасают. Ведь, в какой то стране, оригинал подавали как снафф. Особенно сцена присуждённого мочеиспускания в штаны, под смех преступников, показанная в оригинале, выглядит намного жёстче, чем весь ремейк вместе взятый.   Что касается персонажей, то сравнения здесь не уместны. Например, в оригинале Фелис, «плохая девочка», по мнению родителей Мэри, но она старается выжить, больше приспособлена к жизни. В ремейке персонаж Пейдж не раскрыли (хотя, должна признать, что и в оригинале не раскрыли на 100%, но лично мне Фэлис нравиться больше чем Пейдж.) Персонаж Мэри римейка, миленькая девочка, такой себе ангелочек, который слушает родителей и занимается спортом. А Мэри оригинала девочка из приличной семьи, которая и не плохая, но и не чистый ангел. Персонаж Джастина в ремейке, вообще ничтожный. Зачем он там вообще был нужен? Привести девок в мотель? Так это мог сделать и персонаж Пола. Та заменить Джастина на картонку, и ничего не измениться. В оригинале, отец подсадил Младшего на героин, что бы его контролировать и морально, и физически. Вот тут драма, вот и в ремейке могли интересно развернуть эту тему. Но, нет создатели решили пойти по непонятному пути, и абсолютно ненужному, оставить живыми парочку подростков, что бы подросткам понравилось. Персонажи Хесса/Диллаханта оба харизматичные, оба хорошо играют, и по-разному жестоки. Тоже касается и Линкольна/Пола. Они отыгрывают хорошо. Рики Линдхоум для меня классная комическая актриса, что ее потянуло в триллер, не знаю, но сплавилась с ролью на 50/50. Родители тоже играют нормально, тут тоже претензий особых нет.   Фильм Последний дом слева 1972 года снят по легенде Дочери Тере из Вэнге, также по этой легенде снят Девичий источник. Но чем руководствовались создатели фильма, не знаю.   5 баллов ставлю, за игру Даллаханту (он конечно не Дэвид Хесс, но пытался играть преступника), Пола, и родителей, и ещё один балл за сцену с раковиной.   5 из 10	Ненужный дом слева	0
235	2019-03-18 07:47:00	Любовницы	3	5	Это очень феминистская комедия на 8 марта. «Женщины против всех кобелей!»  это месседж фильма. Мужчины-кобели достали всех красивых и порядочных женщин. Фильм очень музыкальный. Режиссёр Елена Хазанова вставила треки очень любимых групп. Композитором фильма числится Диана Арбенина. Мужчины-кобели задолбали девушек, и музыка это подтверждает. Женщина плачет даже тогда, когда торжествует. Женщина не может смириться с ролью любовницы: ведь любовница  это друг для женатого мужчины. Три девушки  медсестра Маша (её играет Юлия Александрова), студентка Ира (её играет Паулина Андреева) и актриса Алиса (её играет Александра Бортич)  решили мстить кобелям за их похоть.  Три подруги мстят «креативненько». Креатив  это залог всего современного общества молодых. Надо ударить не просто сильно, а чтоб было красиво. Поэтому никто из мужчин на них не жалуется. Это гимн феминизма! Это гимн всем независимым женщинам! Все женщины красивы и умны, но молодость проходит, оставляя на пальце кольцо и детей от мужа. Девушки Маша, Ира, Алиса красивы, но они не понимают слоган-пословицу «стерпится  слюбится». Эти девушки слишком независимые, слишком гордые. Понравилась фраза актёра Гармаша: «Семья  она как родная рота». Эти молодые девушки не понимают, что они не мстительницы  они феминистки.  Режиссёр Елена Хазанова сделала женский фильм для молодых девушек. В фильме играет звёздный состав. Очень много актёров новой России. Фильм скучный, потому что он очень сексистский и феминистский. Очень обидно, что без алкоголя никуда.  Объясните мне, почему режиссёр Хазанова сделала так, что все ответственные решения героини принимают за бокалом алкоголя? Опять молодёжь будет спиваться (если честно, обидно).  5 из 10	Этот фильм гимн феминизма!	2
236	2019-03-17 23:14:00	Каратель	6	0	- В Америке очень ценят и любят насилие, поэтому этим я никого не удивлю.  Каратель  Как и Призрачный гонщик до него, Каратель  один из тех ярких персонажей начала 70-х, которые казались мрачными и остросоциальными. Мстительное убийство стало новинкой в комиксах после того, как нравственная паника середины 1950-х годов все дезинфицировала. Это что-то, да? Конечно, черт возьми, это делает вещи доступнее для продажи. Да, 60-70-е годы были печальными временами, и за это время появилось несколько печальных персонажей, но, плюс в том, что эта волна начала сворачиваться в мрачное, более ужасающее воплощение героя. Поскольку я не делаю то, что делают многие, и путаю рыночный уровень насилия с «реализмом», я никогда не мог воспринимать Карателя серьезно. Он мог быть еще одним врагом Паучка в век, уже переполненный ими, если бы не тот факт, что он разделяет склонность Питера к монологам и постоянно сомневался в его собственных действиях даже когда он убивает! Контраст может быть смешным, в зависимости от того, как перегружена история, и даже Марвел иногда осознает это.  Фрэнк Касл  странный парень. Он говорит с Богом. Взрывы и пули не причиняют ему вреда. Он уязвим только для ножей. У него есть свои ножи, которые ему как-то удалось изготовить с маленькими черепами на рукоятках. Он хочет убить всех мафиози, которых сможет найти, но затем якудза появляется и начинает делать его работу за него. Фрэнк должен спасти детей гангстеров от якудзы, чтобы тех не продали в рабство. Как я уже сказал, Фрэнк Касл странный парень. Я никогда не любил ни его, ни его породу нигилистического «реализма». Конечно, Фрэнк  это человек, непосредственно ответственный за взрыв антигероев 80-90-х годов. Любители комиксов называют это «темным веком комиксов» (только по ироническим причинам). В попытке массовой монетизации популярности Карателя, студии по написанию комиксов пополнили свои ряды убийственными головорезами в поясах с боеприпасами, на плечах которых оказывались все более спорные поступки. Я должен признать, что как вымышленный персонаж, он безупречен в том, что выходит за рамки его вселенной. Жизненные тяжбы привели к тому, что Фрэнк объявил войну одному человеку, которая неизбежно привела его к конфликту с другими бдительными героями в его родной вселенной. Не важно по какой причине, но даже самые строгие моралисты в Марвел продолжают позволять Фрэнку убивать в этом относительном мире. Такое лицемерие случается только в мире без Бэтмена.  Как таковой, можно утверждать, что «Каратель» вписывается в кино-ландшафт 80-х годов. Поскольку фильм  это визуальное средство информации, все, что нужно было сделать нашим перспективным режиссерам, это снять фильм о Карателе, убивающем людей и выглядящем круто верно? Это могла быть сногсшибательная, крутая картина если бы они наняли кого-нибудь другого для режиссуры. Нашего антигероя сыграл Дельф Лундгрен. Его Фрэнк  это постоянно мешковатоглазый канализационный социопат, живущий в канализации (логично), который в момент начала фильма уже вступил в войну с преступностью. Этот Каратель  бывший детектив полиции (вставить сюда город), скорбящий по семье, которую потерял в результате взрыва мафиозной бомбы, даже, несмотря на то, что он отчаянно пытался вытащить их. В полиции предполагают, что Фрэнк погиб во время взрыва, а почему, собственно, бы и нет? Мы никогда не увидим, как он выживает.  Не имеет значения, потому что это не история происхождения. Сценарий Боаза Якина не устраивает девяностоминутный фестиваль перестрелок и взрывов. В голове этого кино действительно есть идея. Многое здесь звучит захватывающе, но есть много поводов для волнения. Для типичного боевика, картина «Каратель»  восхитительно жестокий. Не настолько жестокий, чтобы удовлетворить мое обыденное понимание методов его главного героя, но что я могу сделать? В этот момент слэшеры все еще были очень конкурентноспособны, и вокруг Карателя царит атмосфера классического слэшер-злодея. Он никогда не убивает двух людей одинаково, если может избежать этого. В этом смысле, Фрэнк Касл попал в руки режиссеров совершенно правильно  он именно такой социопат. Холодный, расчетливый, беспощадный но странным образом одержим честью в той же расплывчатой, невнятной форме, как и некоторые антигерои, которые я мог бы назвать. Это не отличает Фрэнка от орды аналогичных парней, но я рад, что фильм решил быть об этом. В противном случае, он мог бы оказаться более похожими на «Рэмбо 2». Одна вещь, от которой каждый поклонник испытывает ярость  это то, что Дольф не расхаживает в фирменной футболке с черепом, которая особенно выделяет его. Это странное упущение, учитывая, что они пошли на окрашивание светлых волос Дольфа, чтобы соответствовать внешнему виду персонажа из комиксов. Вопрос: Где, якобы мертвый бывший полицейский получает доступ к избыточной военной технике? Где, черт возьми, это возможно?!  Я видел тонны лент, где хмурые, небритые парни в кожаных куртках косят банды якудзы (или кого угодно), как будто они поле пшеницы. Покажи мне то, что могло произойти только в истории Карателя. Лучшие боевики, лучшие кинокомиксы черт, лучшие картины работают, когда они убеждают нас, что антагонист может представлять реальную угрозу для протагониста. Это трудно сделать, особенно если вашего главного героя играет звезда боевиков 80-90-х. Вы не можете просто усилить армию плохих парней (или девушек), чтобы компенсировать это. Не будет никакой пользы. Независимо от того, кто они, мы все знаем, что Дольф будет пробираться через них, вырывать им горло и вытаскивать их гребаные сердца. Несмотря на одну сцену пыток, кино не преуспевает в том, чтобы убедить меня, что наш антигерой находится в реальной опасности. В финальной сцене Танака не имеет четкой причины носить что-то вроде макияжа гейши и костюма. Большинство якудза, убитых во время заключительной сцены, являются людьми, владеющими мечами, одетыми в хакама, потому что якудза приносит мечи на перестрелки, я думаю.  Постоянно крутился в голове минималистичный монолог Марка Уолберга из «Отступников»  «Может быть, а может и нет, а может пошёл ты?». Чтобы закончить на высокой ноте, я скажу, что кульминация  это то, чем, более менее, должен быть фильм о Карателе: жестокий, безвозмездный и морально противоречивый. Все остальное дайте шанс, если будет время. Будьте готовы к картине, которая будет истязать ваш ум, как линчеватель социопат, затем, будет спасаться бегством, заметая следы своей последней резни до прибытия полиции.	Охота на ведьм #4	6
237	2019-03-17 21:51:00	The Wrong Neighbor	0	2	Что ж, могу точно сказать, что это не худший фильм из категории вышедших сразу на ТВ. Сюжет, естественно, клиширован, чем то напомнил мне прошлогодний фильм Джози. Однако простота и серость картинки всё портило.  Начнём с того, что дешевизна фильм лезла из всех щелей. Я видел много достойных ТВ-шных фильмов, про которые даже так и не подумаешь. Здесь же в этом плане плохо во всём, в частности это было видно например в сцене с разбитой машиной. Такое ощущение, что это вообще было на компьютере прорисовано. Также операторская работа не на лучшем уровне. Плохенькая картинка это полбеды, а плохо отснятые сцены и неудачные переводы от кадра к кадру совсем никуда не годятся.  Актёры ужасные. Просто не пойми откуда их набрали. Очень раздражал папаша девчонки, напоминает мне пропитого алкаша. Ни игры толковой, ни эмоций. К самой девчонки спросу меньше в виду возраста. Антагонистка вышла ещё более менее, но не хватило какой то загадочности. Слишком уж как то легко всё вылезло наружу. Вспоминая другие фильмы данной тематики, и в частности подозрительных соседей из них, то понятно, что уровень у этого фильма совсем низкий. Ну, а участие Майкла Мэдсена совсем напрягает. Довольно хороший в прошлом актёр, непонятно для чего снимался в этой ленте. Да, у него уже давненько нет хороших ролей и он частенько стал появляться в Казахстанских фильмах или в фильмах ASYLUM, но там то хоть роль значимая. А тут? Роль тренера по водному плаванию, абсолютно никак не влияющая на события фильма, к тому же в общей сложности отыграл то всего минут 10, а то и меньше даже. Зато на постере всё место занимает!  Скучно. Это самое главный минус. Простим дешевизну, банальность сюжета и скверных актёров, но тянущиеся кадры, бессмысленные разговоры и дикую предсказуемость никуда не уберёшь. Я в очередной раз задаюсь вопросом  зачем я посмотрел ТВ-шный фильм? Аннотация была убедительна, а подобного развития фильмы я люблю. Но ни интриги как таковой, ни нагнетающей атмосферы, ни увлекательных персонажей я не увидел, поэтому смело отношу фильм к категории отвратительных фильмов.  Итог  триллер Плохая соседка категорически не рекомендую к просмотру, это утомительное и раздражающее зрелище. Поберегите своё время и не тратьте на этот хлам.   2 из 10	Как завести семью по-быстрому	0
238	2019-03-17 21:28:00	Новые приключения Аладдина	0	4	Мда, когда понял, что это будет не именно история про Алладина, героя моего любимого мультсериала детства, а просто сказка, которую герой современного мира рассказывал детишкам в канун Нового года, то стало понятно, что толковым фильм не будет. Сложно переживать за героев, когда сами герои и придумывают эту историю. Очень не люблю так разворачиваемые события.   Что касается самого фильма, то в целом всё вполне неплохо. Был местами довольно уместный юмор, песня про принцессу в формате видеоклипа вообще прикольнула. Казалось бы всё на уровне, но этот формат повествования всё портил. Да, как бы герой рассказывал сказку про самого себя, но это не спасало. Нужно было делать просто историческую сказку в прикольном стиле.   К плюсам отнесу сам ход событий сказки, который разворачивается довольно бодро и легко. Незамысловатые события помогают расслабиться и насладиться зрелищем. Однако постоянные вставки реального персонажа немного напрягают. К тому же Алладин в озвучке Филиппа Киркорова получился стрёмным. Молодой парень со старым хриплым голосом. Да, актёр, исполнивший роль Алладина, а именно Кев Адамс, с причёской его персонажа смахивал немного на нашего артиста, но брать его на озвучку  неправильный ход.  Новые приключения Аладдина  это, на мой взгляд, фильм прежде всего для взрослых, ведь в картине много сцен, где присутствует сексуальный подтекст, причем касаемый не только обычных отношений, но и однополых. Сексуальный танец принцессы перед визирем, постоянные жесты, намёки, подтексты То есть прежде всего вы должны помнить, что сказка совсем неправильная и вовсе не для детей. Кстати, фильм создан совместно французскими и бельгийскими кинематографистами.  Также в качестве плюса выделю как всё красиво стилизовано под Багдад сказочных времен, костюмы и головные уборы, дворцы и пещеры  тут все хорошо. Однако скверная подача сказки всё портит и вызывает слишком много негатива.   Итог  вместо очередной достойной французской комедии получилось не пойми что. Из-за лёгкости и простоты фильма его вполне можно употребить в уставшем состоянии, но, блин, не должно быть всё так плохо, не должно. Фильм для одного раза, не более, да и то, думаю, многие на середине бросят просмотр этого «шедевра».  4 из 10	Неоправданные ожидания	0
239	2019-03-17 21:20:00	Руководство по снафф-видео для начинающих	1	4	Незадачливый режиссер Дрезден Винтерс и его братишка Доминик в один прекрасный день решают выбраться из творческой «трясины» по средству создания шокирующего снафф-кино. Особой изюминкой стал тот факт, что актриса выбранная братьями на прослушивании не догадывается о том, что будет участвовать в таком фильме. Исходя из этого кинематографисты решили, что «подопытная свинка» будет выдавать самые искренние эмоции, думая что является жертвой больных садистов. Однако все выходит из под контроля, так как похищенная девушка оказывается не такой простой, да и раздолбайство двух братьев все же не является положительным критерием  Скажу сразу  ожидал куда большего. Несмотря на оригинальную идею, ее реализация оставляет желать лучшего. После бурной завязки, середина фильма провисает полностью, что явно не добавляет зрительского интереса. Такие понятия как мотивация главного антагониста донельзя смазана да и неубедительная. Также катастрофически мало хорошего юмора. Комедийные моменты есть, но этого недостаточно, что бы служить положительным моментом. Главная фишка ленты  в ее внезапном сюжетном повороте, к сожалению, предугадывается в моменте ее зародыша.   Актер Джои Керн (Дрезден) запомнился мне еще по яркому образу в «Кровососущих подонках». Да и в данной ленте он отыграл выше всяких похвал. Его «экранный брат» Люк Эдвардс (Доминик) выступил больше в роли «подносчика снарядов» и был немного отодвинут на второй план. Бри Уильямсон (Дженнифер) и Перри Ожеда (Хорхе) справились со своими ролями весьма достойно. Режиссер Митчелл Алтери, снявший весьма неплохую черную комедию «Ночные охранники», в этот раз немного дал маху. Если некую камерность и статичность можно было еще хоть как то претерпеть, то всю эту сюжетную однотипность было тяжко выдержать.   4 из 10	Горе-творцы	1
240	2019-03-17 20:33:00	Меч короля Артура	8	0	С большим трудом я дотерпел до конца, хотя все время у меня подгорало. Это пример фильма, когда отсутствие актерской игры заменяют тоннами спецэффектов (на лицах людей никакой мимики. У мелкого убивают отца на глазах, но он картинно кричит, мимики и слез  ноль). В настоящем средневековье так делали с протухшей едой: засыпали ее специями, чтобы поменьше воняло. Не стоит даже говорить, что атмосфера Средневековья не чувствуется. Никакой религиозности. Просто современных людей нарядили в костюмы, запихали в картинку, отдаленно напоминающую Средние века. Можно еще сказать про нелогичность многих моментов, когда главного героя могли много раз убить, но не делали этого. Или хренова змея, которая убила всех врагов ГГ, но не главного злодея (Ведь тогда не будет эпичной битвы в конце). Лучники, стреляющие как из снайперской винтовки. План со штурмом замка необязательно приведет к поимке злодея, ведь замки могут иметь тайный ход для бегства и т. д.   Я помню, как в детстве играл в стратежку Stronglold 3 Legends. Может, не корректно сравнивать игру с фильмом, но атмосфера Средних веков там передана куда лучше. Там есть рыцари (в т. ч. Круглого стола), крестьяне, волшебник Мерлин, злые феи, поход за Граалем, драконы. Моменты с магией там дают + к атмосфере Средних веков. Как пример хорошей передачи мировоззрения средневекового человека можно привести фильм «Пришельцы». Там есть замечательный эпизод, который хорошо показывает, как средневековый европеец реагирует на темнокожего. Как же я смеялся в детстве от этого эпизода. В этом же фильме, помимо негра, откуда то взялся азиат. В общем, я пожалел о просмотре этого фильма. Он хорошо показывает, как не должен выглядеть фильм о Средних веках.	ПОЖАЛЕЛ О ПРОСМОТРЕ, БОМБИЛ, В ИТОГЕ ЗАБОЛЕЛА ГОЛОВА (ЗАСЛУЖЕННАЯ ЕДИНИЦА)	2
241	2019-03-17 20:01:00	Черный клановец	3	5	"В свете последних событий, а именно недавней церемонии вручения главной кинонаграды «Оскар»-2019 и участия в данном проекте сына самого Дензела Вашингтона, в отношении «Черного клановца» (BlacKkKlansman, 2018) действительно возникал определенный интерес, тем более, что картина стала нашумевшей задолго до церемонии и то и дело мелькала в новостных ресурсах о кино. Но достойна ли она такого обширного внимания?  Сложно сказать. Перед просмотром фильма я забыл два важных момента. Первый  режиссер данной киноленты Спайк Ли  кинодеятель, безусловно, талантливый, но помешанный на проблеме расизма, несправедливости и плохого отношения к чернокожим во всем мире. Фильмы, не связанные с этой проблемой, конечно, у него тоже есть, и они очень хорошие (стоит вспомнить один только «25-й час» или «Не пойман  не вор»), но все-таки автор «Малькольма Икс» в первую очередь известен в Фабрике Грез в первую очередь как самый активный борец за права чернокожих. Вот и новая его работа, по сути, стала фильмом той же категории  много чернокожих актеров, все время звучит эта тема расовой несправедливости, финал фильма «скрашен» какими-то непонятными вставками из различных документальных нарезок потасовок нацистских деятелей, «клановцев» и простых черных людей, которые вообще никого не трогали. Дензелу, кстати, разумеется фильм понравился  он сам снимался у Ли и очень уважает его творчество, да и первую серьезную работу сына в кино поругать никак не мог, тем более, когда даже Американская киноакадемия фильм отметила статуэткой.  Сюжет картины прост и анекдотичен, и именно из-за этого ее хочется смотреть. Два копа из обычного полицейского отдела американского пригорода решают внедриться в Ку-Клукс-Клан. В принципе, не самая невыполнимая задача, тем более действие происходит в 80-ые, когда эта организация еще представляла опасность для общественного порядка. Но есть одна небольшая загвоздка  один из копов афроамериканец, а второй  еврей.   И реализация у проекта оказалась не такой смешной, как может показаться. Конечно, оба полицейских не упускают шанса постебаться над доверчивыми клановцами (особенно герой Вашингтона, который стебет, ни много ни мало, Дэвида Дюка в забавном исполнении Тофера Грэйса (у которого давно не было таких интересных ролей). Второй рассуждает о достоинствах холокоста во время внедрения в ячейку любителей белых колпаков в местном городке. Выглядит это забавно, перчинку истории добавляет съехавший с катушек маньяк в исполнении Яспера Пяякконена, который штампованно женат на отвратительной наружности толстухе Эшли Эткинсон. Эта семейная парочка просто в восторге от перспективы поубивать как можно больше евреев или негров, причем доходит этот восторг до полного маразма. Но самое обидное: фильм все равно остается скучным, хотя вроде как все стараются. Любовная линия вообще намечена пунктиром и толком не развивается  главный герой и его подружка с практически одинаковыми «афро» прическами (""афро» здесь так часто мелькает, что глаз режет) постоянно болтают на темы «притеснения», справедливости, революции и прочей ерунды, монолог «Сделать Америку снова великой» звучит именно от отрицательных персонажей (что сразу выдает отношение создателей фильма к действующему президенту США), идея с работой копов под прикрытием отдает легким бредом  почему телефонными разговорами не мог заниматься тот же сотрудник, которых ходил на собрания клановцев? Даже когда на экране возникают какие-либо острые или волнительные для наших героев ситуации переживать за них абсолютно не тянет  все выглядит слишком не серьезно и не опасно. Саундтрек эту атмосферу детского сада только усиливает.  Можно похвалить художника по костюмам  ребята действительно стильно одеты, на главных героев приятно смотреть. Адам Драйвер, новая звезда саги «Звездных войн» с ролью полицейского под прикрытием справляется на должном уровне. Младший Вашингтон впечатляет далеко не так, как его отец  местами переигрывает, постоянно кривляется, и как-то не особо натурально выглядит в кадре, превращая фильм в пародийную комедию. Однако, загвоздка в том, что по идее это  криминальная драма. Что действительно радует, так это камео Алека Болдуина в начале картины, но он тут буквально на пару секунд, ну и забавный образ Роберта Джона Бёрка, сыгравшего шефа полицейского участка, где работают парочка главных героев. О Лоре Хэрриер тоже нечего сказать  в паре с Вашингтоном смотрелась не плохо, играет на том же уровне, прогресса по сравнению с ее работой в «Человеке пауке» нет.   Фильм сильно политизирован. В кадре практически ничего не происходит, постоянная болтовня на тему расизма вгоняет зрителя в тоску, юмор слабенький, никаких альтернатив для поддержания зрительского интереса авторы картины даже не предлагают. В итоге мы видим эдакую полицейскую «Черную пантеру» вперемешку со всевозможными лентами о расовой несправедливости. Сейчас это очень модно, и это очень любят в Голливуде, именно поэтому ставка Спайка Ли сыграла, и по ходу просмотра не покидает ощущение, что «Черный клановец» был специально снят с прицелом на вожделенную золотую статуэтку.   4,5 из 10"		6
242	2019-03-17 18:18:00	Покидая Неверленд	96	0	Вскоре после того как Майкл Джексон умер, скандальный журналист Отар Кушанашвили сказал: «Мы убили его своим смехом». Я полностью разделяю это мнение. Этот несчастный поп-идол, совершивший революцию в мировой культуре, хотел одного  любви. А самую искреннюю любовь могут дарить только дети. Вот отсюда все проблемы Джексона, которые с букетом необычайных заболеваний и убили его. А мы, стоя и наблюдая за этой агонией, помогли им.   Король поп-музыки, очевидно, имел серьезные ментальные нарушения. Его сложно воспринимать как полноценного мужчину. Это, скорее, очень талантливый мальчик, заключенный в субтильное, нездоровое тело. Мальчик, который навсегда останется в истории мировой культуры, песни которого будут слушать и перепевать. Мальчик, последние годы жизни которого, были омрачены омерзительными, связанными с обвинениями в педофилии, разбирательствами, которые, кстати говоря, так и не были доказаны, но, убеждена, подтолкнули несчастного музыканта к могиле.  И вот, спустя десять лет после смерти поп-идола, два каких-то симпатичных неудачника и алчный HBO сняли тошнотворный четырехчасовой фильм, в котором с каким-то тягучим скудоумием пережевываются воспоминания некогда любимчиков Джексона. Утирая сопли и беспрерывно ностальгируя и ревнуя, они рассказывают, каким чудовищным сексуальным надругательствам подверглись в детстве. Как Майкл, оказывается, все свое свободное время проводил за тем, что в роскошном поместье Неверлэнд насиловал несовершеннолетних. А последние, думая, что их друг так проявляет свою любовь, безропотно сносили все. А когда фавориты поменялись, погрузились в пучину ревнивой депрессии.   Вторят этим соплежуям их родственники. Мамы, папы, бабушки, сестры, присосавшие к Джексону, якобы не замечали подозрительно тесной дружбы их детей с певцом. Хотите спать с ним в одной комнате/постели? Пожалуйста! Хотите его увезти куда-то одного? Конечно, в чем проблема? Хотите нам подарить домик? С удовольствием! Все это смотрится омерзительно. Как будто бедные, корыстные, хитропые провинциалы приехали к богатому и наивному родственнику и доят его, расплачиваясь собственными ребенком. А когда рог изобилия иссяк, все что остается  шмыгая носом, сожалеть о былом.   Робсон и Сэйфчак не смотрятся как жертвы насилия. Они смотрятся как два некогда талантливых ребенка, выросшие в посредственностей. Как люди, неумело мешающие правду с ложью. Как люди, которые, пожелав заработать на скандале, не могут скрыть одного  свою любовь к Джексону. Она по-прежнему сильна, они по-прежнему скучают по нему или, наверное, по тем временам, когда их искренне любили, когда их показывали по телевизору, когда величайшая музыкальная звезда озарила их своих светом. А потом свет направился на Калкина (который, кстати, всегда в отношении к Джексону вел себя достойно) и вот тебе теперь  Что хотел сказать режиссер своим фильмом? Чего хотели Робсон и Сэйчак? На мой взгляд, только денег. Ведь никакой иной цели уже добиться невозможно. И надо ли? Ну, заметили мы вас, ну посмотрели на ваши жалобы, ну плюнули и забыли. А вы не отмоетесь до конца своих дней. И все, что будет ассоциироваться с вашим появлением где-либо, это слова: «Ааа, это те, кого «насиловал» Майкл Джексон?». Ведь в наше время не нужно доказательств. Достаточно голословных обвинений, правда?		95
243	2019-03-17 18:05:00	Любой ценой	8	0	Номинации, положительные отзывы, чуть ли не культовый статус. Кто-то вообще заметил, насколько сценарий дырявый и насколько поступки героев противоречат логике и просто необъяснимы? Понимаю, тяжело будет разъяснить свою точку зрения без спойлеров, но попробую.   Перечисляю ляпы не в хронологическом порядке, их так много, что сам запутаешься.  Если ты хочешь отомстить, то какого ты приходишь к врагу и предупреждаешь его о мести? Чтобы он сумел подготовиться или прихватить деньжат и скрыться? А если ты просто явился напугать или из любопытства, то эта сцена оказывается бессмысленной. Или это такой старый ковбойский способ  играть в открытую? Они что, будут на револьверах стреляться перед салуном?   Какая-то официантка капризничает и не хочет давать показания из-за неприязни или еще чего-то? Серьезно? После такого происшествия, которое на всю страну бы прогремело? Столько крови пролилось и девчонка посылает техасских рейнджеров, а те лишь пожимают плечами? Никто не способен ее разговорить? Ни ФБР, ни хваленые журналисты? За кого вы зрителей держите, авторы фильма? Впрочем, судя по отзывам, не исключено, что держите за кого надо.   Сцена расставания и жертвенности взята будто из латиноамериканского сериала или из третьесортного отечественного. Подготовьте два автомобиля, разделите деньги поровну и езжайте в разные стороны. Кто-то один точно проскочит. Тем более, что ничего в этом персонаже не говорило о его готовности к жертве. Может, это жажда наказания за содеянное? Черта с два, это же не психологический триллер о хипстерах из Сан-Франциско!  Человек с ранением спокойно преодолевает полицейский блок-пост? Серьезно? И опытные техасские полицейские не заметили бледности, потливости, дрожи и сбивчивой речи, которые обязательно должны быть при таком ранении? Или он терминатор, а они слепые и глухие?  Группа крутых вооруженных техасских парней, которым хватило смелости погнаться за отчаянными вооруженными грабителями, боится одного стрелка с автоматом, стоящего бл бл блин на открытой местности!!! Он даже не присел. Он даже полуоборотом на стоял, а у вас куча оружия и защита от пуль в виде автомобилей Оскар, блин, Оскар! И глобус туда же.  Никто не спорит, что банки свое не упустят и хотят максимальной выгоды для себя. Но есть одна проблема  чтобы попасть к ним в кабалу, нужно самим к ним придти и попросить денег. Мать главных героев получила минимальный кредит на невыгодных условиях. Кто довел семью до такого положения? Почему понадобились деньги? Снова банки виноваты? Или отец, мать и сыновья? Ответа нет, как и нет нормальной экспозиции героев. Что мы знаем о причинах их бедности? Минимум, и тот размытый. Банки виноваты. Или война всех против всех. Ну, ок.  Джефф Бриджес прекрасный актер, но это не техасский рейнджер. Это Лебовски, это рокер-наркоман из Страны приливов. Взяли бы Чака Норриса, может что и вышло бы из персонажа. Кстати, его неполиткорректные шутки не вызывают неприязни, как и смеха. Только жуткую неловкость, настолько они неестественно подаются.   Парочка главных героев похожа на завсегдатаев спа-салона, а не на техасских фермеров, как их не гримируй. И даже суровые гримасы не помогли им попасть в номинацию на Оскар или Золотой Глобус.   Если вы хотите посмотреть настоящий фильм с социальным подтекстом и реально харизматичными героями, то смотрите Полуночную жару аж 1967 года. Визуально фильм устарел, но персонажи там на высоте всех высот. Там шериф какой надо шериф. А не этот сонный шутник.		1
244	2019-03-17 17:45:00	Курск	58	0	Вот скажите, допустимо ли спекулировать на трагедии?  Но начну я с другого.  Вот как бы не пыжились иностранные граждане, но про нас о ни снимать не могут! И дело даже не в правильности военной формы (у подводников в картине она современная, а не образца начала нулевых) или каких-то бытовых деталях. Да и не в том что они не понимают нашу душу!  Вот красной линией идет бухла  британский вояка бухал с нашим адмиралом, а наши офицеры отдают последнее, чтобы на свадьбе товарища было спиртное! Ну вот и как еще к такому относится?   Дам кстати важную ремарку  я пусть тогда еще не был совершеннолетним, но я прекрасно понимал, что происходит. Да я думаю любой нормальный человек (даже с одной извилиной в голове) прекрасно знает и понимает, что к чему. Без той самой знаменитой цитаты.  Вернемся. Ну вот и как еще верить Сейду, которая без косметики похожа на персонажа фильма ужасов? Она не сыграла русскую женщину! Это даже не пародия на русскую женщину. Ну вот нет веры ее силиконовым слезам.  Вот опять таки  был «Титаник» Кэмерона, где была история любви на фоне трагедии. Да может простенькая и банальная, но она трогала тебя!  А здесь авторы взяли за основу официальную версию событий, что то добавили от себя и не раскрыв героев выдали нам.  А теперь вернемся к спекуляции  господа хорошие, зачем превращать трагедию в средний руки боевичок? К чему некие потуги на экшн? Это не почва для такого рода «экспериментов». И, конечно, о клюковке не забыли. В концовке даже намек на кровавую спецслужбу дали.  Старина Люк, ну какого (цензура) тебе это было надо? Итак у компании дела не очень, так зачем вкладываться в такую историю, которая даже у зарубежного зрителя отклика не нашла.  Печально.  Еще раз повторюсь  всем все давно известно. И без фильмов.  А такое «творение» это не дань памяти! Это неуважение.	Капитан Колесников пишет им письмо	22
245	2019-03-17 17:03:00	Повелитель стихий	1	3	По-настоящему добрый и качественный, не побоюсь этого слова, шедевр: гармонично развитый сюжет, изложенный в трёх книгах (частях), большое количество простого и приятного юмора и житейских ситуаций, которые помогают раскрыть персонажа и не забивают хронометраж. Каждый из героев отдельная яркая личность со своими манерами и чертами. Даже животные отличаются индивидуальностью и изображены как совершенно разумные существа, что очень привлекает. Все персонажи  сложные многогранные личности, раскрывающиеся каждый в своё время и при разных обстоятельствах. Это о мультфильме.  А теперь о фильме.  Меня привело в замешательство то, как сильно урезали сценаристы (или кто там этим занимался, руки бы ему так урезать) оригинальный сценарий. В этом фильме только Первая Книга, по которой создатели пронеслись галопом, не заметив самые важные детали и лишив повествование логики. Всё происходит так быстро, что даже понять ничего не успеваю. Если бы фильм был в жанре «театр абсурда», то несомненно он был бы замечательным образцом.   Почему-то вдруг Аангу тяжело обучаться магии воды, хотя он по мультфильму осваивал её легче и быстрее Катары. Для чего они поменяли этот момент? Могли бы вырезать его, и Синюю маску. Он там вообще, как козе рейтузы: ни рассказа его легенды, ни раскрытия его сюжетной миссии и линии. Вырежьте из фильма всё! И особенно свои фамилии из титров  не позорьтесь!  По части повествования фильм больше похож на историю от крайне плохого (и даже возможно давно забывшего её) рассказчика.  Персонажи и актерская игра  Большое количество индусов и нет китайцев. Не сочтите меня за расистку  просто мир аватара  это Китай. Каждый кадр об этом просто кричит: одежда, музыка, архитектура  продумано до мелочей. В фильме этого просто нет. Индийское кино какое-то, особенно в моменты битв не хватает песен и танцев. Игра актёров удивляет своим равнодушием  все персонажи как один: не интересны, не уникальны, бесхарактерны, угрюмы.  Персонажи:  > Первых, кого мы видим, это Катара и Сокка  сестра  ворчливая, но не зануда, и брат  предприимчивый весельчак с бумерангом и набором плохих шуток. Но таких их мы видим в мультике, а не в фильме. В фильме перед нами предстают никакая Катара и туповатый и угрюмый Сокка, не способный добыть пропитания, который по оригинальной идее остался единственным мужчиной (хоть и 12-ти лет) в своём племени и принял на себя ответственность кормить и защищать Пра-Пра и Катару и обучать маленьких будущих воинов боевым искусствам. К чему было это принижение этих двух персонажей? Попытка сделать их комичнее? Очень неудачная.  > Далее: Аанг  в мультфильме  мальчик из айсберга, который с первых же секунд своего пробуждения начинает шутить над Катарой и веселиться; в фильме  необоснованно серьёзный, лишённый всякого ребячества, монах 7-ми лет, который тут же принимает на себя удар от непонятно почему и когда прибывших людей огня. Продуманный и расчётливый. И совсем не похож на ребёнка, который пробыл в айсберге сто лет и не в курсе, что происходит в мире. Татуировка у него, конечно, красивая, но толку от неё мало. Ну да ладно, на фоне всего прочего татуировка вообще теряется.  > Момо и Аппа С теми технологиями, которые были к моменту съёмок сего шедевра и бюджетом, нельзя что ли было сделать сказочных животных милыми? Тощий бизон с синюшными пятнами на шерсти и абсолютно кривой Момо с мордой, больше похожей на китайского бракованного телепузика. А если присмотреть внимательнее, то у Момо и Аппы одно и то же лицо.  > Принц Зукко и дядя Аэро  эти двое просто зарыты под «шедевральными» образами Шьямалана. Мультфильм: Зукко  обесчещенный и изуродованный собственным отцом  гонится за аватаром, потому что верит, что так он сможет получить милость Лорда Огня (отца), он зол и упрям, не желает никого и ничего слышать, идёт напролом и грезит поимкой аватара. Дядя Аэро  бывший генерал армии огня, добродушный низкорослый пухленький старик, исполненный мудростью и спокойствием. Он единственный, кто остался с Зукко, потому что искренне любит его. Всячески помогая ему в погоне за аватаром, он нередко сам влипал в неприятности. Оба эти персонажа за все три книги не вызвали у меня неприязни. Фильм: Зукко  истеричный подросток, разум которого явно подавлен гормонами. Только и делает, что ноет. Генерал Аэро  высокий моложавый мужчина, который вообще не похож на человека. прожившего длинную и сложную жизнь. Он как будто сам стремится поймать аватара, хотя тот ему никуда не упирался. В общем  испорчены оба безнадёжно.  > Синяя маска. Да, там есть такой персонаж. Абсолютно уродливый, лохматый и в маске, которую слепили видимо из остатков маски дракона с китайского фестиваля и маски куклы Билли из Пилы.  > Адмирал Джао. Кто это вообще? Нет, в оригинале он само собой есть, но там хотя бы мы знаем, кто это и что ему нужно. Здесь он вдруг откуда-то взялся и кое-как пытается руководить. На Адмирала он совсем не похож, действия его нелогичны и непонятны. Писклявый индус (почему-то), не внушающий страха и уважения, ещё и мямлмя периодически.  > Лорд Огня  нарциссичный ханжа, развалившийся на троне, как быдлан в ПАЗике. Совершенно ничем и никак не изображено его могущество, дядя Аэро выглядит куда более серьёзно.   > Принцесса Азула  это та, которая в самом конце на три секунды появилась. Остервеневшая, злобная, властная, хитрая, сильная. Её все боятся. В мультфильме, да. А это что? Индийская невинная школьница? Роль была трёхсекундная, но актриса даже не попыталась изобразить из себя хотя бы стерву. Просто промямлила там что-то невнятное непонятно кому и всё.   Магия.  Титры! Хоть и скопированы с оригинальных, но скопированы красиво. На этом вся магия заканчивается.  Маги огня. Почему-то не могут самостоятельно создавать огонь (в мультфильме это основа их магии  создавать и удерживать его). По фильму их магия зависит от внешних источников  горящих бочек: при такой логике народ огня можно было запросто одолеть в первые дни войны просто залив\засыпав из бочки с огнём. сама магия огня больше похожа на баловство со спичкой и лаком для волос.   Маги воды. Вы вообще знаете, что такое магия? Вот эти пузырьки, которые вы делаете без устали кружась на месте и размахивая всеми конечностями, многие дети выдувают одной ноздрёй.   Вывод. Я рада, что сняли только одну часть фильма и не стали снимать остальные. Не на что смотреть, расходимся.  3 из 10	Повелитель провальных фильмов	0
246	2019-03-17 17:01:00	Розовая пантера	0	0	Из хорошего в этом фильме только знаменитая джазовая мелодия и песня в латиноамериканском стиле.   Ни комедии, ни приключений. Большая часть действия проистекает в номерах одной гостиницы, где творится настоящий «Дом-2», только в аристократической среде. Всё щебечут, щебечут весь фильм. Говорится много, но при этом не будет сказано ничего толкового для ума или сердца. Только и слышится через каждые несколько секунд «дорогая», «дорогой». Поцелуи юной красавицы с пожилым человеком через онемевшие губы. Смехотворный и тошнотворный флирт, насквозь пропахший нафталином, подразумевающий склонность всех курортников, кроме одного честного человека, к собачьему сексу: быстро, суетно, и чтобы со всеми потенциальными партнёрами, невзирая на близкое родство и возрастную дистанцию. И что особенно противно, весь сюжет построен на высмеивании этого единственного честного человека за скудость средств (на деле  средний достаток). Ведь жена изменяет ему с кем угодно из вышестоящих по социальному слою, лишь бы только добрать на сладкую жизнь.   Финал страшен в своём цинизме: подобное притягивается к подобному. Сливки общества преступно объединяются с тем, что тоже всегда плавает сверху, лишь бы только удовлетворить свой каприз ценой чести и достоинства рядового гражданина.		0
247	2019-03-17 16:05:00	Шутки в сторону 2: Миссия в Майами	2	5	Актёры Омар Си (он известен по фильму «1+1» (2011)) и Луис Гусман (он известен по фильму «Путешествие 2: Таинственный остров» (2012)) неплохо справились со своими ролями. Но фильм скучный. Это настоящий телевизионный глянцевый детектив. У фильма сочная картинка, но он скучный, так как много разговоров. Французский полицейский Бааба (Омар Си) и американский детектив Рикардо (Луис Гусман) не могут жить без своих мам. Бааба в расследовании всегда помогает мама. Она хоть и со стервозинкой, но мама Баабы (её играет Биюна) очень умна: так как пересмотрела кучу полицейских сериалов. О чём фильм? О наркотрафике, о том, что полицейские тоже хотят жить богато.  Мама Баабы мечтает о доме с садом, а сам Бааба не хочет бросать маму и переезжать к своей девушке из интерпола. «Напарники»  сколько мощи в этом слове. Но в фильме это комедийный дуэт. Эти напарники везде устраивают беспредел. В фильме не обошлось без мести. Бааба ввязывается в это дело о наркотрафике только, чтоб отомстить за убитого друга. Венесуэлу сделали наркополигоном, так как она сидит в горле у американцев. Майами, Венесуэла, Африка, Франция  от всего этого кружится голова. В фильме пейзажи действительно красивые, но картину всё равно скучно смотреть. Одни разговоры. Когда напарники нарушают всевозможные законы, это тоже скучно смотреть.  Детектив Рикардо (Луис Гусман) говорит важные слова: «Если вместе отдыхать, то вместе и подыхать». Да, напарники сильно сдружились, но в фильме идёт повествовательный образ картинки. Это пошаговый детектив. Глобальная преступная сеть поглотила Майами, но американские детективы поступают только по закону.  Фильм скучный. Точнее он не скучный, он очень европейский французский детектив. Это настоящий французский глянцевый детектив. Картинка очень сочная (особенно дом в Майами).  5 из 10	Фильм скучный из-за бесконечных разговоров	0
248	2019-03-17 15:59:00	Невероятная любовь	0	0	Все типичные шаблоны и приемчики голливудского ширпотреба присутствуют в данном фильме: блевотина друг на друга, случайное выпивание виагры и последующая озабоченность всем и вся, оголения не к месту, осмотр простаты на предмет поисков наркотиков, любитель судебных исков, пощечины любимой девушке, поцелуи для прекращения спора, розыгрыш с амнезией, торт в лицо невесте во время всеобщей драки на свадьбе Не похоже будто я описываю индийский фильм, не правда ли? Так это и не индийский фильм. Ну зато мы увидим в этом кино американских звезд рядом с индийскими. Я думала, что можно потерпеть в таком случае американский сюжет, американских персонажей, американский юмор и американский стиль одежды и поведения. Но нет, тут тоже ждал крупный облом: Сталлоне появляется на такое ничтожно короткое время в фильме, что ради этого не стоило даже в титрах его указывать, а он-то стоит на одной из первых позиций в перечне на Кинопоиске. С Дениз Ричардс та же ситуация, поэтому описывать их игру, как актеров, нет смысла  это просто эпизодические появления, не более того.   Ну может тогда основные звезды нас порадуют больше? Акшай Кумар изображал ловеласа и всё. Никакого двойного дна, раскрытия персонажа или хотя бы параллельных черт характера. Вот Карина Капур порадовала, видимо потому что в этот раз она играла именно то, чем является сама, ее персонаж  это самовлюбленная злобная фригидная девица, которая строит из себя, больше, чем является на самом деле. Постоянно упрекает каскадеров, что они не являются оригиналом, а сама допускает огромную фатальную ошибку на первой же операции. Я когда увидела браслет поверх хирургической перчатки, ошалела, не поверив своим глазам. Но оказывается, на этом будет построено еще с десяток примитивных шуток.   В целом, к данному кино можно относиться только как к стёбу, но я не люблю стёб, я люблю хорошее кино, которым здесь и не пахнет. А романтика и любовь у меня ассоциируется с нечто бОльшим, чем взаимные оскорбления и унижения как в паре Капур-Кумар или игнорирование чувств и инфантилизм как в паре Шивдасани-Арора. Лично для меня обидно, что прекрасные актеры Акшай Кумар, Боман Ирани, Кирон Кхер засветились в этом образчике голливудского ширпотреба. Я смотрела ради них, только за каждого из них и начисляю по баллу этому фильму, итого 3 балла из 10. Согласна с тем, что он «признан худшим фильмом 2010 года на Golden Kela Awards».	голливудская романтическая комедия	1
249	2019-03-17 14:14:00	Инферно	0	4	Писателя Дэна Брауна уважают за его просветительство. Если, например, Умберто Эко рассчитывал, что его читатель уже сам по себе интересуется искусством, историей и литературой, то романы Брауна не требует никакой подготовки. В своем романе «Инферно» он сам объяснит читателю про «Божественную комедию» Данте, чем знаменит Вазари, как не заблудиться в «Карте Ада» Ботичелли и какие символы в портрет великого флорентийского изгнанника заложил Доменико Ди Микелино. Заодно, в романе набросан тур из цикла «Один день во Флоренции».   В отличие от Эко, Браун пишет легко и динамично. Кажется, он дает отличную раскадровку будущим постановщикам. И тем удивительнее, что ему не везет с экранизациями. Из «Инферно» режиссер Рон Ховард убрал практически всю просветительскую надстройку и предложил зрителю очередную стрелялку, которая забывается сразу после финальных титров. Но можно ли экранизировать книгу о Флоренции с Флоренцией на дальнем плане? Лишившись просветительской линии, история Дэна Брауна лишилась своей ауры.   Роберт Лэнгдон в исполнении Тома Хэнкса  робот, действующий по заложенной в нем программе и сам не понимающий, как это работает. Его окружают такие же невзрачные персонажи с сомнительной мотивацией.   Это как раз тот случай, когда лучше перечитать книгу, чем тратить время на просмотр экранизации.   4 из 10	Галопом по Флоренции	1
250	2019-03-17 14:09:00	Снежная Королева: Зазеркалье	3	0	Я часто посещаю показы мультфильмов, так как в моей семье есть дети. Мы стараемся не пропускать ни одну новинку. Вот и очередная снежная королева не прошла мимо нас. И если по большей части, все мультфильмы меня устраивают и все мне нравятся, то на снежную королеву я имею какую-то аллергию. Я ее не переношу на дух. А все почему?  Да потому что технологии уже так далеко шагнули, что можно рисовать нереально реалистичные мультфильмы с мельчайшей прорисовкой, с плавными движениями, яркими картинками. А тут что? Такое чувство, что мультфильм рисовали на бейсике двадцать лет назад и только сейчас получили финансирование на его прокат.   Снежная королева и правда страшная, но не от того, что это персонаж злой, а от того, что она нарисована ужасно. Я бы выразилась так  «Тяп-ляп, лишь бы нарисовать поскорее и сдать, так сожрут». Движение героев какое-то резкое, неестественное. Бэкграунд мультфильма не прорисован, героев просто лепят на какой-то одноцветный тон и так сойдет.  Смотреть подобные мультфильмы мне неприятно и не интересно. Когда из глаз течет кровь, там уже не до истории. Возможно, история неплохая и с моралью, что будет очень полезно детишкам. Но сама картинка отвратительная. Больше я на данный мультфильм не пойду ни за какие деньги.		0
251	2019-03-17 14:07:00	Мылодрама	50	2	Сумел досмотреть всего 4 серий без цензуры и без понятия, как выглядит сериал с цензурой. Я лично не очень одобряю саму по себе цензуру, и если создатели сериала выложили его в сеть без цензуры, то, значит, они хотели донести нечто более свободно и открыто. Что ж, донесли.  Во-первых, обилие никчёмного мата. Простите, но так, как разговаривают герои в сериале, это разговаривают пьяные грузчики, тащащие пианино на двенадцатый этаж, а не офисные работники большого и серьёзного телеканала. Это не выглядит жизненно! В больших компаниях соблюдают хотя бы внешнее приличие, и в сериале все работники телеканала выглядят, как дорвавшиеся до мягких и удобных кресел низкоинтеллектуальное быдло из подворотни. Я не против мата, если это выглядит уместно, но здесь он не уместен и создан чисто для тупого «хохмача».  Во-вторых, полное разочарование от игры актёра Бурунова. Я больше никогда не буду смотреть фильмы только из-за его участия и настоятельно рекомендую это делать остальным. Это посредственный провинциальный актёр, который способен играть «масочки» или пародии без толики своего смысла, но никак глубокого персонажа. Дело даже не в сценарии. Ему сказали сыграть утюг, и он сыграл утюг без всякой подоплеки. Например, у Виктора Сухорукова тоже была такая проходная игра в фильме «Сынок», где он играл «масочки», но у него есть другие интересные работы, а Бурунов, по всей видимости, так из пародий «Большой разницы» не вырос и не вырастет.  В третьих, мне довелось смотреть сериал одновременно с известием скандале, связанным со стримом Горринга  зама гендиректора «Росгеологии»  который показал, что в России на высоких государственных должностях находится низкосортное быдло с околоуголовным прошлым, прям как в фильме. Призываю теперь поржать над этим всю целевую аудиторию быдлодрамы. Вам нравится, если начальник повесит перед вами картину своего голого зада с мошонкой? Вам нравятся бестолковые начальники, взваливюащие всю свою непосредственную организационную работу на секретарш? Вам нравятся если начальник заставляет обращаться к себе, как к римскому императору? Вам это смешно? Отлично, вы тогда отъявленные мерзавцы без капли самоуважения к самому себе.  И ладно если бы сериале подавали надежду, что не все люди такие сволочи, что есть грамотные руководители или порядочный работник. Но нет никакой альтернативы! В сериале все последние мрази, а самый главный отрицательный герой  это герой Бурунова. И самое главное  этот идиот конечно же добьётся в конце успеха. То есть сериал учит  будь идиотом, лезущим в топливный бак с зажигалкой, и ты будешь успешным. Чтобы быть начальником  не надо быть лучшим в каком-то деле и вообще им может любой безмозглый подонок.  С чем всех и поздравляю! Тем, кто очень понравился сериал желаю таких начальников над ними, как Горринг-Анижев, пожизненно, чтобы радовали нас всё время своим весёлым и задорным смехом.  2 из 10	Быдлодрама	12
252	2019-03-17 13:53:00	Капитан Марвел	0	5	В центре сюжете очередной супергерой, которого сразу же кидают в гущу событий из-за, которого попросту скучно смотреть. Главная героиня Кэрол Дэнверс лётчик испытатель вступает в спец отряд расы Кри и летит на бой с расой Скруллов попутно стреляя из своих рук базук. По ходу выполнении одной из миссий героиню сбрасывают на планету С53 (Земля), которая является домом героини. На Земле героиня ловит флешбэки и она решается во всем разобраться. Помимо этого она должна найти на Земле опасный артефакт, чтобы не оно не попала не в те руки.  Героиня Бри Ларсон получилась очень скучным персонажем, история персонажа очень сухая и подаётся только через уст других людей. Сама игра актрисы очень слабая, на протяжении всего фильма актриса стоит в героической позе со своим каменным лицом. Сопереживай такому персонажу попросту не получается.  Из героя Самуэля Джексона сделали клоуна, лично я привык видеть его героя суровым руководителем, но все же его игра хороша. Смена характера его персонажа схожа с Тором в Рагнареке. Ах да, Ник Фьюри очень любит кошек и сюсюкается с ними.  Внезапную роль играет кот, кот получился хорош и вызывал хоть какие то эмоции. Однако этот ход является в своего рода спасением для этого фильма, так как многие любят кошек.  Экшн фильма хорош по традициям Марвел. Скоро тема про космосы всех надоест, если не будет хорошей истории.   В общем фильм получился скучным и пустым.  5 из 10	Могли лучше снять.	3
253	2019-03-17 13:34:00	Человек-паук: Через вселенные	31	1	Каждый сходит с ума по-своему, но киноделы последнего времени уже утомили в этой гонке за толерантность. И дело не в мальчишке, нет, дело в других вещах данной картины, о которых я буду писать ниже. Мультфильм не плохой, если бы не дурацкая пропаганда, дурацкое навязывание своих стандартов на плечи несчастных детей, которые еще не могут оценить и четко понять, что хорошо, что плохо, что принесет положительные результаты, а что может серьезно навредить в жизни.  Итак, первое разочарование этого мультфильма это обеление бандитизма в США. Я не буду называть явки и пароли, чтобы не спойлерить. Но вас ожидает интересный сюжетный поворот, который будет говорить  даже поганый наркодилер может быть отличным парнем. А я так скажу  нет не может, в жизни такие люди убивают детей, торгуя белым ядом. И я не хочу, чтобы вы навязывали эту идиотскую идею моим детям. Я хочу, чтобы они отличали белое от черного, чтобы не было серого в таких принципиальных вопросах.  Следующее разочарование, это то, что они сделали с первым человеком пауком. Знаете, чтобы уж точно не было шанса вернутся обратно, к истокам и классике. Это было мерзко и неприятно. Опять в погоне за толерантностью, люди сами себе же режут вены. Мерзко.  Так же в этой всей неразберихе между белыми и черными постоянно идет спор, чем же отличаются образованные черные от белых. Утверждается что ничем. Но вот в этом мультфильме я вижу сленг черных. Я вижу, что из уст образованных, порядочных афроамериканцев льется черный сленг. Простите пожалуйста, но такие двойные стандарты меня не устраивают. И я не хочу, чтобы мои дети, посмотрев этот мультфильм, перенимали эти поганые словечки. Нам итак достаточно слов паразитов в речи, еще не хватало собирать сленг чужой культуры.  Мультик нарисован красиво, качественно, много смешных шуток. Но вся эта пропаганда меня не устраивает, я смотреть подобные шедевры не хочу и не рекомендую.  1 из 10		10
254	2019-03-17 13:11:00	Капитан Марвел	0	5	Друзья являясь в некоторой степени фанатом кино вселенной «Марвел», само собой пошел посмотреть это творение от если не ошибаюсь первого режиссера женщины. Видимо решили пойти по абсолютно успешному пути компании «DC» с их «Чудо женщиной», но на мой субъективный взгляд попытка «Марвел» сделать свою «Чудо женщину» провалилась.  Постараюсь объяснить почему:  Дело в том, что у всех предыдущих сольников «Марвел», у главного героя всегда была четкая и выверенная линия, взять например «Доктора Стрэнджа», он был сначала врачом, дальше попадает в аварию, теряет руки, ищет способ их восстановить, в результате находит совершенно другую силу, обучается ей и становится верховным магом.  У «Железного человека» была своя линия, гений Старк разрабатывает оружие, зарабатывает миллиарды, случайно попадает в плен, где видит, последствия своей беспечной работы, перерождается внутренне, сбегает, ломает систему и решает защищать мир.   У «Капитана Америка» так же четкая линия развития персонажа, парень патриот, хотел на войну, даже посредством хитрости, но его не брали, в итоге все равно попадает, становится подопытным, превращается в супер героя и начинает спасать США.  К сожалению у «Капитана Марвел» логика при построении это линии отсутствует везде.   Вас сходу бросают в гущу событий, иногда давай некоторые комментарии на ваше вопросительное лицо в коротких флешбэках.  Это выглядит примерно так, если бы вам стали показывать «войну бесконечности» с места где Танос сражается с мстителями на Титане. Кто такой Танос? Как он собрал все камни? Как они все оказались на этой планете, почему сражаются? ГДе остальные мстители? Сразу миллион вопросов, согласны?   И здесь тоже самое, зрителю говорят вот есть герой, на какой-то планете, с виду человек, но нет, она Кри, и обладает супер силой и сражается со Скруллами.  Кто эта женщина? Почему она Кри? Кто такие Кри и Скруллы? Почему они сражаются? Как она получила супер силу. на эти и другие миллионы вопросов, нам от части отвечают в дальнейших диалогах и флешбеках, но из-за того, что нет четкой линии, у зрителя в голове начинается собираться хаос и он постоянно теряет связь с логикой и происходящим на экране.  в Фильме так же присутствует множество ляпов, ошибок и не состыковок, которые еще больше усугубляют хаос головного мозга.  Главная герой не раскрывается, мотивы его не понятны. Весь фильм она только и делает, что пуляет из рук.  Зрителю не дают прочувствовать связь героя и его силы, мы не увидим как она ее постигает, как она ей обучается, понимает, что она может, а что нет, и в конце концов осознав, кто она и что она, принимает ее и выходит на новый уровень.  Сама Бри Ларсон мне в целом понравилась, местами можно было сказать, что у нее лицо как у Шварцнеггера в «Терминаторе», но в целом она живая и активно играет лицом.  Сэмюэл Лерой Джексон просто топчик!  можно сказать, что он тащит весь фильм, на себе и на своем юморе, который кстати всегда к месту и разбавляет то, что творится на экране.  Фил Колсон представлен как агент новичок, только вступивший в «Щит»,получил минимальное количество экранного времени и для сюжета ничего не сделал, сразу хочется задать вопрос, вы его туда вставили просто, чтобы было? Другого объяснения я не нахожу.   к сожалению вынужден поставить:   5 из 10  Фильм очень слабенький и так не понятно было МАРВЕЛ или МАР-ВЕЛЛ?   Кто на косячил опять локализаторы?	Так МАРВЕЛ или МАР-ВЕЛЛ ?	4
255	2019-03-17 11:06:00	Дневник Бриджет Джонс	0	1	Решила посмотреть из чистого любопытства: что может быть общего у этого фильма с потрясающим кинороманом «Гордость и предубеждение», кроме участия в нём Колина Фёрта и фамилии одного из центральных персонажей?   Несмотря на моё восхищение талантом К. Фёрта, способного создавать на экране запоминающиеся, глубоко трогающие душу, интересные, красивые образы, способные сделать привлекательной почти любую историю, эта комедия оказалась одним из немногих кинопроизведений с участием Фёрта, которое я не смогла посмотреть полностью.   С самого начала главная героиня вызвала во мне сильнейшее и непреодолимое отвращение. Я надеялась, что хотя бы один другой персонаж меня хотя бы развеселит (комедия же?). Но  нет. Лишь удовольствие видеть в кадре единственного симпатичного героя  конечно, Дарси, с его непередаваемым обаянием  заставило меня дотянуть до конца, постоянно перематывая скучные и пошлые сцены, в которых я не нашла ни малейшего юмора (вульгарный костюм зайчихи на БД  это смешно?).   Марк Дарси был чудесным  здесь я прошу у актёра прощения за такой резко отрицательный отзыв о фильме, к которому сам он относится хорошо Что ж, он не обязан угождать лично мне выбором репертуара. Тем более, ему идёт любая роль. И в «Дневнике БД» он был, как всегда, совершенством (в сцене с омлетом, с дракой, первая встреча, финал).  О финале, кстати, отдельный разговор. Рискуя навлечь гнев поклонников этой несмешной комедии, признаюсь: поцелуй главных героев вызвал во мне такое чувство, словно Дарси на моих глазах съедает жирную белую гусеницу, ничуть не меняясь при этом в лице Это был подвиг   И, разумеется, я не верю в правдивость данной истории. Ничтожество, не способное ни к малейшей работе над собой, требующее от окружающих, чтобы её «принимали такой, какая она есть», при этом смеющее оценивать критически «свитера и бакенбарды» джентльменов, называя их «оленями», вообще замахивающееся на мужчин, которые уж точно ей не по размеру (тот же начальник, хотя мне не нравится Хью Грант)  Не знаю, что там дальше было (есть же вроде продолжение), но сомневаюсь, чтобы у БД получилось удержать такую роскошную добычу надолго Ну не сможет такой мужчина долго находиться с существом женского пола, если оно воплощает в себе одни из самых неприятных качеств: полное отсутствие женственности, глупость и недалёкость, перечислять дальше нет смысла Может, изюминка как раз в том, что здесь прекрасный принц достаётся не привычно милой, доброй и мудрой девушке, пусть и неброской внешне и небогатой, но с прекрасной душой, а такой вот уродливой пародии на Золушку?  А если я не права и в продолжении речь пошла о том, что БД и Марк Дарси, способный «любить её такой, какая она есть», живут себе счастливо и безоблачно, вопреки моему низкому мнению о героине, то о чём тогда вообще снимать дальше?  Одним словом, кинолента вызвала такой приступ тошноты, что   1 из 10	Красавец и Чудовище	1
256	2019-03-17 09:46:00	Т-34	7	3	Очень агрессивная реклама и свободное время в январские праздники сподвигнули меня на поход в кинотеатр на ленту «Т-34». Фильм рассказывает о подвигах советского танкиста Ивушкина в исполнении Александра Петрова на фронтах Великой Отечественной войны.  Ничего зрелищного, ошеломляющего или запоминающегося в этом кино я не увидел. Основа и главная тема этого фильма  танковые баталии  лишь навевают скуку. Всё происходит вяло и нудно. Графика с полётом снарядов ситуацию не спасает. Уж батальные сцены можно было снять динамичнее. В самом главном  провал!  Мне не понятно, зачем произведение про войну сделали с уклоном в юмор, шутки и прибаутки. Но даже не это главное. У меня возникло ощущение неуместности и вымученности всей это забавности. В итоге получилась мешанина из драмы, блокбастера и комедии. Плохая попытка угнаться аж за тремя зайцами. Не вышло!  Операторская работа  Не фильм, а сладкий сон косметолога. Мне было неприятно смотреть на лица героев крупным планом во весь экран кинотеатра, да ещё на протяжении двух с лишним часов. Зачем надо было так снимать  непонятно.  Общие впечатления  Кино не захватывает вообще. Очень надуманной показалась любовная линия главных героев. Запомнилась статичность героини в исполнении Ирины Старшенбаум, хотелось от женского персонажа какой-то яркости, а её не было. Из всего актерского ансамбля хочу отметить только немца Клауса в исполнении Винценца Кифера. Сыграл прекрасно, эмоции вызвал только его образ.  Приторно-романтичной и неинтересной получилась концовка, после неё совсем пропало ощущение, что я смотрю военно-драматическое произведение. Совершенно не по делу затянут хронометраж, почти два с половиной часа.  Самое грустное, что я могу сказать о кино  не интересно смотреть. Это тот случай. Только за полёты танкового снаряда и немца Кифера  3 из 10	Глухо как в танке	17
257	2019-03-17 09:08:00	Проигранное место	1	2	Городская легенда  купишь билет в кино на определенное место и сдохнешь! Группа школьников идет в кино, смотрит фильм, а потом один за другим они начинают умирать. Тупыми и бездарными смертями, полностью соответствующими самим школьникам.  «Проигранное место»  еще одна попытка снять отечественный хоррор. Попытка. Не более. Фильм идет полтора часа, в центре внимания  целая группа молодежи (человек 8-9), которые травят байки у костра, ведут себя как самое натуральное быдло, ржут с голых задниц, издеваются над одноклассниками и не имеют абсолютно никаких устремлений и увлечений. Надеюсь, что не все современные школьники такие, ибо те, что представлены здесь  это сборище кретинов и дур, которым ты не сочувствуешь ни капли. Поведение быдла, лишенное морали и этики вызывает отвращение, если честно, и при просмотре про себя ты думаешь  «боже, поскорее бы их всех уложили, да расправились с инми пожестче, ибо милосердия они не заслуживают». Типичные малолетки, бегающие стаей и готовые стаей загрызть (не физически  морально) сверстника  Они никчемны и ущербны. Обычно девчонки приносят на физкультуру справку об освобождении  а тут парень. Позорище! Никогда я не видел во время учебы в школе, чтобы парни бежали в одно время или еще медленнее с девчонками. Никогда! Если только девчонки не занимались легкой атлетикой. На уроке они сдают зачет на скорость и бегут, извините, болтаясь как какахи в проруби -вальяжно, неспешно, выражая свое «фи» не только физкультуре, но и всему процессу обучения (что подчеркивается и во время других уроков). В этом большинство современных учеников  побольше лайков в соцсетях и поменьше мозгов в голове  «идеальный» гражданин!  90 минут невразумительных диалогов и минимум жертв. Опять же, если учитывать количественный состав группы школьников  за это время можно бы было покрошить в винегрет большую их часть, устроить настоящую резню, разнообразить смерти, устроить изощренные пытки, но вместо этого унылое перепинывание сюжета из стороны в сторону, масса ненужных сцен, из-за которых от повествования несет нудятиной. При всем при этом было совершенно глупо представлять в кадре столь большую компанию, если ты не хотел/хотела пустить им всем кровь. По ходу фильма часть героев попросту отваливается и выводится из сюжета  на кой черт они тогда вообще были нужны, можно бы было их просто и безболезненно убить! И сделать это уже на 10-й минуте фильма, чтобы задать необходимый ритм! Их устранение было бы обоснованно, если бы кто-то из группы был убийцей, как это было во втором «Крике», когда зрителя познакомили с героями, а маньяка затем плавно увели на далекий третий план.  Что за идиотское следование западному кино-стереотипу? Молодые люди лезут на кровать в обуви  у нас так не принято, у нас обувь снимают на пороге, мать вашу! Что за тупые сцены с миньетом в машине и мастурбацией на фото одноклассницы? Режиссер открыла для себя серию фильмов «Американский пирог» и «Муравьи в штанах»? Для нашего кинематографа (если это не сортирный юмор в стиле «Самого лучшего фильма») подобные эпизоды вообще нетипичны и чужды. Это как белая ворона в среде обычных ворон. Популярная тенденция в хоррорах  нужно обязательно раскопать чью-то могилу. Окей, ребята! Возьмите лопаты в руки хоть раз  штыковые и совковые и попробуйте раскопать (нет, не могилу!) яму по размерам сопоставимую с той, что роют на кладбищах  удастся сделать это за час? Два? Может за три? Уже за полчаса непрерывного копания ваши руки покроются мозолями, спина перестанет разгибаться и со лба сойдет не один пот. Если честно, всегда бесят в кино моменты, когда обыгрывается некая ситуация, о достоверности которой создатели фильмов совершенно ничего не знают.  Очевидно, что режиссер понимала, что фильм получится никчемным, потому и включила в одну из стартовых сцен фразу одного из героев  « А ты так хочешь быстро посмотреть фильм, написать рецензию со своими тупыми идеями» На мой взгляд  это прямой плевок в зрителя (в того, кто пишет отзывы) и явная насмешка над теми, кто критикует. Ну что ж Пусть так, тем более, что фильм  откровенная бредятина. А так, быдло получило по заслугам.  Впрочем, смотреть Вам. Свое мнение никому не навязываю.  Приятного просмотра.  2 из 10	Быдло получает по заслугам или «мы пишем рецензии со своими тупыми идеями»	1
258	2019-03-17 08:12:00	Рассвет	2	4	Что может быть страшнее современного отечественного кино? Только современные фильмы ужасов. История «Рассвета»  это история 20-летней девушки Светы, на глазах которой произошла ужасная семейная трагедия. После случившегося она пытается разобраться в причинах и каждую ночь вынуждена страдать от ночных кошмаров. Чтобы от них избавиться, Света отправляется в НИИ сомнологии, чтобы попытаться излечиться от кошмаров и найти ответы на свои странные сны.  С одной стороны идея «Рассвета» неплоха и тема сна, вообще, весьма привлекательна для киношников, ведь подобному этому состоянию, она раскрывает широкие возможности для творческих идей. Здесь и Фредди Крюгер со своим «Кошмаром на улице Вязов», и «Начало» с концепцией внедрения, и «Клетка» с поисками маньяка  словом, сколь безграничны возможности человека во сне, столь масштабен и выбор. Кстати в «Секретных материалах» в третьем сезоне есть серия, где ветеран войны во Вьетнаме во время сна покидал свое тело и в облике духа убивал. То есть на самом деле  придумывай не хочу.  Создатели «Рассвета» попытались пойти по тому же пути, однако вышло не очень. Слишком долгий пролог повествует о таинственной секте, поклоняющейся демону сна, которому нужен проводник в наш мир, чтобы установить здесь хаос. Зрителю впихивают информацию о поселке «Рассвет», где обитала секта, Света находит у брата в квартире массу газетных вырезок об этой общине и их массовом исходе с нашей земли и здесь логично предположить, что главная героиня отправится в тот поселок, чтобы попытаться выяснить причины случившегося с братом, узнать больше о своей матери, проживавшей в «Рассвете» Однако на деле все ограничивается газетными заметками, а повествование перетекает в проблемы ночных кошмаров девушки и погружение в сон.   На мой взгляд столь резкий переход с сектансткой темы на лечение от кошмаров посредством сна стал бы более плавным, окажись Света во сне именно в поселке «Рассвет» и начни поиски истины там  ну идеальное же развитие событий! И в таком формате можно было бы устроить самый настоящий квест с подсказками, ложными ходами, угрозами от представителей секты, их охотой на девушку и прочими элементами. Пугающий населенный пункт с полуразрушенными домами, место идолопоклонничества тех, кто является последователями сектантов, мрачные местные жители, явно что-то скрывающие или к примеру поклоняющиеся таинственному демону сна, как это было в «Дагоне»  придумай продолжение, начни развивать тему, пораскинь немного мозгами, ан нет.  Вместо этого Свету и еще троих незнакомцев (кстати, по какому критерию отобрали именно этих людей?) пригласили на эксперимент и пообещали, что они окажутся в удивительном месте  общем сне. Сеанс сна, называемый терапией сродни сеансам лоботомии из «Острова проклятых», где психически нездоровых людей пытались лечить, просверливая им головы. Ребята, серьезно? Терапия подразумевает лечение человека от чего-то, а не усиление их страхов путем погружения в то, от чего они пытаются избавиться! Или замысел такого лечения заключается в том, чтобы столкнуть человека и его самый жуткий кошмар лицом к лицу? Бред. А где доказательство того, что после пробуждения кошмар не выберется за пределы сна и не станет явью или что человек проснется трёхнутым на всю голову и возомнит себя таким же монстром или еще что?  По идее, фаза быстрого сна под стать своему названию является непродолжительной. Именно в нее, по словам организаторов сеанса помещают группу. Фазы быстрого сна составляют 20-25 % ночного сна, около 90-120 минут, одна фаза длится 10-20 минут и чередуется с фазой медленного сна. То есть логично предположить, что либо участников терапии погружали все таки в медленный сон (значит налицо нестыковка с сюжетом и невнимательность тех, кто прописывал сценарий), либо фаза быстрого сна, в которой они погружались на самом длилась 10-20 минут. Но судя по событиям, описанным во сне  все это дело заняло явно не треть часа, а гораздо больше.  И все же, почему в группу набрали именно этих людей. Во сне кратко зрителю поясняют с какими сновиденческими страхами они сталкиваются и это хорошо, здесь как бы обыгрывается тема того, что беспокоит людей, на чем они зациклились, за что испытывают угрызения совести. Однако оказавшись в одном общем сне они по идее должны стать командой, чтобы преодолеть трудности, а не сходить с ума, устраивая забеги и охоту по пустым коридорам. Раз уж снам уделена была солидная часть сюжета, можно бы было обыграть смешение страхов, чтобы каждый герой оказался во власти того ужаса, который беспокоит другого. В общем, снова есть идеи для развития, но они бездарно провалены.  Неясным остается финал, ведь по ходу фильма ведут постоянно одного человека  Свету, а затем ее роль списывают на второй план, представляя как бы неожиданный финал, связанный с пресловутым демоном сна и его проводником в наш мир.  Типичные скриммеры, типичные темные коридоры, постоянно звучащая напряженная музыка, без которой ряд сцен обошелся бы идеально (не понимаю, зачем ее пихать было в сцену с погружением в сон, ведь в этом эпизоде не было ничего нагнетающего) и декорации, словно из 90-х годов с ламповыми мониторами и техникой, явно прожившей уже несколько десятков лет. И еще по музыке  было бы еще более атмосферно и пугающе, если бы во сне ее не было. Вообще. Передвижения героев в тишине, в какой-то момент даже они перестают издавать шорохи, тишина усиливается, превращаясь в тягучий туман, за которым ничего не видно Плюс финальная песня на титрах  господи, какой шлак сегодня выпускают отечественные звукозаписывающие студии! В какой-то момент однотипных композиций от как бы певцов и певиц (а скорее недопевцов и недопевиц) стало так много, что этими исполнителями заполонили все и кровь готова из ушей литься рекой, когда слышишь это убожество  Впрочем, смотреть Вам. Свое мнение никому не навязываю.  Приятного просмотра.  4 из 10	«Страшнее» фильма нет	3
259	2019-03-17 02:41:00	Покидая Неверленд	1	5	Четыре часа безудержного «веселья» ради попытки осознать почему этот фильм вызвал такой общественный резонанс. Безусловно, я понимаю, что автор не ставил перед собой задачу развлечь зрителя. Однако, на мой взгляд, слишком монотонно и затянуто. Всю эту картину вполне можно было бы сократить раза так в два, и тогда это было бы на несколько уровней выше.  Верю или не верю?! Однозначного ответа у меня нет, как, собственно, не было и раньше. Ничего нового фильм для меня не открыл. Кроме того, передо мной стоит тот же вопрос, что и перед всеми: если правда, то почему так долго молчали? Герои всячески изображают из себя жертв и при этом оправдывают свое молчание. «Я скрывал его домогательства в 22 года, потому что не считал, что меня он насиловал. Я думал, что это любовь». Чувак, ты серьезно? С какой ты планеты, если ты в около 20-ти летнем возрасте не знаешь, что такое педофилия?!   Деньги и слава?! Детская психика, конечно, дело тонкое и не мне в это лезть. Но погоня за популярностью и сопутствующий ей материальный достаток способны лишать рассудка. Думаю, что именно этого в определенный момент времени захотелось «искренне» сожалеющим матерям. Ради чего они согласились «кинуть» своих детей в объятия Майкла. Не знаю, кинуть в действительности в подростковом возрасте, или же кинуть фиктивно сейчас. «Сегодня первый день конца моей жизни»,  сказала мать одного из героев, после того как Майкл предложил переехать им в штаты, поближе к нему.  Поэтому для меня этот фильм не о Майкле, и даже не о детях, а о родителях, которые ради осознания собственной значительности готовы поступиться собственными детьми.   СМИ пестрят заголовками «Гений или педофил?» «Великий артист и при этом педофил?» А разве одно взаимоисключает другое? Майкл Джексон гений, ибо он в своё время сделал для музыки то, что не сделал никто. И он же ВОЗМОЖНО педофил.   5 из 10	«Leaving Neverlend» = Зелёная тоска	0
260	2019-03-17 02:21:00	Покидая Неверленд	135	0	Мама-сей, мама-са, мама-куса, Мама-сей, мама-са, мама-куса, И-хи-хи  Покидая Неверленд  Было много эмоций после просмотра данного четырехчасового документального фильма. Пришлось даже пересматривать «Старикам тут не место», чтобы хоть как-то отвлечься и успокоиться. Сейчас, вроде бы пришел в себя, захотелось высказаться. Обещаю, материться не буду, хотя это вполне нормально, когда видишь такое  Что такое Неверленд? Личный Диснейленд Майкла Джексона. Различные аттракционы, зоопарк, кинотеатр и т. д. Туда частенько возили детей. Для чего он нужен был самому Майклу? Создатели фильма утверждают, якобы Майкл насиловал детей. Так как режиссер Дэн Рид плохой документалист, мы услышим однобокую историю от двух жертв Майкла.  Оба парня (уже взрослые мужики) на полном серьезе говорят, что Майкл часто оставался с ними наедине и творил сексуальный изврат по полной программе. А еще у него были фотографии, видео с порно и т. д. Напомню, все обвинения в адрес Майкла  остались просто обвинениями, не смогли найти достаточно улик, чтобы его посадить. Но обвиняли его другие товарищи, главные же герои (вроде как) защищали (врали), потому что любили Джексона.   Вы только посмотрите на то, как они его любят. Бедные и несчастные. Изменял он им с Калкиным, тьфу! 10 лет уже прошло после смерти певца. Пожалуйста, дорогой Джексон, вот тебе подарок  документальный фильм, где мы признаемся, что ты наш насильник. Господи, в этом мире еще остались люди или все превратились в животных? Деньги, деньги, деньги. О покойных либо хорошо, либо никак, либо деньги. Выбираю третий вариант. Блин, опять придется слушать Томми Ли Джонса из того фильма про стариков, где им нет места  Вам может показаться, если я пишу отрицательную рецензию, то закрываю (как слепой фанат) глаза на состояние Джексона. Нет, это не так. Я все прекрасно понимаю, с ним явно было что-то не то, миллион концертов (кстати, судя по словам этих двух, Майкл у нас не работал, целыми днями занимался сексом в Неверленде, когда все успевал, фокусник), миллион операций. Конечно, его психика нарушена. Никто не смог бы быть нормальным.  Но, Робсона и Сэйфчака вообще не жалко. Поэтому и становится страшно. Мужики рассказывают свою историю, как будто не было трагедии (если бы она действительно была, молчали  возможно). А когда слушаешь матерей, то становится безумно смешно. Присосались к Майклу. Катались вместе с ним. Он их обеспечивал. Одна мамаша даже забила на больного мужа, лишь бы сыночка продать подороже.   Томми Ли Джонс и Коэны, я помню! Нет, вы представьте. Такое не представить. Я представлю. У меня есть любимая женщина, она мне родила ребенка  наш плод совместной любви. Ко мне приезжает Майкл и говорит  «Слушай, я твоего ребенка заберу на недельку, вы там занимайтесь своими делами». Да он у меня через минуту будет валяться с разбитым носом, поедет снова делать операцию. И плевать, что самый любимый певец.   Эти же животные  продали свой плод любви с потрохами, абсолютно. Здесь даже уже не стоит вопрос  Верю или не верю? Я все равно буду на стороне Майкла. Что ты за мать? Ой, какое горе, я не замечала, кошмар. Не ври, ты бы сразу узнала. Да и поведение самих детей, они не замкнутые, плясали там на сцене. А-а-а-а! Ладно, бесполезно. Возненавидел людей еще больше. Майкла до сих пор обожаю, как музыканта.   Получилось очередное содрогание могилы. Содрогание могилы  не фильм. Однажды я поставил ноль с половиной. Поздравляю, впервые в истории моего киноманства, умудрились упасть еще ниже.   P.S.  И тут я проснулся (с) Томми Ли Джонс «Старикам тут не место»  0 из 10	Мои фильмы из помойки!	120
261	2019-03-17 00:12:00	Тобол	7	1	Только что вернулся с фильма, моему негодованию просто нет предела. Несмотря на то, что потратил на него деньги, желание встать и уйти из зала после очередной нелепой и абсолютно нелогичной сцены возникало не раз и не два. Да простит меня Дмитрий Назаров, замечательный актёр, который вытащил весь фильм, честь ему и хвала, если бы не он, я ушёл бы не досмотрев и середины. Но остальные актёры  Я не знаю, товарищи, может дело не в них, может это сценарий такой или режиссёр так постарался, но это просто какой-то ужас. Я допускаю что сам далёк от кинематографа и как бы не мне судить их труд, я лишь выражаю своё впечатление от увиденного. Создалось абсолютно чёткое ощущение, что я смотрю не историческую драму, а какой-то треш на тему Петровской Руси. Не вижу смысла описывать весь тот абсурд, что происходил на экране, скажу лишь только, что Викинг и Коловрат в сравнении с этим «ШЕДЕВРОМ» по части клюквы и бреда расставленных невпопад и рядом не стояли. Сюжет плоский и простецкий как дважды два никакой интриги, нет сопереживания героям.  Раньше я хотел чтобы подвиги русской армии, такие, например, как персидский поход полковника Карягина 1805г., были удостоены экранизации, но теперь я думаю, что лучше будет если о них не снимут очередной нелепый фильм за который потом будет стыдно.  Не советую вам тратить свои деньги на данную картину, очень жаль, что до фильмов советского уровня нашему кино ещё расти и расти.  1 из 10   (я бы поставил -10 если это было бы возможно)		20
262	2019-03-16 21:40:00	Твин Пикс	2	0	Я лишь недавно открыла для себя сериал «Твин Пикс» и, как и многие, влюбилась в него сразу же. Я думала, мне очень повезло, что все сезоны уже сняты, и я смогу посмотреть все целиком, без мучительного ожидания, через которое прошли многие фанаты. Но не просто так первые два сезона отделены от третьего на Кинопоиске. Дело не в годах. Просто это реально разные произведения.  Посмотрев пилотную серию, я слегка разочаровалась, что там мало старого доброго Твин Пикса, но предвкушала, что будет дальше. После второй серии я уже начала злиться, потому что Линч стал примешивать все больше и больше сюжетных линий, задавать все больше вопросов. Но ведь я знакома с Линчем, это в его духе, ответы, пусть и не очевидные, будут в конце,  думала я. Третья серия  уже откровенно бесит этот бессмысленный трэш. Середина четвертой серии  я сдалась.  Почему?  1. Дело не в том, что я люблю, чтобы смысл произведения мне подавали на блюдечке. Я люблю поразмышлять, я люблю поискать толкования загадок из фильмов. Но для этого всего нужен хоть какой-то смысл. А здесь его как будто нет, и, насколько я поняла по остальным отзывам, продолжив смотреть сериал, я бы просто наблюдала всю эту вакханалию 18 часов, а не 3,5.  Это не Малхолланд Драйв, который, пусть и не очевидно, является завершенной историей. Это даже не Шоссе в никуда, там был хоть какой-то смысл и подтекст. Это  лоскутное одеяло, куда Линч нарезал все, что когда-либо снимал, все, что ему нравится, все, что когда-либо приходило ему в голову. И вот это больше всего раздражает. Чтобы хоть немного приблизиться к пониманию третьего сезона, нужно быть большим фанатом Линча, посмотреть все его произведения, а также сиквелы и приквелы и все на свете, что касается Твин Пикса. И не факт, что вам это поможет. А если я не готова тратить на это полжизни?   Создается впечатление, что Линч снял это для себя, а не для зрителя. Это неприятно.  2. Вышеперечисленные произведения я смогла посмотреть, потому что они красивые. В них все почти идеальное  люди, их макияж и прически, мебель, кофе, пепельницы, лампы  каждый элемент  это часть этого образа, мистической атмосферы, которая притягивает, заставляет смотреть, не отрываясь. Именно это привлекло меня и в первом Твин Пиксе.  Но третий сезон мерзкий. Серьезно, в нем много гадости, уродливые люди, расчлененка, какое-то нечто в этом Вигваме, эта ужасная женщина с зашитыми глазами и много-много другого, отчего мне, как нормальному человеку, становилось не по себе. Именно поэтому я бросила смотреть. Не потому что я такой глупый и неблагодарный зритель, а потому что для меня это стало настоящим насилием над собой.   Это субъективный отзыв, но он искренний. Я считаю, что не стоит превозносить автора, даже если он раньше делал достойные вещи, если в этот раз ему это не удалось. Если для предыдущих произведений были найдены объяснения, то для этого нет.   Кто-то может сказать, просто отключи мозг и смотри, наслаждайся. Вот только я не насладилась. Мне было противно.	Остапа понесло	4
263	2019-03-16 20:14:00	Капитан Марвел	0	0	Для героев комиксов и фильмов тоже создают бренды, также как и для обычных компаний. Во-первых, потому что это выгодно: чем больше комиксов, тем больше продаж. Во-вторых, и главных, мы все разные и не всем нравится Супермен, каким бы правильным он ни был.  У героев комиксов множество атрибутов, которые их отличают от конкурентов. Например, супер способность, костюм, история происхождения.  Вам скорее понравится тот супер герой, чьим качеством вы бы хотели обладать. Именно поэтому самым важным атрибутом является характер и производные (манера говорить, вести себя с окружающими и т. д.)  Например, железный человек (Тони Старк) публично объявляет, что он Железный Человек и тешит свое эго. Человек-паук  это тинейджер, который рискует, прыгая по крышам, и хочет быть полезным обществу. А Халк, то есть Брюс Беннер, скромный застенчивый ученый, в котором живет необузданное чудище невиданной силы.  В общем, выбирай на любой вкус.  И совсем недавно, мы стали свидетелями того, как Марвел потерпел сокрушительное поражение именно на поле брендинга. От DC, конечно.  Капитан Марвел задумывался во многом в противовес Чудо-Женщине, которая имела оглушительный успех. Фильм действительно клевый, но ещё он попал в тренд.  Марвел решили наверстать упущенное, но не могли сделать просто фильм про женщину супер героя. Потому что одна уже есть. И с ней точно будут сравнивать. Значит их «амазонка» должна чем-то отличаться.  Если вы смотрели «Чудо-женщину», то помните насколько элегантно её сыграла Галь Гадот. Платья, макияж, костюм амазонки, кнут, манера говорить  идеальная атрибутика для доминирования над мужиками и разрушения гендерных стереотипов.  Марвел же специально взяли неклассической внешности актрису, засунули её в джинсы с кожаной курткой, наградили дерзким юмором и посадили на мотик!!!. Ну то есть все то, что обычно делают мужики. И буквально написали на лбу «Я борюсь с гендерными стереотипами».  Это слишком топорно. И это провал. DC настолько филигранно показали силу женщины и раскрыли героя, что у Marvel не было шансов изначально. Они не могли сделать то же самое, потому что их бы засмеяли, но и вариантов для выбора архетипа у них не оставалось. И они награждают её архетипом Бунтаря. То есть фактически лишают четкой мотивации. Идеально для аллегоричной борьбы против гендерных стереотипов и катастрофично для создания самого сильного героя киновселенной.  Именно поэтому «Капитан Марвел»  проходная картина, просто приквел к Мстителям с совершенной безликой игрой главного героя, прямолинейным сюжетом, скучными спецэффектами, но милой отсылкой к Стэну Ли.  Возможно, в будущем ей дадут-таки какую-то мотивацию, но пока это просто имба по случайности. Как-то стало страшно за Endgame.  А для тех, кто создает бренды здесь кроется важный урок. Если вы успели занять архетип, который идеально подходит для вашего продукта, то у конкурентов не будет шанса, кроме как выбрать другой. А значит, они будут заведомо в слабой позиции. Что мы и увидели на примере Marvel и DC. К счастью для первых, это вряд ли отразится на кассовых сборах. Но это точно не заслуга режиссера и сценариста или позитивных отзывов. Это просто приквел к Войне Бесконечности: Endgame. Которую мы ждем с нетерпением.  Всем желаю добра и побед!	Как Марвел провалили брендинг	4
264	2019-03-16 19:59:00	Хочу съесть твою поджелудочную железу	5	3	Подросток-аутист, полностью отрицавший необходимость социализации и поэтому живший только миром книг, внезапно стал интересен своей однокласснице (разумеется, хорошенькой, иначе, кто бы стал на это смотреть!?), которая настойчиво добивалась дружбы с ним (кстати, подросток тоже вполне себе анимешной внешности, и всё это вместе  очень-очень большое сказочное допущение). Мальчик последовательно и настойчиво уклонялся от развития отношений, поэтому выглядел в сущности, как полный дебил. Тут даже не японская выдержка и дисциплинированность, а явная психопатия на грани патологии: девка на шею вешается, лезет к нему в постель, всячески соблазняет, но он ведёт себя, словно бездушный робот. Повторюсь, по сюжету это не сильный волевой человек, способный руководить свои эмоциями, а редкостный дрищ и аутист. Это нелогично, как минимум, или же надо было сделать данного персонажа латентным педерастом, что бы отчасти объясняло его равнодушие к барышне.  Вообще тут много нелогичного. Например, девочка спрашивает: «Как твоё имя?»  и мальчик называет свои имя и фамилию; вместе с тем  они одноклассники, и оба в классе не новички По сюжету девочка никому не рассказывала о своей смертельной болезни, но спокойно доверила тайну абсолютно незнакомому ей человеку, от которого она ещё не знала, чего можно ожидать И это выдано, конечно же, не как глупость или ошибка, а как некое мудрое сердечное провидение, как «мы были созданы друг для друга» и т. п.  В сюжете присутствует девочка-агрессор (очень частый анимешный персонаж), раздававшая поджопники одноклассникам и легко управлявшая ими. Никто не пытался ей противостоять или возмущаться. Этим ярким примером продемонстрирована глубокая повседневная затюканность японских мальчиков, которые легко управляемы любой стервой и держат язык за зубами. По извечной анимешной легенде, достаточно даже мало знакомой тебе идиотке в припадке внезапного бешенства бросить «никогда тебя не прощу» (да и шла бы ты в жопу!), как мальчик чуть ли не хватается за огурец (отсылочка к Щедрину), чтобы сделать харакири от отчаянья. (Только недавно подобную же сцену наблюдал в «Пингвинах»).  Также сама центральная нить сюжета подчёркивает эту сермяжную мужскую японскую затюканность и подкаблучность, потому что именно женщине в современных японских мультипликационных сказках позволено проявлять свои чувства и делать первые шаги навстречу будущим любовным отношениям. Роль японского «самурая»  терпеливо дожидаться своей очаровательной юной школьницы в неизменно коротенькой юбочке, героически посапывая над книжками и смело глядя лишь себе под ноги. Прекрасные образцы для подражания!  Ярко показана японская выдержка, граничащая с образом послушного управляемого робота, на примере, когда мальчик попросил разрешения поплакать и разрыдался только после получения такого разрешения. Это просто в голове не укладывается,  плакать по команде! Вот эта японская рукалицо* (*зачёркнуто) лицопотеря  какая-то печальная клоунада. Традиция, ничего не попишешь!  До какого-то времени мультик смотрится с некоторым интересом, но когда сюжет исчерпывает себя по сути, начинается настоящий шквал розовых соплей (а между тем до конца ещё далеко). Просто фонтаны и потоп! Лирическое словоблудие, в котором должны плескаться девичьи сердечки, и нежиться в чужой дрессированной японской любви.   Для большей ядрёности бульона из розовых слюней, героев картины сделали выходцами из невероятно богатых японских семей, проживавших в отдельных комфортабельных и очень модно обставленных коттеджах. Чем и как зарабатывали на жизнь родители этих деток, история умалчивает, да и вообще роль старшего поколения здесь сведена почти к нулю. Кстати, показали только матерей этих подростков, да и то лишь на минутку. Остальной мир взрослых словно не существовал, и главные герои проживали в мире, созданном только для них двоих. Ну разве это не прелесть?!. Даже на площадке для просмотра салюта не было никого, кроме наших двух голубков, а ведь эта площадка  самое лучшее место для романтического просмотра грандиозного ночного зрелища. Короче, осторожней при просмотре, чтобы не захлебнуться в розовой стихии!  И немного о главном, о характерах. Мальчик поменялся не под действием усилий собственной воли, а вынужденно, под давлением, его фактически насильно затащили в ловушку обстоятельств, где «отформатировали» его взгляды на жизнь и заставили относиться к ней иначе. Именно заставили, потребовали этих изменений, и он с этим согласился. Награда за «левел-ап»  новая подруга в виде девочки-агрессора, вослед которой он теперь стал волочиться и подчиняться, но самостоятельным мужиком он не стал, не стал личностью. У дрища лишь появился новый жизненный опыт общения, уникальный, необычный опыт, который не светит никому и никогда, потому что в реальной жизни так не бывает. Мальчик пережил на экране сказочную жизнь, и фильм хорош только как фильм-сказка. Слёзы в финале  не результат переосмысления, это просто взрыв эмоций и спуск пара, сигнал для зрительской разрядки.  Мотив поведения главной героини неясен, и всё объяснялось лишь: «хочу так, потому что скоро умру». Следовательно, можно и оправданно было всё, и всё объяснялось неизбежной близкой смертью. Почему выбран именно этот мальчик, неясно; и тут лишь классическое объяснение: сердцу не прикажешь. Девочка выступила инициатором дружбы, она буквально волочила паренька в нужную ей сторону, заставляя его подчиняться своим желаниям. Насильно  в счастье. На экране это выглядело вполне оправданно, потому что образ поведения главного героя неприемлем с нормальной точки зрения, мальчик очевидно нуждался в помощи (психиатра). Так закрепляется прекрасный анимешный стереотип мужского поведения: буду ждать моей принцессы на белом коне, сильной и смелой амазонки, которая заберёт меня из моего мрачного замка Девочка не поменялась за время картины. Все персонажи статичные.  И немного про болезнь. Она придумана именно такой, чтобы причинять героям наименьшие страдания, т. е. в связи с болезнью в этой истории не страдал вообще никто. Девочка понимала, что скоро умрёт, но относилась к этому слишком весело, неестественно смело и совсем не философски. Показан образец самурайской выдержки и самоотречённости. Рядом находящийся мальчик почему-то не удивлялся этому, а больше был погружён в себя и свои мироощущения. Всё это странно, потому что из такого потрясающего факта не сумели сделать драму (Драма была в другом  в саможалении главного героя). При наличии смертельной болезни у героини никогда ничего не болело, она не страдала, и даже медицинские процедуры представлены в виде уютной и необременительной процедуры, во время которой можно было вполне романтично проводить время. Короче, жизнь-сказка. (То ли дело «Три товарища» Ремарка!..)  Вывод. Троечка за традиционно красивую картинку, умелые ракурсы с заглядыванием под юбочку. Настоящей драмы не получилось, потому что всё высосано из пальца и притянуто за уши, да и ментально чуждо нашему зрителю. История чисто для девочек  помечтать.   3 из 10	Ядрёный бульон из розовых слюней	2
265	2019-03-16 18:57:00	Adam Joan	0	0	Фильм совершенно неиндийский. Действие происходит в Шотландии, герои прихлёбывают виски, рассуждают о Гарри Поттере, ходят в церкви и борятся с сатанизмом. Мрачные краски, трагичная фоновая музыка, почти трех-часовое действие Вообще ощущение, что снимали по какому-то американскому фильму, но в устах индийцев эти слова совершенно не звучат, получились просто чересчур загорелые американцы  ни колорита, ни традиций, ни обычаев, да ничего. Я сама общаюсь с ассимилировавшимися индийцами, всё равно какие-то национальные черты остаются, а тут ничего. Ну вылитый Шварценеггер в «Красной жаре», который на русского был не похож совершенно. А тут в фильме индийцы играют индийцев, но не похожи на индийцев:) Кому нравится, что индийское кино теперь такое же как типично голливудское, тому этот фильм возможно понравится. А мне нужна яркость, колорит, вечные семейные ценности, задор и энергия, танцы, любовь, романтика, борьба за справедливость, в общем бушующие страсти, а не затянутое сумрачное действие о проблемах Европы и католической церкви. Игра актеров тоже чем-то особенным не блещет, именно отсутствие мимики и мелких жестов также повлияло на то, что эти люди не воспринимаются как индийцы. Безжизненно двигаются, без огня в глазах смотрят, зато крупные планы то виски на дне граненого стакана, то свечей на фоне иконы, то кладки стены. В интерьерах даже ни намека на то, что эти люди приехали из Кералы, полиция ведет себя крайне сомнительно. В общем типичный голливуд только с индийскими актерами.	НЕудачный триллер на американский лад.	1
266	2019-03-16 18:53:00	Бамблби	9	5	Новая рисовка возвращает в мультфильмы о Трансформерах  меньше реализма, меньше брутальности, больше комплиментов малолетней аудитории. Героине почем зря 18 лет, фильм явно рассчитан на зрителя возраста ее экранного братца, который только и может, что кричать «Мааамааа!» А чего стоят чпоки неких прозрачных слюней, на которые распадается человек  расстарались на рейтинг 6+, потому как будь он выше, на этот фильм просто никто не пришел. Девушка с парнем даже за ручку подержаться не могут, ну лол. Вспомнишь Меган Фокс и всплакнешь.  Темп у фильма, после преодоления неловкости первых 20-30 минут, на которые растянулась семейная драма героини, более-менее разгоняется, но все равно не вылазит из детских штанишек, хочется поддать газку, но, хэй, эта тачка едет сама, под строгим присмотром. По сюжету абсолютно предсказуемо все, право же, неужели нельзя было хоть чуть-чуть фарша навернуть?  Что понравилось?   - Саундтреки 80-90, ретро, должно зайти родителям, которые придут на этот фильм позевать с дитем, - Сцены с боем трансформеров за спиной главной героини, - Гладкие эффекты трансформации, - Харизматичный Бамблби, - Неплохие актеры на главных ролях, скованные по рукам ограничениями сценария.   Что не понравилось:  - Плоскость сюжета для тотальной малышни (для детей среднего школьного возраста и то интриги побольше требуется).  - Соотношение говорильни со зрелищем 70/30, - Мало юмора, много минора.  Абсолютно скучный перезапуск. Подумаю, идти ли на продолжение.   5 из 10		15
267	2019-03-16 18:13:00	Двое во вселенной	0	3	Случайно в инете увидела картинку с Айронсом и Куриленко на фоне заголовка «Двое во вселенной». Айронса обожаю и готова смотреть все с его участием  редкостный актер, умеющий одним своим присутствием вытянуть любой фильм! Куриленко, мягко говоря, не воспринимаю, то есть  совсем. Но тут стало любопытно, а вдруг присутствие гениального актера разбудит некий импульс и в «девочке Бонда»? Да и хотелось посмотреть, как эта нестандартная пара будет «играть любовь». Айронс в этой теме всегда виртуозно великолепен. Куриленко  откровенно пошловата. Как извернется режиссер, добиваясь «любовной гармонии», без которой мелодрама просто не возможна. К тому же, пока еще свежи в памяти впечатления от фильма «Лучшее предложение», за который Торнаторе перешел в моей личной «киноафише» в категорию режиссеров+. В общем, поводов для любопытства было более чем. Но не случайно утверждают, что любопытство сгубило кошку  Во-первых, Айронса в фильме до обидного мало. И вся его «любовь»  это слова, слова, слова Звучащие, к тому же из скайпа  озвучка напрочь стерла все эмоции его замечательного голоса. Так что половина надежд рухнула почти сразу.  От Куриленко, как показывает жизнь, чего-то ждать ошибочно априори. Для меня эта девушка  самая смешная ирония Голливуда: ни сколько-нибудь привлекательной внешности, ни грамма таланта Чем руководствовался режиссер приглашая ее на главную роль в столь «камерный фильм», когда именно на её героиню ложится весь эмоциональный груз этой странной виртуальной мелодрамы  не понятно. Как и ожидалось, Оля звезд с неба не хватает и тут. А уж кадры с «задумчивой Куриленко»  это просто слезы. И еще, когда она что-то говорит про теорию струн Эти темы и сама актриса настолько параллельны друг другу, что хочется рыдать. Справедливости ради  в сценах каскадерства актриса выглядит куда убедительнее. Но, подозреваю, в этих кадрах ее заменял настоящий каскадер. Так что ну просто не за что зацепиться.  Стоит ли упоминать про сценарий, который настолько невнятен, что временами кажется, будто режиссер в нем откровенно путается  повторы событий, фраз, целых диалогов Для жанра мелодрамы, который сам по себе раздражает навязчивой слезливостью, все это практически самоубийственно.   Помня другие работы режиссера, все ждала  вот-вот и сюжет получит новое развитие, исчезнут неоправданные длинноты, поведение героев получит логическое объяснение и фильм вырулит из путаницы виртуальной мистики, а режиссер разъяснит для чего все эти технические навороты были нужны. Но нет звезды что-то не сошлись, фильм явно не получился и понятно, почему он с таким грохотом провалился в прокате.  3 из 10	Звезды что-то не сошлись	1
268	2019-03-16 17:54:00	Призрак дома Бриар	0	0	Долго у меня не доходили руки до просмотра данного «шедевра» и теперь понимаю что не зря. Изначально меня удивили низкие рейтинги картины, подумалось что просто видимо сюжет до боли избитый, поэтому публика отреагировала вяло. Но смотря данный фильм лично, я мало того, что ловил себя на мысли, что всё это уже где-то когда-то видел, так в конце передо мной вообще остро встал вопрос, а что я посмотрел? Ужас, мистику, или какой-то дешёвый стёбный фильм, высмеивающий современные хорроры, что-то вроде очень страшного кино, но с другим уклоном. Нет, если серьёзно, помимо скучно сюжета и отменной игры Санни Сулджика (а молчать весь фильм  это тоже талант), я увидел какое-то откровенное глумление над зрителем в финале фильма. Вот эти вот товарищи, которые не из нашего мира, а точнее мать мальчика, ведёт такую знаете ли задушевную беседу с девчонкой, мило так рассказывая ей подробности того, кто они с сыном и зачем в этом мире находятся. Хорошо хоть что они ещё все вместе чай с плюшками не сели пить. Я ожидал какого угодно финала, что мелкого всё таки грохнут, либо они просто сольются и про них все забудут и т. д. Но именно такого финиша, какой есть в картине, ожидать было крайне сложно.	Ужас с привкусом комедии.	0
269	2019-03-16 14:41:00	Влюбленные	1	0	"В центре фильма «Влюблённые» молодая пара  Френк и Молли (Роберт Де Ниро и Мерил Стрип), им за тридцать, оба женаты, но случай сталкивает их в канун Рождества: неловкие взгляды, очаровательные улыбки, обрывистые фразы  в героях зарождается что-то чуткое и трепетное. Через пару месяцев они сталкиваются вновь, теперь уже в пригородном поезде, так зарождается роман, в который нас пытаются заставить поверить сценарист Майкл Кристофер и режиссёр Улу Гросбард. Всё это происходит под трогательный и полный ностальгии суандтрек оскароносного Дейва Грузина.  Отношения между героями зарождаются планомерно: им комфортно друг с другом, между ними есть искра, чего не скажешь об их семейной жизни, где быт уже давно заменил романтику. Тем не менее, оба чувствую ответственность перед своими супругами и не готовы преступить черту адьюльтера, в отличие от своих близких друзей, которые разводятся и заводят интрижки. Но сердцу не прикажешь, и со временем притяжение между героями только крепнет.   Нужно отдать должное Де Ниро и Стрип, они истинные мастера своего дела, между ними есть притяжение, трогательность, романтика. Актёры с большой буквы, они переходят от симпатии к нежности, от страстного подавляемого влечения к нерешимости и чувству вины. Проблема этого фильма не в актёрах, а в том, что им не с чем работать.   Чистый в своей наивности сюжет абсолютно пуст. Все повороты избиты до невозможности, каждый сюжетный ход как будто взят их стандартного учебника. Мелодраматическая основа фильма не позволяет ему развиваться с темпом романтических комедий, которые также часто создаются по стандартной схеме, однако, акцент от стандарта часто отводится через обилие шуток и динамику сюжета. В данном фильме создатели настолько серьёзно относятся к своему творению и его основной теме  внезапно обретённой любви, врывающейся в, казалось бы, уже устоявшеюся жизнь, что акцент на драматической составляющей лишает фильм лёгкой непосредственности, которая могла бы компенсировать предсказуемость.   Зритель вынужден, таким образом, фокусироваться не на развитии банального сюжета, а на персонажах. Нужно отдать должное, завязка фильма, первые минут 17, действительно смотрятся на одном дыхании. Мы знакомимся с Молли и Френком, наблюдаем за идиллией и проблемами их семейной жизни, отмечаем контраст между тем как главные герои и их лучшие друзья относятся к семье и изменам, а также следим за тем, как случай почти сталкивает их в течение всего дня, подводя к кульминационной встрече. Однако далее большинство персонажей не получают должного развития. С супругами главных героев, Энн и Брайаном в исполнении Джейн Качмарек и Девида Кленона, мы едва знакомы, они появляются и исчезают в фильме, когда это удобно героям. Лучше же друзья (Эд и Изабел  Харви Кайтел и 	Дайан Уист) остаются шаблонными и посредственными; кажется, что сценарист вводит их в фильм с одной только целью, чтобы показать целомудренность главных героев и то, как им сложно решиться на измену, несмотря на искренность чувств. Выполнив свою задачу в первые 10 минут фильма, они больше не нужны, создатели не знаю, что с ними делать дальше. В этом фильме никому нет места, кроме Френка и Молли, все остальные сведены к функции декораций и реквизита.  Мы действительно проводим с Френком и Молли долгое время, наблюдаем за тем, как они ждут друг друга на вокзале, ищут возлюбленного глазами в толпе, а также беседуют, прогуливаясь по улицам, сидя в поезде или за чашечкой кофе в кафе. Казалось бы, при таком раскладе требования к сценарию должны быть высокими, но и тут нас ждёт разочарование. Всё, что мы слышим в фильме, это обрывки фраз  пальцев не хватит, чтобы сосчитать сколько раз персонажи недоговаривают предложения, всё это сопровождается невнятным мычанием, нелепыми односложными ответами и банальными ожидаемыми фразами. Примерно на середине фильма начинаешь задаваться вопросом: а почему же герои так безумно влюблены друг в друга, если они и двух слов связать не могут, если они не сказали ничего хоть сколько-нибудь значимого друг другу? Конечно, фильм  это не только то, что на экране, но и то, что остаётся за кадром. Однако созревает вопрос: если всё хорошее остаётся за кадром, зачем же тратить почти два часа на просмотр этой картины?   Возможно, нас ждём интересный финал, который хоть сколько-нибудь сгладит общее впечатление? Авторы и правда дразнят нас небанальной концовкой, но, к сожалению, смелости на неё у них так и не хватает.   Что же мы получаем по выходу? 100 минут нераскрытого потенциала. Мерил Стрип и Роберт Де Ниро  прекрасные актёры, которые делают, что могут с материалом, который им дан. К сожалению, кроме двух молодых талантливых и красивых людей, влюблённо смотрящих друг на друга под нежную мелодию, здесь смотреть не на что. А жаль, это могла бы быть очень красивая и трогательная история."	How much do you weigh? А какой же вес имеет сам фильм?	1
270	2019-03-16 11:48:00	Отрыв	5	2	Это уже не смешно! Похоже, что творческая импотенция отечественных киношников достигла своего пика (причем уже относительно давно) и продолжает на этом пике удерживаться, демонстрируя завидную стабильность.   Очередной российский фильм (в жанре триллер), на 80% слизанный с аналогичного проекта США  морозного триллера «Замерзшие» от Адама Грина, вышедшего в 2010 году. Отличаются нюансы (ну хоть что-то ведь должно отличаться!), но основная идея  рассказ о группе молодых людей-сноубордистов застрявших на подъемнике над пропастью и не имеющих шансов спастись  осталась прежней. Вот только наш «Отрыв» в сравнении с «Замерзшими» это даже не триллер. Это пародия на триллер, пародия на драму, пародия на ситуацию.  Два парня и две девушки поднимаются в горы на старом подъемнике, чтобы отпраздновать Новый год на заснеженных вершинах, спустившись на бордах. Окей. Для реализации своей задумки они подбивают сторожа подъемника на нарушение правил техники безопасности и лезут в кабину, после чего, как и следует ожидать, кабинка застревает на полпути к вершине. Раскачиваемые ветром и пробираемые холодом до костей, ребята ищут пути к спасению. Найдут? Если вам интересно  посмотрите и все узнаете сами  Ну, скажу сразу, что и наши горе-сноубордисты и американские из «Замерзших»  небольшого ума ребята, ведь по сути они сами виноваты в случившемся. Беспечное отношение к вопросу жизни, неоправданный риск ради того, чтобы поймать кайф  они сами нашли приключения на свои ж***. Тут ни дать, ни взять. Но российские персонажи переплюнули своих заокеанских собратьев, собравшись отмечать Новый год в горах да еще и с алкоголем! Ну конечно! Идеальный расклад  напиться шампанского или чего покрепче, встать на доску и покатить с горы. Даже не задумываясь о координации движений в состоянии опьянения, не думая о восприятии действитнльности под градусом! Словом, еще на зайдя в кабинку они были обречены из-за своей тупости.  Посмотрите «Замерзших» на досуге и для сравнения отметьте подачу критической ситуации и то, насколько жестко и без тени жалости обходятся с персонажами там и насколько сопливо и наигранно складывается ситуация в «Отрыве». Тут даже дело не в том, что в первом случае три товарища оказались на подъемнике-скамейке и их состояние было куда более плачевным, а во втором квартет сноубордистов был подвешен в закрытой кабинке. Дело в том, насколько правдоподобно обрисовывается вся картинка  поведение персонажей, эмоциональная игра, критичность ситуации  не сопоставимы друг с другом. Равно как и актерская игра, которой в «Отрыве», к сожалению, нет. Никому из четверки героев не удалось изобразить испуг, страх, чувство обреченности и приближения смерти либо от замерзания, либо от срыва в пропасть. Слабые попытки сыграть испуг были, но когда это мелькало в кадре, все выдавали глаза актеров и актрис  равнодушные и не способные передать чувства своих персонажей, находящихся на волоске от смерти. В особенности это касается Михаила Филиппова  герой с отрицательными чертами из него явно никакой  Несколько суток в неотапливаемой железной кабине на большой высоте  это причина лютого обморожения, даже если климат мягкий и мороз относительно не большой. А здесь к тому же горы. А что видит зритель? А зритель видит, что за несколько суток, оказывается, можно ограничиться посиневшими губами, как будто герои слишком долго не выходили из воды! Извините, что постоянно сравниваю с «Замерзшими», но ведь это хороший пример для сравнения  посмотрите как там преподносится обморожение, и как здесь!  Как итог, «Отрыв»  это очередной аналог настоящего продукта (по аналогии с продуктами питания  есть плавленый сыр, а есть продукт плавленый с сыром), значительно уступающий в качестве. Кричащая вторичность сюжета, невразумительная игра актеров и неспособность их вжиться в роль, глупый элементы сценария по части поведения персонажей или развития ситуации (эпизод со сторожем, объявление о работе подъемника и демонстрация работы нового как способ обострить ситуацию  но на деле как предлог вновь усомниться в адекватности сценаристов), неспособность достоверно отразить последствия пребывания в условиях холода на протяжении нескольких дней Минусов хоть отбавляй, плюсов не найдено Разве что внешний вид Ирины Антоненко.  Впрочем, смотреть Вам. Свое мнение никому не навязываю.  Приятного просмотра.   2 из 10	Заменитель НЕ идентичный натуральному	10
271	2019-03-16 11:46:00	Обитель радости	0	0	Этот фильм  экранизация романа американской писательницы Эдит Уортон. На русском роман не переведен, поэтому проверить взгляд режиссера на соотносимость с оригиналом не получится. Зато есть другая экранизация из той же трилогии  «Эпоха невинности»  поставлена Мартином Скорсезе, фильм далеко не лучший, зато костюмы и декорации  в общем, эталон жанра.   В своей трилогии писательница описывает времена начала 20 века в Америке и нравы ее совсем не многочисленной, но безмерно честолюбивой прослойки высшего общества. Вообще слова: Америка и высшее Общество, в ракурсе начала века  понятия не соотносимые. В стране победившего прагматизма, протестантская мораль выхолащивала подобные образования. Что- либо подобное могло быть только перенесенным с европейской земли, питающимся корнями в европейской культуре, копирующим нравы и обычаи материковых аристократов.   При этом, осознавая свою хрупкость и неуместность в американской действительности эта прослойка культивировала в себе куда более жестокие порядки и обычаи, была значительно щепетильнее и внимательной к мелочам чем та же европейская знать. Трагизм существования человека, оказавшегося под давлением этой среды, был заранее обусловлен. Бесконечные интриги и сплетни играли главную роль в судьбе человека, обреченного на подобное сияние.  Роман «Дом мирта» разворачивается именно в таком контексте. Главная героиня прекрасная молодая женщина, она общается с такими же, под стать ей блистательными людьми. Ее основная забота  найти мужа, который бы составил ей хорошую партию. Родители у нее умерли, не оставив ей наследства, она живет у своей богатой тетки, которая блюдет в ней полагающиеся девичьи добродетели.   Кроме отсутствия наследства, она также одарена сложным свободолюбивым нравом, который препятствует ей на пути обретения спокойного счастья. Богатые женихи оказываются всё не то. Единственный достойный парень, не так богат, чтобы стать ей партией, зато он горазд вести с ней задушевные разговоры, которые окончательно сбивают девушку с толка.  Беда в таких историях всегда приходит в обличье бедности. Страх потерять капиталы и быть отторгнутыми Обществом, правит мотивами этих людей, оттого страсти разыгрываются нешуточные.   Создавая этот фильм, режиссер обращается с романом как историческим источником. Для него важно показать, человека, людей, которые живут сообразно своим представлениям и не могут поступать иначе, чем требует их культура. Таких персонажей в фильме большинство. Они все так или иначе копируют одинаковый тип мышления, находятся в одной смысловой плоскости. Все что происходит с ними это финансовые проблемы или семейные проблемы, решаются одним и тем же проверенным способом, торг идет за сохранение или потерю чести.  Изолированные в своей башне из слоновой кости они пестуют эти представления, даже не пытаясь оглянуться на то, что их окружает вокруг. Идея романа и его трагизм заключается в том, что он застает Общество, обреченное на гибель, через отречение от идеалов.   Однако фильм не позволяет рассмотреть этот ракурс. Он создает герметичное пространство приятного абсурда, в котором люди следуют одному образу мысли, за что им обещана слава и роскошь. Прозрение же ведет к изгнания из мира сладких грез. Это вполне голливудское понимание (перевирание) вещей. Оттого первая часть истории наполнена штампами dolce vita, как оно принято. А развязка передана контрастной сменой декораций, как в кондовом евангелии для детей, где изгнанник в шкурах вопиет к небу. О литературе и говорить нечего.	изгнание из рая	0
272	2019-03-16 09:55:00	Паранормальное явление 5: Призраки в 3D	0	2	«Паранормальное явление» был чистым экспериментом аля «Ведьма из Блэр». Прекрасная попытка напугать зрителей «невидимым злом» за счёт умелым нагнетанием саспенса. Стуки, шаги, голоса, шум всё это прекрасно будоражило воображение и заставляло сидеть в холодном ожидании финала, который, к слову, действительно пугал. Но продюсеры решили делать на таком деньги, не понимая, что сам жанр «псевдокументалистика» весьма примитивен, и действует лишь раз в сто лет. А если из раза в раз использовать одни и те же приёмы ужаса, то получится пустышка. То же случилось и здесь. 4 сиквела, плюс 2 ответвления. Стоит ли говорить, что ни один из них не достиг уровня оригинала (хотя третья подавала большие надежды)? Но это ладно. Сценаристы из раза в раз размазывали слабую грязь общей сюжетной линии, каждый раз кормя зрителя намёками или кусочками запутанной головоломки, куда приплели самую натуральную Санту-Барбару.   И вот, настал черед пятого фильма. Якобы, финального. Признаться, что после тягомотной четвёртой части, смотреть эту не было никакого желания. И чувство не подвело.   Очередная семья переезжает в очередной дом, где каждую ночь начинает происходить всякая дичь. Шум, голоса, шаги, вечные вопросы «что такое?» или «ты слышал?!» Плюс ко всему, дочь семейства начинает вести себя странно, общаться со злым духом. А отец раздобыл старую камеру, через объектив которой можно увидеть силуэт демона  Да, вы не ошиблись. В финальной части нас снова будут кормить одним и тем же. Странные шумы, тупизна главных героев, странный силуэт Но есть и кое что новое. Казалось бы, хорошо, должно же быть какое то развитие! А нет. Появился демон  какая то чёрная жижа и морда аля «голлум» из Властелина колец». Прибавьте к этому убогую компьютерную графику и поймёте всю прелесть долгожданной встречи с главным противником. Потрясающе!   Что дальше? Развитие общей линии? Сценаристы упали со смеху, а потом заплакали. Они поняли, что создали нехилый огромный бредовый клубок, распутать который у них никак не получится. В итоге мы имеем туманные догадки, связанные с третьей частью (намёк на дальнейшую судьбу Кэти и Кристи), какие то намёки на культ и, наконец, мотив демона. Интересно? Нет. Это банальная, предсказуемая, серая попытка хоть что-то объяснить. Ведьма, культ, библейские отсылки, «666» Не хватит пальцев рук всего Санкт-Петербурга, чтобы посчитать, сколько раз был использован этот сюжетный приём!   Ожидаете логичное завершение серии? Чёрта-с-два. Самый тупой и натянутый плохой финал, который никак не объясняется. После него можно долго сидеть и ломать голову, какого чёрта мы смотрели предыдущие четыре фильма, если они НИКАК не играют в финале этой, прости Господи, саги. Да сценаристы сами себе противоречат! Кэти вдруг стала «избранной» (и всем плевать, что проклятье попало на неё случайно), а куда делись странные типы из финала четвёртого фильма и Метки Дьявола (да и вообще КТО ЭТО??!!), и куда подевались остальные персонажи, чья судьба осталась за кадром  не ясно.   Всем на них плевать. Они были лишь очередным инструментом для жадных продюсеров с целью раскрутить франшизу на бабки (ещё бы  с такими то сборами). Вот и весь ответ.  Что ещё тут есть? Ничего. Тупые персонажи (мамаша никак не реагирует на выходки дочери), тупые шутки, диалоги, попытки напугать Каждый кадр скучен, предсказуем, а ЧОРНЫЙ ТУМАН и вовсе, наверное, самая тупая находка продюсеров. Здесь не на что смотреть, ничего не запоминается, не объясняется. А то, что происходит в последних минутах кроме фейспалма ничего не вызывает. Прятки от демона!!! Портал куда-то-там!!! Экзорцизм!!! Потрясающе.   «Паранормальное явление 5»  это не то что плевок, это бросок комья грязи в лицо фаната серии. Больше сказать нечего.  P.S. Для меня остаются только прекрасный первый экспериментальный фильм и его японский спин-офф. Там не было никакого точного сюжета. Там был неизвестный ужас. И этого хватало.  2 из 10	Спасибо, что последний	2
273	2019-03-16 02:38:00	Завод	16	0	Предисловие.   Артистам развлекательно-юмористического жанра в различных передачах часто ставят завышенные оценки за неудачные номера, припоминая успешные выступления в прошлом. Всё выступление зрители с восторгом ждут той самой искры, которая уже не один раз воспламеняла различные эмоции в их организме, но огонь так и не разгорается до самого конца выступления. Кто-то имеет смелость указать на провал, раскритиковать артиста, а кто-то молча «хавает» и занимается самообманом продвигая неудачника дальше. Только уже никто неудачника таковым не считает  перед массовой публикой он большой молодец и его талант беспристрастно оценен.  Рецензия.  Остросоциальная драма, как позиционируется данная картина, уже с самого начала немного опаздывает со временем. Развал заводов по стране хоть ещё и не закончен до конца, но пик уже давно пройден.   В начале мы знакомимся с Седым Сгибальщиком Родригесом  сгибателем из 2018 года, и по мнению Быкова такая тонкая ручная работа точно не покориться машинам или искусственному интеллекту до 2993 года. Седой «сходу решает срубить бабла» излюбленным методом террористов, подбивая своих коллег на пожизненное. Несколько кадров из скудных квартир нам должны были раскрыть персонажей и заставить их пожалеть и полюбить за банальные и не совсем безвыходные жизненные ситуации. Ну а главный герой просто «крытый», более-менее неубедительную мотивацию из него выдавят в конце картины, но в неё сложно поверить. Он просто «крытый».  И вот здесь уже не подкрадываются, а без стука врываются мысли о проходном триллере  Картина очень мерзкая и неприятная по справедливости для восприятия благодаря своей подачи главного героя  таким Быков видит провинциального мужика средних лет, трезвенника-урода с поехавшей крышей и запредельным желанием убить всех кто встанет на пути к его богатству и славе. Совершенно недалеким человеком выставляет режиссер и зрителя: как можно верить в происходящее и где найти мораль? А её нет. Весь мир подаётся абсолютным злом, персонажи не раскрыты, цели и способы невнятные и заранее обречены на провал. Также, совсем наглым и неадекватным вижу добавление Бешеных Псов в финальной трети картины.   Была ли это мысль автора, либо это уже личное умозаключение  Седой очень сильно хотел бы оказаться в 90-х и методом грубой силы валить неугодных и отжимать производства. Он с удовольствием взял бы на себя роль местного бандита, не щадил бы ни стариков, ни детей в пользу своей беспечной жизни. Ни о какой справедливости он и не мыслит, слишком много пытался доказать о существовании своих моральных принципов, которых у него нет. В заключении, я всё-таки очень негативно отношусь к тому факту, что террорист должен быть обставлен именно таким главным героем фильма, да ещё и с симпатией от режиссера. Предыдущие работы режиссёра и близко не допускали восхваление моральных уродов и таких поступков, Журов из «Груз 200» может быть тоже за справедливость был и его система сломала? Двойные стандарты получаются.   Послесловие.  В этом фильме изначально зациклена безнадежная параноидальная шизофреническая ярость и из неё выхода, кроме как клинического лечения нет.	История одного психопата	7
274	2019-03-16 00:52:00	Покидая Неверленд	0	3	Я думаю, все уже слышали о фильме «Покидая Неверлэнд». Но явно не у всех хватило терпения на четыре часа рассказа о сексуальных домогательствах и их влиянии.  Вкратце: HBO Documentary в начале марта выпустили двухсерийный фильм о связи двух мужчин с Королём поп-музыки. Документалка вызвала общественный резонанс  радиостанции отказываются пускать в ротацию культовые песни, а Louis Vuitton публично приносят извинения за то, что в последней коллекции вдохновлялись стилем Майкла, и не будут продавать эту коллекцию. «Первый канал» собирался показать фильм, но в последний момент отказался по неизвестным причинам. Зато они выложили обе переведённые серии на сайте.  В чём же скандальность?  Наверное, многие слышали, что ещё при жизни Майкла Джексона обвиняли в педофилии. Вообще подозрения небезосновательны, если говорить начистоту. Как сказал один из присяжных: «Как можно ложиться каждую ночь в постель с ребёнком и ни разу не испытать желания». Как бы абсурдно это не звучало, поспорить трудно. Но и оправдать тягу к общению с детьми и контакту с их семьями можно, ведь сам Джексон был лишён детства и не общался со своими родными так уж тесно.  Доказательств не было. Более того, мальчик, обвинивший в домогательствах в 1993 году, после смерти Майкла признался, что оболгал его ради денег по наставлению отца. А многие фавориты певца под присягой заявляли о его невиновности в сознательном возрасте, как небезызвестный Маколей Калкин.  Знаете, для меня это был фильм не об ужасе педофилии, а биография Уэйда Робсона. И да, для полноты картины, конечно, здорово привлечь всю семью, затронуть все сферы жизни. Но он также защищал Майкла перед судом. Не в 7, не в 14, а в 20 с чем-то. А после смерти певца решил пойти на телевидение и рассказать про свою трагедию, потребовать денег, проиграть и попробовать продать права на книгу, и снова не добиться ничего. Зато теперь есть 4 часа его однообразных фраз обо всем, что касается Майкла Джексона, и красочного рассказа о нём самом.  В конце концов, мы никогда не узнаем правду. Мы никогда не узнаем, искусная ли это актерская игра, когда у Джеймса Сейфчака дрожат руки при прикосновении к подаркам идола. Мы не узнаем, реально ли было растление. Мы не узнаем, сжигал ли Уэйд вещи Джексона лишь для кадра или пытался избавиться от пережитых переживаний. И поэтому мы не должны осуждать. Глупо отказываться от прекрасной музыки, от уже не новой моды, от целой эпохи только из-за бездоказательного обвинения в красивой обёртке.  И знаете, самое ужасное то, что оба героя постоянно говорили о любви. Они любили и были любимы. Они самореализовались благодаря Майклу Джексону, не говоря уж о подарках, погашенных долгах и т. д. А теперь все выучили слово абьюз и решили снять ему визуальное сопровождение. И что бы там ни было, сейчас говорить о растлении  лютейший бред. Это всего лишь отработанный инфоповод. Человек мертв, и если бы они хотели кому-то помочь, то надо было пресекать это при жизни. Да, это нелегко. Отнюдь. Но это бы помогло реальным людям. Сейчас они лишь отвернули людей от того, кому уже это внимание почти 10 лет как не нужно.  3 из 10	Насильная любовь	0
275	2019-03-15 23:58:00	Две девицы на мели	11	6	Сложно описывать данный сериал. Да и воспринимается он несколько странно. Хочешь ты того или нет, но сравниваешь постоянно с оригиналом. И вот после просмотра у меня сложилось такое мнение:  Картункова (Макс), у которой есть определённый образ в данном проекте, абсолютно себя потеряла. Её реплики в стиле ах-да-я-же-должна-отреагировать-вот-так. Это абсолютно неестественно, непрофессионально. По идее героиня Картунковой должна шутить о травке, алкоголизме и так далее. А что мы получили здесь?.. Чёрт с ним, если вы не видели оригинал, но ведь даже без него образ официантки провалился. Увы и ах.   Маргарита (Кэр), на удивление, мне понравился. Она тоже заноза в заднице и старается как-то вечно быть на позитиве, несколько раздражая. Тут образ как-то более похож. Но мне не понравилось то, что она не везде ходит в туфлях на шпильке  это отличительная черта Кэр. Она всегда на высоте, даже когда говорит, что у неё нет лишних баксов для средств личной гигиены.   Повар (Олег) подкаты абсолютно омерзительны, с них как-то не хочется смеяться. Маленький, толстенький, у них с Олегом общее только в одном  сеточка на голове. Про дедушку на входе, который пародирует Эрла не стоит вообще говорить, так как мы его почти не видим, и не знаем кто он вообще такой, зачем нужен? Хозяин кафе очередной парниша из 90-х. Зачем?  Персонажа Софи ещё нет, про неё писать нечего.   Радует своей естественностью и простотой персонаж Никиты Дюбванова  Володя. Возможно от того, что он работал VJ-ем на Mtv, затем на «Пятница!» и умеет держаться в образе.   Но пара Оля-Володя нет, не верю.   В этом ситкоме упущена самая главная мысль. Макс, Кэр, Олег, Хань, Софи и Эрл  это не просто люди, который находятся в одном кафе. Они семья. Самая настоящая. Просто вспомните как многие серии заканчивались тем, что вся эта компания где-то собиралась. У них не было тайн друг от друга, так как невозможно было их иметь. Они принимали непосредственное участие в жизнях друг друга, поддерживая во всём. В том и вся роскошь.   Но больше всего меня взбесили ПИРОГИ! Какие к чёрту пироги? Это удешивило сериал просто в минуса.  М-да как-то это всё СМАЗАНО. Но есть смешные моменты, это правда.   6 из 10	В копилке 0 рублей	10
276	2019-03-15 22:29:00	Друзья	15	0	Случайно наткнулась на этот сериал на днях (показывают по одному из кабельных каналов). Досмотрела серию до конца и не поверила происходящему: что это? это тот самый «легендарный» сериал?? Господи, ведь я тоже его смотрела в подростковом возрасте, несколько сезонов точно видела. И мне нравилось   А сейчас смотрю и не понимаю: что за А-ХИ-НЕ-Я???  Как всё фальшиво и неправдоподобно. Начиная от неестественной, совершенно непонятно на чем держащейся многолетней дружбы шести разных, непохожих друг на друга людей. Сценаристы сериала пытаются нас убедить, что интересы ученого, вроде как со степенью доктора наук, человека схожи с интересами ограниченного и озабоченного безработного лицедея. Причем эти интересы по уровню ближе к запросам ограниченного и озабоченного актера, нежели образованного человека. Но это частая история: сценаристы «Секса в большом городе» уверяли нас, что у взрослых, образованных, познающих мир на собственных ошибках и трудом зарабатывающих деньги женщинах все мысли только о письках.  Кроме того, совершенно не смешны те глупые, неестественные ситуации, в которые попадают герои, которые якобы претендуют на «комедию положения». Взрослый, сорокалетний мужчина бегает в одних трусах по квартире своей 25-летней подружки, сталкиваясь с 25-летнем дружком соседки своей подружки, который тоже бегает в одних трусах по той же квартире. После чего в одних трусах из комнат выбегают сами тёлки, играют в «камень-ножницы-бумага» на единственный в квартире презерватив, а потом все вместе весело разбегаются трахаться по соседним комнатам. Чё серьезно?? Вон она какая, взрослая жизнь.. Больше похоже на досуг старшеклассников из не самых благополучных семей.  Про уровень шуток я вообще молчу. Одна из десяти вызовет усмешку. Несколько на сезон будут смешными. Ну что с них взять? Одноклеточные  И непонятно, кто же всё-таки идиоты: авторы сериала, которые представляют себе юмор именно так, или пипл, который этот юмор с удовольствием хавает.  Не знаю, какую оценку я бы поставила. Если вам 14, даже 16 лет, ну посмотрите, расслабьтесь. Хотя вряд ли этот сериал покажется нынешним подросткам актуальным. А если вам столько же лет, сколько героям сериала в последних сезонах, и вам всё еще, положа руку на сердце, не смотря на всякую ностальгию, действительно нравится этот сериал, то это по меньшей мере странно  P.S.: даже в этом сериале у меня завёлся любимый персонаж. Видимо, это жалость. За оригинальность и незаурядность (по сравнению с остальными персонажами) мне импонирует Фиби (Лиза Кудроу).	Мы-то вырастем и поумнеем, а герои сериала  никогда.	0
277	2019-03-15 21:53:00	Капитан Марвел	0	5	Скажу сразу: я очень люблю кино вселенную марвел, однако никогда не считал их фильмы какими-то шедеврами. В последнее время же это стало проявляться по особенному, так как сольники превращаются из самостоятельных картин в плавные подводки к очередным мстителям, тем самым сильно теряя в качестве. И я не знаю, станет ли Капитан Марвел очень крутой подводкой к финалу мстителей или же и вовсе к перезапуску всей вселенной, но как самостоятельный фильм, он меня очень сильно разочаровал.   Большинство фильмов супергеройки мне, так или иначе, нравились, и лишь начиная анализировать их на трезвую голову, можно было некоторые их них просто разнести.  Все дело в том, что мы тупо привыкли к нашим любимым героям, прониклись ими, поэтому даже самые банальные вещи, связанные с ними будут вызывать у нас какие-либо эмоции.  Именно поэтому при просмотре я задумался: мне так сильно не нравится из-за того, что я вижу этого персонажа в первый раз или потому что фильм действительно плох.   Но все-таки нет По мне так, это вообще одна из худших работ современной кино вселенной марвел. Но обо всем по порядку:  Основная проблема фильма это сценарий. Все персонажи прописано ужасно. Весь фильм действие строится вокруг людей, о которых вы почти ничего не знаете. Вот вам главный злодей, который как-бы главный и как-бы злодей, но появляется он в двух-трех сценах за весь фильм, а кто он такой, зачем ему это все, и что вообще и как, вы узнаете только ближе к концу. И то там информации почти нет.   Вот вам как-бы друг и наставник главной героини. Он как-бы тоже просто есть и все. Появится в начале, потом ближе к концу и окажется, что он вдруг очень важен.   И на этих двух персонажах потом строят твист. А ты сидишь, и тебе как бы все равно, потому что я вообще не понимаю кто они блин такие. И поэтому твист превращается как-бы в завязку истории. И ты такой: а зачем я вообще смотрел все, что было до этого?  Я понимаю, что это было сделано для создания интриги и какой-то шокирующей концовки. Но твист  это, грубо говоря, неожиданный поворот в истории, и он не работает, если история нормально не прописана. Нечего поворачивать. Да, даже главная героиня толком не раскрыта.   Драму сюда тоже не забыли завести. Но построена она, опять же, на каких-то ноунеймах. Там даже есть всякие клишированные драматические фразы, связанные с этими персонажами по типу: мне не нужна суперсильная девка, которая стреляет из рук какой-то штукой мне нужна моя подруга. Или что-то типа того. Но это все не вызывает вообще никаких эмоций, потому что этих персонажей мы тут видим второй раз, а все, что мы знаем об их взаимоотношениях с главной героиней это слова: слушай, а помнишь как мы тогда на самолете летали С дочкой подруги главной героини, тоже связаны, какие то милые моменты. Но опять же Ноль эмоций. А потому что выглядит это как то так:  -Привет тетя. А помнишь как мы что-то там что-то там. -Нет, не помню. А ты кто? Ах да Было что-то такое.  А потом вставляем на основе этих персонажей милые и драматичные моменты.   Тут даже есть визуальная метафора, которая иллюстрирует мысль вроде: иди до конца, никогда не сдавайся и все получится. Но в контексте того, что персонажи вообще не проработаны, в контексте того, что это визуализация не отсылает нас к какому либо моменту из жизни главной героини, а дается в виде флешбэка, непонятно из какого момента жизни, в контексте того что вся эта штука появляется в обычной, ничем, особенно непримечательной ситуации и в контексте того, что я по сути, нормально не знаю кто эти люди в этой сцене и в контексте того, что мне с самого начала дают понять, что главная героиня это неуязвимая машина, вся эта сцена выглядит безмерно тупо, особенно учитывая то, что я видел, как нечто подобное показывали в других фильмах. Это все равно, что бы встал с постели ночью в туалет, ударился мизинцем о тумбочку, и тут вдруг пошли иллюстрации: вот я в детском саду не могу доесть кашу, но я собрался с силами и доел, вот я написал в школе диктант на два, но я пришел домой, выучил правила и переписал на пять, а вот у меня заболел живот, но я все равно встал и вынес мусор, потому что больше некому. И тут я просто подул на свой мизинец и гордо пошел дальше.   В общем, на этой сцене мне хотелось просто заржать на весь зал, из-за того, что она ужасно по детски обыграна.   Вторая проблема сценария  это огромное количество нелогичностей, а иногда и вовсе откровенного бреда. Неубиваемая супер инопланетянка не может избить скрула, зато обычный, не самый спортивный мужик с земли почти смог. Дважды Ваша мать превратилась в зеленого монстра у вас на глазах? Ну и что? Наверное, это просто омолаживающая маска. Каждый день такое вижу. Ваша лучшая подруга воскресла из мертвых, летает, и говорит, что она воюет с инопланетными скрулами? Опять почти пофиг. Я встретил какую-то незнакомую мне женщину, о которой ничего не известно, и я являюсь агентом самой секретной организации на земле? Свожу-ка я ее на свою базу и расскажу че у нас и как там устроено. Какие-то чуваки могут взорвать мою планету и убить всех кого я люблю? Я пафосно посмотрю в камеру под героический музон, отпущу их и улечу в закат. И это можно продолжать еще очень долго.  Экшен в принципе, как и у всех фильмов марвел хорош, но ничего нового в этом плане тут нет. Юмор  вещь субъективная, но мне он в картине не понравился. Да и в зале особо не смеялись. Что сделали с Фьюри Тут без комментариев. Что сделали с интригующей, для кого-то, историей про его глаз? Тоже без комментариев. Из каких-то интриг тут сделали чуть ли не обычные шутки, а актером и актрисам, вроде той же Бри Ларсон, которая на минуточку имеет Оскар, не дает раскрыться ужасный сценарий. Да и вообще, опять же непонятно как я должен сопереживать бессмертному бревну, чья история раскрыта в двух сценах.   И получается что лучший персонаж фильма  это кот. И это лучше всего описывает фильм  Это если пытаться подробно проанализировать увиденное. Ну а если кратко, то просто скука.   5 из 10	Худший фильм Марвел.	3
278	2019-03-15 20:42:00	Настоящий детектив	17	0	Чтобы сразу всё прояснить, не вызывая лишних вопросов и недопонимания, скажу  я обожаю первый сезон. Едва ли не уникальная с хирургической точностью проработанная история, сочащаяся из каждого кадра гнетущая атмосфера, бесподобные персонажи и игра на противопоставлении характеров, плавно вытекающая в конфликты, довольно глубокие мысли, и, конечно, прекрасные актёрские партии, роли, вытянувшие из проходных комедий Мэттью Макконахи и сильно прославившие Вуди Харрельсона. Второй сезон лично мне понравился меньше, но тоже был хорошим, плюс выезжал на том, что это было совершенно другая история с изменённой стилистикой и непохожими на предыдущих героями. А впечатления от третьего сезона? Мне стало дурно. Видимо Бог больше не любит троицу.  Кстати, нужно пожалуй оговориться  понятное дело, что это «Настоящий детектив», и банальную марку приличия его создатели держат. Так что, рассказывать о том, какая в третьем сезоне картинка изысканная, мрачная и депрессивная атмосфера, качественный саундтрек (хоть и заметно слабее ранних), а также о том, как хорошо актёры справляются со своими ролями  попросту нет смысла. Согласитесь, было бы странно, если бы «True detective» был бы ещё и плохо поставлен. Это и так любой человек, имеющий отдалённое представление о данном сериале понимает. Поэтому я лучше напишу именно о тех вещах, которые мне не понравились. Тем более, минусов на сей раз оказалось в разы больше, чем плюсов. А сильные стороны и те получились слишком заурядными и дефолтными.  Первое, что бросается в глаза и сразу же раздражает  идиотское трёхмерное повествование, зрителю история открывается аж в трёх разных временных отрезках. Блин, да это даже в теории плохо звучит, не говоря уже о практике. Да-да, я понимаю, что это как бы всё ещё «Настоящий детектив» и знаю, что в первом сезоне использовался схожий приём (только временных отрезков было два). Но если вы припоминаете, насколько уместно и органично это выглядело там, и как плавно история из одного момента вытекала в другой, то вам не составит труда увидеть, насколько коряво это выстроено теперь. История постоянно скачет, а герои неравномерно перелетают из одного гальванического состояния в иное. Вот полным ходом продвигается расследование в 80-м, и опа, мы уже в 90-м и смотрим за повторным расследованием и семейными распрями главного героя, и, не успевая толком в них вникнуть, телепортируемся в наше время и наблюдаем, как маразматичный старик пытается хоть что-то вспомнить и понять происходящее вокруг. Серьёзно, я старался смотреть внимательно, но даже так иногда путался, что и где  оставалось ориентироваться лишь по причёске Махершалы Али. В который раз убеждаюсь, что порой чем проще, тем лучше.  Ладно, дальше больше  вы возможно вспомните, как после первого и второго сезонов были отдельные личности, не понимающие всеобщих восторгов и называющие сериал нудятиной, которую невозможно смотреть. Что ж, я желаю им удачи, потому что если предыдущие сезоны были скучными, то я не знаю, какой тогда этот. Сюжет, после не особо захватывающей завязки, передвигается медленнее старика с костылём. Более того, он невероятно растянут, что, как оказалось в итоге, совсем того не стоило. Понятно, что сам формат подразумевает собой 8 серий, и вполне возможно, что им просто приходилось искусственно удлинять этот рассказ, но если говорить откровенно, то для такой незамысловатой концепции 4-5 эпизодов было бы вполне достаточно. Потому что право, смотреть ЭТО без постоянных зевков, перерывов, чтобы заварить себе чай или перекуров, почти нереально.  После выхода первых эпизодов, читал в интернете много сокрушительных комментариев, мол, третий сезон  это просто копирка первого. И я полностью с этим согласен, скажем прямо, после не такого тёплого приёма второго сезона, создатели видимо решили больше не экспериментировать и сделать новый сезон максимально приближенным к первому. Похожи и персонажи, и история в отдельных её аспектах, и антураж и т. д. Но думаю, что если бы сезон N3 был просто крепким и безобидным косплеем первого, то не выглядело бы это так паршиво. Я уверен, большинство бы сказало, что сериал до сих пор неплох, посетовавши лишь на отсутствие эффекта новизны. Выше головы бы не прыгнули, но и не опозорились бы. Однако, в этот раз Ник Пиццолато написал действительно ущербный сценарий  ну ненормально это, когда ты после просмотра очередной серии, понимаешь, что примерно половина её была лишней, или, слушая диалог, через минуту задаёшься вопросом «А зачем он вообще нужен был». Надо ли говорить, что это не идёт ни в какое сравнение с тем, что мы видели ранее?  Дополнением к скудному сюжету идут и неудачные и по большей части серые персонажи. Главный герой, как по мне, получился слишком невнятным, плюс прослеживать метаморфозы, происходящие с ним, с каждым разом становилось всё тяжелее и тяжелее  с чересчур сильным надрывом и истеричностью всё это было подано, не люблю такое. Его напарник  это простой, слегка импульсивный и твердолобый мужичок, который предан своей работе и может в критический момент принять ответственное решение, даже выйдя за рамки своих полномочий. Просто вылитый Марти Харт, правда мужик этот не обладает и половиной харизмы Вуди, да и противоречивость того персонажа здесь как-то растерялась. Ну а второстепенных героев вы, скорее всего и не запомните. Ну, если вы вводите семью главного героя, то наверное ж не стоит делать её просто фоном и средством для забивки времени. Если у вас его жена занимает столько хронометража, то она, пожалуй, не должна быть такой пустой. Ладно, проехали.  И, как вишенка на торте  отвратительная развязка. Правда нужно было тянуть 8 долгих серий, чтобы привести всё к этому? Это, знаете, из того разряда, когда ты смотришь или читаешь увлекательный (или не очень) детектив, думаешь, строишь догадки и выдвигаешь теории об истинном лике убийцы, о том, кто именно из представленных в сюжете людей им является. А потом в конце обнаруживаются инопланетяне, и оказывается, что во всём виноваты именно они. И вместе с концовкой, умирает надежда на какую-либо глубину в этом сезоне. Ведь в первом сезоне была похожая ситуация, убийца также был совсем не примелькавшийся, но там, в итоге стало понятно, что один конкретный псих был не так уж и важен, потому что детективы противостояли целой системе, покрывающий и порождающей подобные дела. А здесь, чему противостоят главные герои? Вселенской несправедливости? Психическим расстройствам? Просто бред.  И я вовсе не считаю это маленьким провалом. Я скорее убеждён, что третий сезон  один из гвоздей в крышку роскошного гроба. Так что, мужики, тащите дроги, этот пациент уже окочурился.	Разнос третьего сезона	14
279	2019-03-15 19:57:00	Крепостная	2	0	На этот сериал попала совершенно случайно, когда ночью по телеку нечего было смотреть.   Самое первое, что привлекло мое внимание, это отвратительная игра актёров. Такое чувство, что из них высосали всю энергию и они еле произносят свои реплики, а когда произносят, то очень наигранно. Неужто в Украине не смогли найти приличных актёров, или же очень плохо старались? Единственными более-менее приличными были Ольга Сумская и Станислав Боклан.   Но, боже мой, все остальные меркнут по сравнению с главной героиней. Я не буду много говорить про ее красоту, это дело вкуса, но по-моему не выглядит она, как роковая женщина, в которую 3 мужчины влюбились сразу же с первого взгляда. Ещё ничего, если бы она обладала харизмой, обаянием, была кокетлива и интересна, или же наоборот, гордая и волевая. Так нет. Это абсолютно зашуганная серая мышь. На её лице постоянно только две эмоции: испуг и страдания, даже когда у неё вроде бы все хорошо. Она улыбается даже как мученица. И вот, когда на ее участь выпадают беды, её испуганно-мученическое лицо выкручивается на максимум, как в хоррор фильмах. Надо иметь, наверное, очень крепкие нервы, чтобы смотреть на это ее неменяющееся выражение лица на протяжении всего сериала. Я не смогла. Кавалер главной мученицы вообще разговаривает как робот.   Через несколько серий начинает казаться, что актёры сериала не так уж и плохо играют. То ли они действительно нормально начали играть, то ли ты просто уже к ним привык. Но только не главная актриса, у той все стабильно плохо.  Сериал местами по сюжету напоминает «Бедную Настю». Много персонажей списаны тоже оттуда. Но дело в том, что в «Бедной Насте», кроме самой главной героини, было много других персонажей и сюжетных линий, и все они между собой переплетались та или иначе. В «Крепостной» все крутиться вокруг главной мученицы. Поэтому приходится постоянно наблюдать как в эту «красавицу» влюбляется очередной мужик.   Что бы главная мученица страдала (не просто же так название «Крепостная», надо показать какая нелегкая судьба ждала раба) ей постоянно подкидывают новые и новые незадачи, чтобы выдоить драму, но делают это очень неумело. Они серьёзно сделали трагедию из того, что она прошлась босиком по лесной тропинке за телегой, которая медленно плелась. Она порезала немного ноги, но они все обставили так, что она еле пережила это и чуть ли не умерла после.   Единственное, что мне действительно понравилось во все этом унынии, так это декорации и виды. Все очень красиво обставлено, иногда красивые пролеты над поместьем. Костюмы же не впечатлили, выглядят дёшево.   В общем, все в этом сериале смотрится достаточно убого. Плохая актёрская игра, мало персонажей и они не раскрыты, одна сюжетная ветка, не способная втянуть зрителя, очень слабая главная героиня и актриса, которая ее играет. Я конечно же допускаю, что возможно, со временем этот сериал, серии так к 15, улучшился и его стало интереснее смотреть, но, на мой взгляд, хороший сериал должен зацепить тебя сразу с первых серий. С «Крепостной» у меня этого не произошло.	«Бедная Настя» по-украински	0
280	2019-03-15 19:23:00	История призрака	0	0	Режиссёр сделал ничем не примечательной рутиной из жизни простыни, которая не похожа на душу человека, а просто  простыня: Любовь, которой якобы нет; Смерть, которой тоже якобы нет; Жизнь, которая якобы не имеет смысла; Течение времени, якобы из ниоткуда в никуда.  В картине ничего не происходит. Даже то что в конце показаны 2 (ДВА!!!) призрака одного (1 !!) человека это не событие а просто рутина  Мыслей в картину не заложено (или режиссёр не передал). Просто на глазах бездушной простыни происходит 15-20 событий, таких как например  вдова ест пирог. 7 минут женщина ест пирог. А зритель должен из спокойного поедания пирога сделать вывод, что Она очень страдает по умершему мужу. Но на экране просто поедание пирога, без задних мыслей и глубоких идей. Все последующие события (15-20 на весь фильм) отыграны ровно также  НИКАК. Можно включить фильм и вместо экрана смотреть на стену, потому что на стене тоже ничего не происходит.  Страшен в фильме только один факт  это американская классика. Но это тоже  рутина.	Классика из простыни	2
281	2019-03-15 17:13:00	Зеленая книга	32	1	Сноб-пианист и люмпен, вышибала из ночного клуба, очередное неловкое искажение истории про Пигмалиона, воспитавшего свою скульптуру и условно «полюбившего» ее. Знак «премия Оскар» приносит мне как зрителю странную нервозность  легкий изврат, который на либеральном западе вполне себе и не изврат, а нормальная американщина, назовем это так, оказался достоин лучшей кинопремии три раза.  Сюжет проще не куда  Тони-болтун нанят на работу возить в голубом авто одного высокопарного музыканта по имени Дон Ширли (не путать шырлимырли). Героев сталкивают лбами  контрастными манерами и воспитанием, оттого все смотрится еще неприятнее  будто один хлыщеватый негр, которому высшее образование мешает доставать свои чемоданы из багажника, другой  вроде бы полная противоположность  распущенный вульгарный Тони Валлелонга  нарисованный также грубо картонно как и первый, во всем нетерпелив и постоянно жрет фастфуд, от чего воротит даже в зрительном зале, и жрёт (не путать с глаголом ест) так что чавкает брызгая куриным жиром по чистой машине и обмазывая подбородок кетчупом. Потребуется усилие, чтобы не сбежать с этого супер-пупер мирового шедевра «про сегрегацию» как говорят афиши.   При всем прочем, для Тони установлены сложные правила, Тони хочет много заработать, поэтому вынужден худо-бедно эти правила выполнять. Самое пренеприятное, что герои одинаково ограниченны: негр всю дорогу самоутверждается воспитательными монологами, то советами писать нежные письма жене Тони, вышибала  по-своему: так они выглядят как два обиженных подростка, которые меряются известно, чем, но обречены запутавшимися драматургами на долгие препирательства то с полицией, то друг с другом без особой пользы для кино.  Тема сегрегации представляется главной в контексте Америки тех лет, потому что считается, что по этому поводу стоит переживать (то стаканы в мусор выбросят после них, а то в туалет не пустят). Но в целом так и непонятно  при чём здесь сегрегация  если негр Дон прекрасно образован, закончил Ленинградскую консерваторию и с успехом гастролирует по стране, пусть и с некоторыми экивоками в свой адрес, но право обращаться с людьми как полный дерьма сноб у него точно есть. Правда, окажется, что его главный недоброжелатель  он сам, и у него тонна внутренних проблем, которые плоско, но все же обозначены  можно заметить, что одинокий чернокожий гей не вполне счастлив, потому что каждый вечер заливается бутылкой крепкого спиртного, и не хочет видеть людей, да и вообще особо ничего не хочет. Не ясно даже зачем ему этот утомительный вояж. Все равно ничего не изменится ни в людях рядом с ним, ни в общественном устройстве.  Единственное что привлекательно в этом фильме  руки пианиста, кажется, он на самом деле играет музыку, а не гладит по клавишам. Фигура Дона Ширли в темных антуражах концернах залов великолепна. Вот только эта музыка всегда обрезана до уровня чуть ли не пары финальных аккордов  чего зря тратить экранное время, лучше слушать пустую болтовню Тони, потому оценить и насладиться виртуозностью тоже не судьба  кино не об этом  не обольщайтесь. Оно вообще особо не о чём, так как в русском контексте без минимальной борьбы за права человека нет нужды говорить про другую расу, когда и белые-то конкретно ущемлены и обездолены. Все это навивает жуткие мысли, становится грустно очень.  1 из 10	Тоска зеленая	9
282	2019-03-15 16:09:00	Химера	4	1	И что это было? Я 80 минут наблюдал за Даже слова найти не могу. чтобы описать тот бред, который я смотрел. Фильм про чокнутую девку, которая любит играть в дочки-матери. Ладно, это хоть и жесть, но терпимо. А вот всё то, что происходило на экране, особенно во второй половине фильма, не поддаётся моей логике. Я смотрел все эти действия и не вгонял совершенно  а что же происходит? В чём суть то вообще? Я мучился просмотром в надежде уловить мысль, но увы  такая ахинея не расшифровывается.  После просмотра я залез почитать отзывы о фильме  и чуть с ума не сошёл. Столько положительного пишут про это творение, чуть ли не шедевром называют. За что? За какой момент этого бреда можно посчитать фильм хоть более-менее нормальным? Да, я не любитель фильмов со скрытым смыслом, всякие там арт-хаузы и прочий брел не переношу. Кто знает, может поэтому я не понял всего того, что увидел. Но разве можно что то понять в этой кровавой каше? Фильм, где 3 девицы творили чёрт те что, одна из которых периодически сама пыталась понять  в чём дело и где она? Ужасно унылое зрелище, которое подвластно явно не всем. И я рад что не вхожу в ту когорту кинолюбителей, которые посчитают данный фильм великолепным! Примерно как с фильмом Мэнди с Николасом Кейджем в главной роли. Всем тогда тоже эта ересь понравилась, а я плевался как ненормальный, пока досмотрел этот «шедевр».  Правила игры, сама игра, призраки (или что это было в случае с полицейским?), то ли сны, то ли просто глюки. Всё это смешалось в одну кучу и кто то назвал это фильмом. Я никогда не осуждаю людей, которым нравятся фильмы, которые не нравятся мне. У каждого свой киновкус и предпочтения, но, господи, что тут то завлекло людей? Может, я отстал от жизни и такая дурь нынче в моде? Кто знает, но надеюсь больше не увижу ничего подобного.  Что в итоге? Пишу чисто своё мнение: мутный и идиотский фильм, не пойми про что и не пойми зачем снятый. Полнейший бред. Советовать к просмотру точно не буду, но отговаривать тоже, ибо много положительных отзывов говорят о том, что кому то «это» понравилось.  1 из 10	Полная чушь	3
283	2019-03-15 15:54:00	Капитан Марвел	0	5	Пошел на эту картину только из-за того, что это часть большой вселенной. Киновселенная «Марвел», на мой взгляд, не является открытием для кинематографа, но и обойти вниманием эту массивную «кампанию» я не сумел. С первых фильмов меня подкупали хороший юмор, эпичные саундтреки, харизматичные персонажи, актеры, разумеется, играющие их, хорошо сбитый сценарий, и в последствии гигантское количество самоотсылок.  Единственный минус этой вселенной, опять таки на мой взгляд, это злодеи которые ну уж очень похожи на протаганистов, но разумеется на стороне зла. Ну посудите сами  Халк/Мерзость, Кэп/Череп, Железный человек/другие железяки порожденные им, Пантера/Ягуар, Муравей/Тот парень в желтом костюме. Но это на первых парах  далее дело сильно исправляется и все становится отлично  Ронин/Альтрон/Танос и т. д. Это, я считаю, позитивное развитие как киновселенной, так и киноделов.  Все с мнением о всей «саге», разобрался. Можно и к к. Марвел перейти.  Визуальное исполнение (CGI) неплохое, но не было «вау» моментом. Как например в Докторе Стрейндже или стражах.  Юмор слабое место этого фильма  либо надо было выдавать шутки редко, но метко (Железный человек тому пример), либо больше гегов. Максимум легкие смешки, никакого хохота в голос в кинотеатре не было и близко. Эдагара Райта и Тайку Вайтити не переиграть.  Само повествование, достаточно, нудное, сюжетный поворот читается в середине фильма, Ронин обвинитель вообще никак не проявил себя, Фьюри через чур несерьезен и как будто вовсе не удивляется происходящему.   Сама Бра Ларсен не удивляет нас сильной актерской игрой  ее персонаж девушка-бунтарка которая пытается понять кто она. За этим интересно было бы смотреть если бы это подали иначе, а не как в фильме. Дальше СПОЙЛЕР Основная мотивация персонажа  речь ее подруги аля «ТЫ самая сильная и веселая девчонка которую я знала». Все разумеется под пафосную музыку с наездом камеры на говорящую. Если бы эту сцену разбавили хоть капелькой юмора, эффект был бы гораздо выше, но опять таки это мое мнение. А нелепое в фильме  это сцены где показывают как Капитан Марвел бежит. Серьезно, я даже слегка удивился, сцены с бегом главной героини выполнены преотвратительно, причем дело в самой актрисе  она очень нелепо бегает. В этом нет «крутости» присущей мстителям. Мимика Бри тоже однообразна, это уже так размусолено, что нет смысла об этом распинаться.  Я намерено обхожу стороной скандалы связанные с актрисой, чтобы не быть предвзятым. Как она ведет себя вне кадра и какую политику ведет меня не интересует  меня интересует конечный продукт который получился слабым.  Только за то это часть большой вселенной  5 из 10	Ни то, ни сё, ни 5-ое, ни 10-ое	3
284	2019-03-15 14:58:00	Озарк	6	0	Заглянув сюда после просмотра второго сезона был крайне удивлен количеством зелененьких рецензий и рейтингом.  Первый сезон оставил равнодушным, а вот после второго захотелось высказаться.  Если рассматривать два просмотренных сезона как одно произведение, то в целом это ни о чем.   Марти Берд в исполнении Дж. Бейтмана абсолютно безжизненный персонаж, не вызвал ни сочувствия, ни наоборот. Жена его чуть поживее, но тоже не очень.  Мне все показанное напомнило достаточно дорогую, но неуклюжую агитку на тему «связываться с мафией/картелями/преступностью очень плохо и опасно. Это затягивает, даже хороший человек становится вынужден делать плохие вещи и все может плохо кончиться»  Обсуждать тут перипетии сюжета смысла не вижу, скажу лишь, что он явно не захватывающий, не интригующий. Речи о том, чтобы посмотреть этот сериал за 1-2 захода, я думаю не возникнет ни у кого.  Еще снят он в чрезвычайно темной гамме. Настолько темной, что смотреть с телефона или планшета в светлом помещении было просто невозможно. А уровень сериала не позволяет выделять на него время вечером, в затемненной комнате, с большим экраном. Поэтому я его с трудом одолел где-то за месяц.  В общем, пока есть другие непросмотренные еще сериалы, этот смотреть не рекомендую.	Ни о чем	2
285	2019-03-15 14:09:00	Гурвинек. Волшебная игра	0	2	Скажу сразу, что это возможно один из худших из просмотренных мной полнометражных мультфильмов в жизни. Я силился найти хоть что-то хорошее в этом произведении, но это крайне трудно сделать. Мультфильм не спасает даже относительно неплохая анимация, в которой явно прослеживается франко-бельгийское участие, а главный герой поразительно напоминает Тинтина (даже компаньоны-собаки чем-то схожи), хотя основой выступала чешская кукольная постановка. В фильме есть проблемы с липсингом (совпадание движения губ персонажей звуковому ряду), но это не самое худшее на фоне сюжета, который в погоне за актуальностью для детей (видеоигры, использование молодежного сленга), превратился в невразумительное нечто, в котором сложно найти суть не то, что ребенку, но и взрослому человеку. Уже через полчаса после начала сеанса, дети начали откровенно скучать и начали капризничать, некоторые стали бродить по кинозалу.  Лучшее что есть в «Гурвинеке»  это титры, где вставлены видеофрагменты из работы по озвучиванию мультфильма, в которых можно увидеть и услышать известных артистов вроде Ефремова, Стоянова и Райкина, в остальном это полностью провальная вещь.   Пока писался этот обзор, вышла новость о том, что «Гурвинек» провалился в прокате. Минкульт России обвиняет в этом кинотеатры, которые объявили бойкот мультфильму в ответ на перенос мультфильма «Королевские корги». Этот случай, в очередной раз доказывает бесполезность переноса премьер с целью протекции национальных кинолент.   2 из 10	Пример того, как не надо делать мультфильмы	0
286	2019-03-15 13:07:00	Ангел	15	0	Красивый, но бессмысленный фильм, как и его главный герой. Красивый мальчишка, но с пустой головой. И ведь опять и тут буквально впихивают в зрителя идею о том, что мужики имеют право делать что хотят со своими телами и друг с другом. Господи, как же это утомляет. Хотелось посмотреть интересную историю о дерзких, безбашенных подростках, а опять получила толерастию и растление детей.   Фильм снят красиво, главные герои красивые. Бессмысленная жестокость не впечатлила, бессмысленные действия главного героя так же не впечатлили. Чтобы мне понравилась картина, я должна прочувствовать главного героя, понять его мотивацию. Тут же я увидела действие ради действия и больше ничего. Я даже не могла оправдать его поступки какой-то любовью. Это не любовь, это эгоизм и детская глупость.  Фильм смотрела в два захода, потому что он утомляет. Даже его красота не спасает от дымки сонливости во время просмотра. До конца так и не получилось досмотреть. Когда произошел самый значимый поворот событий, я поняла для чего оно все нужно было и просто выключила. Невозможно так издеваться над зрителем.   Всю эту историю можно было бы упаковать в один час времени. Не понимаю, для чего надо было так растягивать, показывая совершенно пустые события их приключений. Ничего интересно не было, глупость глупостью подгоняет. Время потрачено зря, красота ангела не стоит потраченного временит.		9
287	2019-03-15 11:45:00	Капитан Марвел	0	2	Во-первых фильм мусор, во-вторых тупой, и в-третьих это всё очень печально. В чём-то и интереснее откровенно плохой Пантеры, в чём-то идиотичного Муравья и Осы, но даже какое-никакое изменение стандартного шаблона, как оказалось, не спасло фильм, провалившийся по ряду других факторов. Если это вообще фильмом можно назвать.  Т. е. сейчас мы представим, что это чисто гипотетически «фильм», представляющий культурную ценность. И в нём есть: сюжет, который лихорадит як корабль на волнах, то начинающий казаться интересным, как сразу же теряющий всё за какой-нибудь тупостью; порой отсутствие каких-либо логических связей в поведении/объяснении, как будто фильм снимали для фестиваля детской самодеятельности; целый набор ультимативно неинтересных персонажей и персонажек; ну и докучи отсутствие хоть какой-то атмосферы: думал, что фильм будет плох но хотя бы покажут всеми любимые 90-е, а там даже от оных один только пейджер без пепси и MTV.   О технических кейсах. Если даже закрыть глаза и уши на очередную феерию шуток для идиотов и диалоги на уровне таком же, если забыть, что все аудио и визуальные элементы мы уже видели в предыдущих фильмах киновселенной, то остаются ещё и актёрские «работы». Сэмюэль Джексон, являясь прекрасным исполнителем, никогда особо не выделялся в фильмах марвел  был и был. Создатели решили это исправить и превратили его персонажа в дебила. И чё бы не взять Эдди Мерфи, раз технология омоложения есть. Герой Джуда Лоу вообще непонятно зачем был нужен, как и весь его отряд статистов. Про гг без комментариев  ну видимо есть у боссов марвел фетиш на актрис брёвна. Ладно.  Но оба этих абзаца на самом деле и не были нужны, ибо всё банально. Фильм снят не только как конвейерная работа для заработка, а ещё и в угоду тренду, отчего абсолютно абы как. Киновселенной он не нужен, просто как фильм тоже неинтересен. Опозорили и себя, и даже фем-движение. Обычная провинциальная соцреклама.  2 из 10	Капитанка Марвел	2
288	2019-03-15 00:01:00	Легенда синего моря	1	0	Я три раза пыталась смотреть этот сериал. Из-за Ли Мин Хо, конечно. Очень его люблю. Но вот тут так и не смогла. Совсем не смогла. Самое обидное, что здесь его отлично снимают. В неромантических сценах он очень хорош. Но как только в кадр влезает русалка  прямо хоть свет туши. Что она делает? Жрёт, пьёт, плавает и говорит герою какой он красивый. Это просто тоска какая-то. Нет в этих отношениях ничего человеческого. Не понятно, за что нужно любить русалку? Ну, просто во всех других дорамах обоснованность выбора героем героини  понятна. Но здесь? В русалке нет никакого шарму. Одни первичные инстинкты. То, что она неряшливо жрёт никакого умиления не вызывает.   Сценаристы вроде как хотели про любовь и драму. А вышла чушь какая-то и пластмасса.   Очень надеюсь, что Ли Мин Хо покажет ещё принципиально новый класс в новых работах. Прошло года. Армию вроде отсидел. Пора браться за дело)		0
289	2019-03-15 00:00:00	Схватка	0	7	Очередной фильм о выживании среди дикой природы, на этот раз с Лиамом Нисоном в главной роли, отправляется в мою корзинку фильмов-разочарований. Что мы имеем: авиакатастрофа, заснеженные бескрайние леса, выжившие перепуганные мужчины, то и дело творящие какие-то глупости, благодаря которым волки явно не останутся голодными и да  волки. Страшные горящие огоньки глаз в темноте ночи. Волки кстати получились лучше всего во всей этой истории. С ними могут конкурировать только прекрасные лесные пейзажи, за которые сразу хочется поставить балл повыше. В остальном  всё как-то пресно и скучно. Персонажи толком не вызывают сопереживания, а фильм можно спокойно смотреть фоном к домашним делам. Если что пропустишь  ничего не потеряешь в общем-то.   Знаете, что мне нравится в фильмах о выживании? Воля к победе главных героев, их желание выжить самим и помочь выжить тем, кто оказался с ними рядом. Поэтому даже довольно монотонный фильм с Лео получил от меня достаточно высокий балл. Лео хотел жить, в его груди горело пламя победителя, и несмотря на все чудовищные обстоятельства, через которые ему пришлось пройти фактически в одиночку, он заставлял себя подниматься и идти даже тогда, когда большинство бы сломались и замёрзли в снегу, заливаясь слезами жалости к себе. Так вот, возвращаясь к «Схватке»  тут этого нет. От слова совсем. Тут нет сильных персонажей, нет инстинкта самосохранения, нет жажды жизни. Всё как-то очень посредственно. Что-то из этой серии я увидела только в самых последних кадрах фильма  и то, не перехватило у меня дыхание.   То ли Нисон слишком депрессивно выглядит для подобной роли и не внушает нужных эмоций, то ли ещё что, но результат  «схватка» со сном на протяжении всего фильма. Откуда 7 баллов тогда? Для меня это оценка  «средне», «так себе», с учётом красивых пейзажей, пары интересных сцен и тематики, ниже ставить не стала. Но и рекомендовать к просмотру, пожалуй, не буду.   7 из 10	Не цепляет	1
290	2019-03-14 22:22:00	Сатисфакция	0	5	Приключение. Наткнулся на данный сериал совершенно случайно, когда его показывали по «ящику» в год выхода, причем увидел я только концовку, которая меня очень сильно заинтересовала. Потом забыл об этом на некоторое время, пока, однажды, не решил выяснить, что же это такое было. В итоге нашел, посмотрел  и разочаровался. Вот мое краткое мнение  отталкивающе карикатурное рубилово. Тем не менее, я подробно остановлюсь на всех плюсах и минусах данного сериала. Так давайте же приступим к этому.  Итак, плюсы:  1. Окружение и костюмы  при просмотре у меня не возникло ощущение некоей фальшивости в обстановке. Создатели в данном плане действительно смогли погрузить зрителя во времена правления Николая Первого, время Пушкина и Лермонтова. Офицерские мундиры выглядят просто отлично, и аудентично описываемому времени. Ты действительно ощущаешь, что перенесся в первую половину девятнадцатого века.  2. Актерская игра  все актеры (за исключением одного, о котором ниже) играют отлично. Что и не удивительно, ведь тут вам и Александр Ильин, Александр Домогаров, Виктор Раков, Дмитрий Марьянов (Царствие Ему Небесное), Виктор Сухоруков  актеры, у которых за плечами не только кино, но и театральные подмостки. А театральных актеров я всегда считал самыми лучшими (например Йен Маккелен или Бенедикт Камбербетч). Здесь даже придраться не к чему!  3. Дуэли  чего у сериала не отнять, так это зрелищных, красивых, и смертельных дуэлей. Постановка их просто на ура. Данные сцены очень динамичные, особенно финальная. Это просто нужно видеть. Если вы думали, что где нибудь, кроме этого сериала, видели лучшие сцены дуэлей в отечественном кино  то ошибались.   Итак, минусы:  1. Карикатурность  мне уже захотелось выключить первую серию на второй минуте  это серьезно. Просто тут пошли какие то штампы и клише о Николае, о Бенкендорфе и о многом другом, что мой мозг был готов взорваться. Мне пришлось применить чудовищную силу воли, что бы продолжить просмотр. Да и в последующих сериях накал карикатурности не спадал.  2. Отвратительные главные герои  все, кроме капитана Раевского. Они не вызывают сочувствие, ты не становишься на их сторону по мере развития истории, наоборот  ты их ненавидишь еще больше, чем вначале. Причем, если бы они были антигероями, то их должны были приукрасить, но нет. Тут сплошь мерзавцы и негодяи.  3. Марат Башаров  тут он играл императора Николая, и как же отвратительно он это делал. Даже мой семилетний племянник исполнил бы данную роль гораздо лучше. Башаров тут даже не играет  он просто произносит реплики, и все, даже не включая эмоции. Всегда недолюбливал Башарова, и не понимал восхищений по его поводу.  4. Где смысл?  главный вопрос, висевший на протяжении всех восьми серий. О чем же это кино? О чести? О славе? О мести? О дружбе? Да ни о чем из вышеперечисленного. Просто набор действий, который можно назвать одним словом «приключение».  5. Незаконченность  опять двадцать пять. Сказали «А» и не сказали «Б». А продолжения то и нет. Ха! Додумывай мол зритель сам, какую кашу мы тут заварили.  6. Скучная музыка  не считая заглавной темы, напоминающей какой то водевиль, и еще одной композиции.  Немного о главных героях:  1. Капитан Раевский в исполнении Виктора Ракова  первая сабля России и герой многих военных компаний, угодивший в опасную и поганую заварушку. Единственный благородный человек из всех главных героев. Человек чести и достоинства, в блестящем исполнении достойного и обаятельного Виктора Ракова!  2. Николай Анненский в исполнении Дмитрия Марьянова  камер юнкер и самый интересный из компании мерзавцев, но только за счет особой подачи Дмитрия, который сделал этого героя хоть и мерзавцем, но мерзавцем с юмором.  3. Бенкендорф в исполнении Виктора Сухорукова  описывать героя я не буду, ибо известен он не только в узких кругах, но повторю, что здесь он представлен отъявленным подонком и прочими эпитетами, перечислять которые я устану. И я не виню Виктора- даже тут он классно играл. Я виню сценарий.  В итоге имеем среднее драматическое приключение компании мерзавцев и негодяев с обилием карикатурности, но с отлично поставленными сценами дуэлей и в хорошем окружении.  5 из 10	Отталкивающе карикатурное рубилово или Что это было?	0
291	2019-03-14 22:02:00	Глаза звезды	2	2	Фильм начинается как скучная драма, созданная по американскому шаблону: бедная официантка пытается стать звездой в кинобизнесе. Если бы фильм был авторский, то это могло бы напоминать сюрреализм Дэвида Линча из Малхолланд драйва, однако в фильме на сюрреализм происходящего ничто нам не намекает. Девушка получает прослушивание, которое, как показывают нам ракурсы из кино, проходит в богом забытом месте, словно это подпольное детское или бдсм порно. Реплики героев столь же невыразительны, как и их характеры  берите любой фильм категории «С» и получите типичный коктейль придурков. Всё это продолжается примерно в столь же унылом ключе, где шеф забегаловки на углу готов уволить главную героиню, объясняя ей, что она не может сделать пару звонков во время работы, так как миллионы девушек готовы убить за место официантки в ноу-нэйме. Вспоминается фильм «Поездка в Америку» с Эдди Мерфи, где один персонаж объяснял (в комичном ключе): «Раньше я мыл полы, а теперь чищу салат!» Раз драма не удалась, то автор картины решил через полчаса свинтить в мистику, наполняя фильм духом того самого «Черного лебедя», где задрипанная героиня пробивается через тернии к звездам. На этом, можно сказать, что сюжетно фильм заканчивается, потому что оставшееся время, то есть почти половину фильма, нам предлагают смотреть как героиня корчится от боли и разлагается в прямом смысле. Вас ждут и сопли, манная каша и кровища, всё как в худших традициях фильмов ужасов, поскольку мистика тоже не удалась, и автор в агонии принимается за хоррор.   Куда нам до нормальных людей, у которых есть страховка, друзья, или там кол-центры, нет, мы будем идти сами до победного через нелепости и абсурд режиссуры последние 30 минут  это то, когда можно пролистывать ленту инсты, мыть посуду, протирать пыль, поливать цветочки, короче  время, которое лучше провести с пользой.   Однако, после таких фильмов «Нимфоманка» Триера или его же «Джек» не выглядят побледневшими красками в кинематографе, поскольку теперь точно знаешь, как выглядит ил.  2 из 10	Смузи из манной каши и сопель	0
292	2019-03-14 21:15:00	Точка возврата	0	3	Режиссер Брайн А. Миллер избрал весьма мученическую стезю  фильмы категории B. По каким-то причинам его проекты выполнены, ну, заранее с прицелом на то, чтобы прописаться в реестре аутсайдеров; при этом в его кинокартинах принимают участие вполне талантливые люди. Брюс Уиллис, вот, отметился в «Расправе», так что настала очередь Сильвестра Сталлоне получить гонорар, поспать на съемочной площадке и посвятить свое драгоценное время очередному унылому триллеру, не имеющему творческих элементов.  Семь лет назад Мак был частью преступной банды, которая ограбила банк и сумела спрятать деньги в тайнике. Соучастники порешили всех, кто знали о награбленном, кроме Мака: тот выжил, но потерял память. Полицейский Сайкс расследует это дело. Мак, коротая время за решеткой, сбегает, а также пытается разобраться в недрах памяти с помощью экспериментального устройства (!). Всё начинает катиться к чертям, когда Сайкс возобновляет расследование.  На самом деле столь странный (если не сказать, что безумный) сюжет вполне работоспособен. Мак  хороший персонаж, особенно если учесть факты его биографии. Начало вообще вышло весьма бодрым, а сам герой попадает в самую страшную из ловушек  темницу своего разума. Вкупе с бандитским сюжетом подобное может служить как отправной точкой для яростного триллера, так и психологического приключения. На практике подобное передается вообще без амбиций. Материал попросту скучный и слабый. Реализовано всё в корне неверно. Вместо нагнетания атмосферы или хотя бы достойный тайны зрителя пичкают дешевыми декорациями, тусклой сюжетной линией, твистами, вызывающими головную боль и так далее. К тому же, сценарий явно считает зрителя глуповатым: в реализацию добавлены странные визуальные решения, так как съемочная группа, похоже, не верила, что их зрители не могут отличить кинематографическую реальность от фантазий протагониста.   Участие Сталлоне в этом дурном зрелище минимальное. Актер, похоже, пробыл на съемочной площадке всего несколько дней и едва прилагал усилия, чтобы пробурчать скучные строки диалога. Мэттью Модайн, некогда подающий надежды актер, пытается передать агонию освобожденных воспоминаний, но в большей части «Точки возврата» он просто хватается руками за голову и орёт от боли. Не помогают двум ведущим актерам и лица второго плана, которые трудолюбивы, однако слабо работают из-за банальностей диалогов и неясных мотивов. В конце концов никто из героев не детализирован, чтобы за него переживать.  «Точку возврата» можно было бы назвать занудным фильмом, но слишком быстро кинолента становится беспорядком. Брайан А. Миллер  не Кристофер Нолан, так что и правильное впечатление от погружения в омут памяти ему не передать. Миллер не стремится выйти из порочного круга своих дурных работ, хотя предпосылки для обратного были.   3 из 10		1
293	2019-03-14 18:33:00	Рождённый стать королём	1	5	Так «Рождённый стать королём».   Скажу сразу, что смотреть это было ужасно тяжело. Как же это всё уныло и неинтересно. Я даже не знаю, с какой стороны оценивать фильм. Несмотря на то, что он безумно детский и наивный, я оценю его, основываясь на своём восприятии, хотя, возможно, и не являясь целевой аудиторией.   Сейчас подробнее  1. Сценарий  О мой кринж При просмотре я испытал такое количество «испанского стыда», которое не испытывал уже, наверное, целый год. Вся история, повествующая о мальчике-школьнике, вытащившего меч из камня и пытающего победить своего врага, очень нудная, скучная и переполнена пустыми, бессмысленными диалогами, от убогости которых хочется просто смеяться. Из-за всего этого, да ещё и возведённого в куб, сюжет становится просто пресным. Я не назову его тупым и идиотским, но он под завязку переполнен детской наивностью и неестественностью, в результате чего взрослый человек будет жёстко кринживать от увиденного.  Что касается персонажей, то подробно они так и не раскрываются. Нам изначально (где-то в первые минут 30) показывают некоторые их черты характера, но после этого герой так за остальные часа полтора и не будет развиваться, не объяснит своё отношение к людям и своё поведение в общем. В основном герои не так сильно бесили, как их разговоры/диалоги, но некоторые персонажи меня все-таки просто раздражали с самого начала.  Если выразиться короче, то сценарий здесь просто ужасен! Тут плохо все! От чуть ли не каждого действия героев взрослому будет неимоверно стыдно. Я до сих пор не осознаю, с какого это момента на картине стоит 90% на RT?! Это уровень проходного кино, а не отличных блокбастеров и просто хороших картин.   2. Актёрские работы  Вот это прям порадовало. Дети, на моё удивление, хоть и произносили полный бред, но играли по большей части очень даже неплохо. В какой-то момент герою захочется сопереживать, но до того момента, пока он опять не скажет что-нибудь максимально стыдное.  Что касается Патрика Стюарта, то он здесь просто никакой. Скорее всего потому, что играть здесь ему нечего и хронометража у него сравнительно немного. Ну а вот несмотря на сравнительное небольшое присутствие Ребекки Фергюсон, её харизма делает своё, и героиня уже не смотрится, как бревно но все равно так и не раскрывается вообще. Она есть, у неё мотив и она ему следует. Классика клишированного злодея/врага. Актрисе здесь также нечего играть, но в отличие от Стюарта она пытается выжать из себя по-максимуму. Её присутствие в ленте  один из плюсов проекта.   Ну и если подводить итог, то актёрские работы по больше части здесь хорошие. Нормально, но не более.   3. Иные плюсы фильма  - Отличный визуальный ряд  Хорошая съёмка и отличная графика делают здесь своё, что как раз и не даёт окончательно отрубиться при просмотре.   - Soundtrack   Стандартный, но приятный. Когда перед тобой показывают кринжовые и бессмысленные диалоги, и не такой саундтрек рассматривать начнёшь. В плеер 100% я его никогда в жизни не закину, но под визуал в самый раз.   На этом особо явные плюсы у картины заканчиваются.  4. Атмосфера  Никак не работает! Она не заинтересовывает, а втягивает все в большее уныние. Даже саундтрек в должной мере не помогает исправить ситуацию и накалить обстановку. Историей не проникаешься, за героями следить не хочется.  И в результате  атмосфера никакая. Её просто нет!  В итоге:   Это весьма унылый, неинтересный, скучный, неестественный, безумно наивный и детский фильм, при просмотре которого взрослый человек испытает нереальное чувство стыда за героев. Проект получился пресным! В нём ужасный сценарий, что включает в себя никак не прописанные характеры героев, бессмысленные диалоги и нудную историю-интерпретацию легенды о «мече в камне».  Плюсы, кончено, есть, например, актёрская игра, визуальный ряд с графикой и стандартный саундтрек, но все это меркнет на фоне убогости сценария. Если история не интересна, то её не спасёт ничего, кроме, наверное, экшена и визуала, который должен как минимум чем-то потрясать зрителя, но это не тот случай и здесь это не работает.   Мне фильм абсолютно не понравился, даже несмотря на его плюсы.   Смотреть это я никому не посоветовал бы, но я не исключаю возможности, что это может понравится детям.  Ну а так я советую всем подумать перед просмотром этого в кинотеатрах.   До сих пор не понимаю, откуда на Rotten Tomatoes такие оценки критиков  5 из 10	«Испанский стыд» в чистом виде	1
294	2019-03-14 16:38:00	Супергеройское кино	5	5	Стрекозец спешит на помощь!  Супергеройское кино   Пародия может смело претендовать на самый деградировавший жанр в кинематографе. Это уже реально не смешно. И во всем виноваты подобные ленты, а верней люди, которые их делают. У создателей была огромная почва для простора  фильмы по комиксам и супергерои. Пожалуйста, бери любой фильм Марвел или ДС, спокойно пародируй, весели народ. Ведь некоторые картины (типа «Зеленого фонаря» или «Женщины-кошки») сами по себе уже вызывают улыбку. Добавь чуточку желания.  Но абсолютный пофигизм создателей перевешивает чашу весов. И ты в очередной (многомиллионный) раз смотришь пародию с кислой миной. Режиссер Крэйг Мазин, автор сценария Крэйг Мазин. Когда-то он пописывал к «Очень страшному кино 3» и «Очень страшному кино 4». Решил самостоятельно поставить пародию, залез в режиссуру, опростоволосился по полной программе, как сладкая парочка  Фридберг и Зельцер.  С самого начала, товарищ Мазин следует за нашим друганом Сэмом Рэйми, издеваясь скабрезными (ниже пояса) якобы шутками над его «Человеком-пауком». Именно эта картина была взята за основу (автобус, неудачник, поход в лабораторию, укус, супергерой, дом у дороги, асса-радары чу-кара), но спустя минут двадцать, Мазин будет оскорблять (именно оскорблять, а не пародировать) всех подряд, кто попадется под руку (от Людей Икс до Фантастической четверки).  Отношусь спокойно ко всем этим ребятам. Фанател  без мата бы точно не обошлось. Больно, стыдно и не смешно, опять же. А знаете почему? Сказывается еще отсутствие вкуса. Мазин показывает в своем фильме, как совокупляются животные, как взрослая женщина портит воздух, как Стрекозец ходит по маленькому (сидя на потолке, ох) и т. д. Это тупая пошлятина, не более. Если какие-нибудь братья Уайнсы выкатывали пошлый бред, то за ним обязательно шла смешная шутка или сам бред был забавным. У Мазина же чушь показана ради того, чтобы растянуть хронометраж (кино еле за 1 час перевалило).  И не надо смотреть на Лесли Нильсена или Памелу Андерсон. Они здесь для мебели. Узнаваемые лица на постере, чтобы продать подороже. Кстати, бюджет совсем не чувствуется. Выкинули деньги на ветер. Подводя итог, хочется сказать только одно, очередная пародия не смогла порадовать. Плохое кино по всем параметрам. Бледный главный герой. Блевотные плевки вместо юмора. Да и ворованные шутки из других картин проскакивают. Промах!  P.S.  И Кевин Харт в роли школьника, а-ха-ха, под 30 мужику! Вы бы еще Эдди Мерфи позвали, тот вечно молодой  3,5 из 10	Мои фильмы из помойки!	4
295	2019-03-14 15:33:00	Высоцкий. Спасибо, что живой	1	5	Хотите страшную сказочку? Ну вот вам на десерт: жил-был Володя Высоцкий, крутил -вертел гитарой на сцене. Правда, поэт был потрясающий. Но за его талантом крылась двойственность натуры. Стремление к водке и таблеткам было использовано. Понимая, что Высоцкий не просто опасен для советской системы, из него решили сшить марионетку, которая бы рассказывала на Западе, как хорошо жить в СССР, а у нас петь песни о том, как паршиво на Западе.  Безруков уже после 2007 года  не актёр. Некая кукла, на которую намазывают грим. Он и говорить разучился нормально. Сиплый голос, как скрежет по металлу, не даёт смотреть этот фильм.   Всё кино нам вдалбливают идею, что Высоцкий был антисоветчиком, против которого отчаянно боролись и наконец, когда ему стало плохо, решили добить. Спасибо что признались. Теперь расскажите сказку, кого не устраивали Цой и Тальков. А всё гораздо проще: не может человек жить в стране, которая обожает лгать. Это мучения. И рано или поздно, ты умрёшь. Хоть героем, хоть предателем. И останется от него книга стихов, скажем из тысячи. Но более не будет ничего и маска Безрукова станет никому не нужна. Такой высоцкий нам не нужен. Он у народа свой.   5 из 10	Зачем он нам такой?	2
296	2019-03-14 14:53:00	Капитан Марвел	0	5	Предполагать, что новый фильм Марвел станет прорывом было бессмысленно. Так оно и оказалось. Нащупав золотоносную жилу превращения детских комиксов в дорогостоящий сериал, Марвел полностью решил проблему создания потокового качественного контента  компания просто от него отказалась и сделала расчет на маркетинг, политику, хайп и графику. Учитывая что прошлый полнейший шлак «Черная пантера» попала в номинацию Лучший фильм на Оскаре, явно по политическим и социальным причинам, «Капитан Марвел», который еще хуже, вполне может получить его в следующем году.  Начнем с того, что фильм «Капитан Марвел» является не художественным произведением, а способом заработать деньги таким же легким способом на фоне безумного «феминизма» как и у DC «Чудо женщина». Это единственная причина появления этого фильма.  Актриса Бри Ларсон весь фильм ходит с каменным лицом, которое как я понимаю должно обозначать «неимоверную силу» в ее руках. Смысл всего фильма заключается только в привязке героини к грядущим Мстителям. В чем суть, рассказывать не буду, иначе это будет спойлером, а вдруг кто все равно хочет посмотреть.  Сюжет фильма вообще печален. Зритель с самого начала попадает в кутерьму событий, где Марвеловская чудо женщина валит всех подряд направо и налево. Никакого сопереживания, никаких эмоций героиня не вызывает, только тащишься от экшОна)). Персонаж Ник Фьюри из сурового, добивающегося великой цели любой ценой, даже двуличием, жесткого, несгибаемого превратился в какого-то клоуна, обожающего КОШЕК. И да, «котэ» является чуть ли не самым заметным персонажем на фоне всей бестолковой сюжетной линии, а это уже говорит о многом.  Неприятно сознавать, что киноискусство перестает быть таковым и полностью превращается в социально-политические рычаги, так как мы  люди, становимся жертвами всей этой вакханалии. Вы только вдумайтесь, «Капитан Марвел» окупилась за первые 3 дня проката!!! Это безумие. Так как фильм откровенно слабый. А значит люди идут и будут идти, потому что им так сказали.   5 из 10	Низкопробный сериал	4
297	2019-03-14 12:40:00	Олави Вирта	0	0	Размеренное, как и всегда, финское кино. На этот раз о певце, с виду талантливого и просто замечательного парня и семьянина. В целом, снято неплохо, кругом гламур, песни, радость и талантливость. Походит на бродвейский мюзикл и голливудское кино о бомонде Америки чёрно-белого кадра, где постоянно шампанское, счастье, женщины, музыка, где нет бед, нищеты и безработицы. Эта тематика изжила себя, а лишнее её повторение только отвращает от экрана. Данный фильм не цепляет почти ничем, кроме HD качества картинки, чего не было в старом кино. Игра актёров неспешна, отретуширована гримом и не наполнена искренностью и философией бесед. Пустодельное зрелище, с банальной историей успеха финского супер-героя. Зрелище, которое сильно затянуто, при этом наполненное не событиями, а пустотой. Кино, которое хочется перематывать, и, останавливая, зачастую угадываешь следующую фразу, сцену, эмоцию. Скучно, хоть и красочно. Красочно кадрами, а не эмоциями.	Олави-Витровская	0
298	2019-03-14 12:25:00	Чайка	1	0	Удивлен высоким рейтингом фильма у критиков. Это не делает им чести. Ладно рейтинг зрителей  есть, в конце концов, не читавшие чеховскую пьесу, не видевшие театральных постановок. Или читавшие в плохом переводе и в результате ничего не понявшие.  Но кинокритик обязан понимать достоинства и недостатки экранизации великого драматического произведения.  Не претендую на статус кинокритика, но не увидел первых, зато вторые просто убивают Чехова.  Помню очень хороший отечественный фильм «Успех», посвященный тому, как в провинциальном театре ставят «Чайку». Там режиссер (Леонид Филатов) убеждает актеров, что эта пьеса  о любви. Не сразу, через преодоление, он добивается того, что они проникаются его творческим замыслом и действительно играют на сцене ЛЮБОВЬ.  В фильме Майера любви нет совсем. Персонажи пытаются изобразить влюбленность и иногда страсть, но веры им ни на грош. Крайне неудачный кастинг создает анти-любовь  ну невозможно влюбиться в этого Тригорина, в эту Нину, в этого Дорна! Актеры играют один хуже другого, Кори Столл от образа Тригорина на расстоянии нескольких световых лет, лысый, толстый, заросший щетиной а-ля Стэйтхэм, мясистым носом и без малейшего проблеска таланта. Не веришь и Беннинг-Аркадиной, с удивительно жестким лицом и явным перебором стервозности. Как ни крути, в 60 лет играть эту роль могут только очень талантливые актрисы, к которым Аннет никогда не относилась, что в свое время доказала, загубив роль Джулии Ламберт. Зато в первых же кадрах  постельная сцена между Аркадиной и Тригориным, а через пару минут голенький Костя Треплев прыгает с мостков искупаться.  Билли Хоул и Сирша Ронан парой перешли в «Чайку» из фильма «На берегу» и в сценах, где они вдвоем, ловишь себя на мысли, что смотришь сиквел той странной истории про девичью фригидность. Но если Билли играет чуть лучше, то Сирша играет плохо настолько, что сводит скулы, а Чехов, наверное, переворачивается в гробу.  Бездарность режиссера особенно проявилась в изображении озера, важнейшего элемента всего сюжета. Тут как раз преимущество кино перед театром  есть средства показать колдовское очарование такого фона для развития драмы. Майер этого не использовал, да настолько, что вообще непонятно  чайка откуда взялась ? Очень плохого качества комбинированные съемки  актеры в студии, а сзади подложен фон с видами озера, сразу была видна халтура. Как и в сцене спектакля, сочиненного Треплевым, львы, орлы, куропатки -это карикатурные марионетки, оказывается.  Провал	Это не Чехов	0
299	2019-03-14 02:20:00	Богемская рапсодия	7	0	Начали за здравие Силу характера, уверенность, ядерную энергию  показали. Ок, как смогли: показали! А потом?!   Я сидела в зале, с волнением смотрела  как же, как же они развернут такое мощное начало?!   А никак.   Без предупреждения, без какого-либо перехода, без никакой связи  «4 года спустя: раздавленный и сломленный человек, любуйтесь».   Мало того, что это неправда,   Создатели фильма ещё и не смогли придумать, как обосновать столь гротескный пасквиль.   Да и зачем обосновывать? Так удобно принизить легенду до уровня обывателя  до потерянности, одиночества, слабости, неспособности самому решать свою жизнь. Это так легко ложится на самоидентификацию большинства, что провал в причинно-следственной связи становится игнорировать очень, очень легко.   Ещё бы у фильма не было высоких оценок от широких народных масс  И ничего о силе духа, которая была с Фредди всегда, до последнего.   Его не остановил даже смертельный диагноз  он продолжал быть, творить, реализовывать себя.   Но кому это сейчас интересно снимать, а?   Отдельно возмущает, как обошлись с композицией Богемская рапсодия. 9 недель на вершине чартов, феноменальный финансовый успех, «лучшая рок-композиция тысячелетия», а что в фильме?   Карт-бланш группы, вызов, конфликт с продюсером  а потом?   Цитатки отрицательных оценок  в количестве; и всё!!! Всё!!!   Как будто не было никакого успеха. Как будто продюсер был прав: не будет шестиминутная композиция в топе. Как будто заявление Меркьюри о том, что это  гениальная, прорывная вещь  пустой звук, ошибка, лажа.   Нет слов.   Оскорблена в лучших чувствах.	Оскорблена в лучших чувствах	8
300	2019-03-13 21:42:00	Святая Агата	0	4	Режиссер Даррен Линн Боусман в начале своей карьеры доказал миру, что он вполне плодотворный хоррор-мэйкер. «Пилы» укрепили его успех, однако что-то вскоре пошло не так. Боусман был явно «на своей волне», любил всё эпатажное, так что его фильмы ужасов были наполнены отличительными элементами вроде музыкальных номеров и запутанных сюжетов. Долгий путь проделал постановщик, чтобы прийти к той теме, что ему по-настоящему интересна: этакая американская пастораль. «Святая Агата» больше напоминает его же работы «Пустошь» и «Абатуар. Лабиринт страха» со всеми плюсами и минусами тех работ: вязкая атмосфера, экзистенциальный ужас, построенный отнюдь не на бездумном насилии и, само собой, утомительное повествование и реализация едва ли не «на коленке».  Итак, на дворе 1957-й год и Мэри беременна. Девушка сбегает от агрессивного отца в женский монастырь в какой-то глуши. Матушка-настоятельница добродушно разрешает пожить Мэри в компании других молодых девушек, оказавшихся в такой же бедственной ситуации: без семьи и в положении. Героиня вскоре понимает, что с монастырем не всё так просто, а монахини, тем временем, открывают зрителю всё больше творческих садистских наклонностей.  Боусман не пытается вдохнуть новый ветер жизни в хоррор, благодаря «Святой Агате», отчего из сценария как будто песок сыпется. Фильм ужасов обладает четырьмя (!) заявленными сценаристами и неудивительно, что общий скрипт оказался смесью каких-то случайных идей. Оттого и с ответственной задачей Боусман не справился: его роль состояла в том, чтобы выступить проводником задумки, правильно расставить акценты. В конечном материале всё выливается в какую-то кашу: сперва куча флэшбеков, бездумных страшных моментов, а также эпизоды, когда сценарий буквально вбрасывает зрителю спойлер за спойлером. «Святая Агата» пытается усилить драматическое содержание, введя в сюжет романтическую и трагическую историю Мэри, но и это не работает, так как не получает особого распространения.  «Святая Агата» совершает также несколько попыток подать зрителю сновидческий ужас, демонстрируя откровенные сцены насилия. Сценарий даже несколько дразнит восприятием реальности, которые удручающие коротки. Судя по всему, Боусману было интересно именно физическое страдание (ну, не зря он снимал «Пилу»!), что выливается в какие-то страдания в театральном пространстве. Подобный вид насилия ничем не подкрепляется: ни готикой, ни оригинальностью.  Вероятно, «Святая Агата» продолжает череду неудачных фильмов Боусмана. Несмотря на то, что ужас здесь исходит из суровой реальности (т. е. с отсутствием мистической составляющей), в происходящее не особо веришь: уж слишком многое здесь фокусируется на жестокости и садомазохистской природе. При этом последнее настолько сильно лишает монахинь-злодеек идентичности, что психологизм также стирается, а уж типичные жанровые приемы заставляют чувствовать себя выдохшимся по просмотру от однообразия сюжетных поворотов. И хотя «Святая Агата» попадает в творческую зону комфорта Боусмана, судя по всему, обремененный клише фильм можно посмотреть, но отнюдь не запомнить.   4 из 10		3
301	2019-03-13 20:59:00	Капитан Марвел	31	4	Фильмы по комиксам Марвел уже давно завоевали мир кинематографа и вообще создали свой кинематограф с приключениями и супергероями. Как-никак материала для новых фильмов хватит ещё на сотню лет и пару сотню фильмов (спасибо Стэну Ли, Джеку Кирби и др. за это)  поля для творчества море. И вот на горизонте показалась Капитан Марвел, с которой, признаюсь, несмотря на большую любовь к волшебному миру Марвел, я мало знаком. И идя на сеанс, я надеялся познакомиться с её биографией, мотивами, силой, характером и т. д. А в итоге слов нет  одни фэйспалмы. Такой халтуры я не ожидал.  1) Сюжет  описан в аннотации. Хочу только добавить, что сюжет получился плоским, как блин на Масленице. Вместо того, чтобы подробно рассказать что это за «крии», кто такие «скруллы», почему они воюют, кто такая главная героиня в конце концов и как она докатилась до жизни такой, нас кормят повторяющимися флэшбеками, в которых инфы не густо. Короче говоря, цель, с которой я шёл на сеанс, фильм не выполнил.  2) Актёры. Актриса Бри Ларсон оставила нейтральное впечатление о себе, поэтому не будем о ней. Лично я хочу поблагодарить прекрасного актёра Сэмюэля Л. Джексона (Николас Фьюри), который вытащил на себе весь фильм своей харизмой и актёрским мастерством. И киньте в меня камень, если это не так. Если бы не он, фильм бы вообще не за что было бы похвалить. Бен Мендельсон (лидер скруллов по имени Талос) тоже не подвёл, молодец.  3) Большие расхождения с комиксами. Не думаю, что другие фильмы Марвел шли чётко по сюжету комиксов, просто в данном случае все эти нестыковки наряду с пустым и убогим сюжетом кажутся издевательством над зрителем.  Насколько мне известно, в комиксе Ник Фьюри лишился глаза от взрыва гранаты, а здесь вы сами увидите насколько это сделали «миленько» (скорее «глупенько»). Хотя, возможно он окончательно лишился глаза за кадром и по канону, нам об этом не рассказали. А если в таких мелочах настолько большая разница, то что говорить о сюжетной линии главной героини. Пришлось покопаться немного в «паутине», чтобы убедиться в своей теории. И не ошибся: история Кэрол Денверс на страницах комиксов и в данном фильме  это небо и земля.  4) Графика, атмосфера, музыка. Графика, как всегда на высшем уровне, но, если честно, высокое качество спецэффектов уже воспринимается как должное, поэтому не в счёт.  Атмосфера 1995 года: и прикольно и нет. Видеопрокат, пэйджеры, массивные архивы с бумагами, немного рока 90-ых  вот и всё, что заставляет нас поверить, что мы находимся в конце 20-ого века. Но из-за наличия в фильме продвинутых технологий пришельцев, сверхмощных и сверхскоростных летательных аппаратов рушится и без того шаткая атмосфера.  Музыка. Неплохой рок  его было мало, но всё равно спасибо.  Итог  Вот ребята мы с вами и дожили до того дня, когда фильм по комиксам Марвел сделали, спустя рукава. По-другому и не скажешь!  1) Жизнь главной героини: пара дней из её жизни и «Санта-Барбаровская» амнезия.  2) Слоган фильма как будто слямзили с какой-нибудь драмы о спортивной команде: быстрее, выше, сильнее.  3) Скудный экшен, которого даже в конце фильма маловато  а ведь это фильм о супергерое.  4) Толком никакой информации об инопланетянах и о их войне  человек, не знакомый с комиксами, должен просто сидеть и блымать глазами, т. е. каждый второй россиянин. Думаю дальнейшие комментарии о юморе, который повеселил только школьников, сидящих на сеансе с родителями, и о нелогичности поведения героев можно опустить.  Для меня это самая слабая экранизация из всей серии фильмов по комиксам Марвел. Может пятиклассникам, сидевшим в кинотеатре, этот фильм и понравился, лично мне просто грустно и больно. Появление такого фильма  это знамение, что дальнейшие фильмы по комиксам могут оказаться либо такого же качества, либо намного хуже.  Только из-за Сэмюэля Л. Джексона, скруллов  они классные, и уважения к трудам великих художников и писателей, создавших невероятно красивый мир Марвел,   4 из 10	Капитан, у вас проблемы!	59
302	2019-03-13 15:55:00	Капитан Марвел	64	3	Общее впечатление: Шта?! Кто, скажите мне кто писал такой убогий, примитивный, банальный, заурядный сценарий??? Что с диалогами, почему все так говорят будто они держат зрителей за невменяемых. Эпизоды настолько тупы, что складывается ощущение, что я смотрю нарезку из разных фильмов. Какие-то сюжетные дыры, абсолютно странное развитие действие, непримечательные герои, нераскрытые персонажи! Да ужас, да и только. По праву от меня  Худший фильм от Марвел.  Придя в кино, я ни на что не рассчитывала, словив небольшое количество спойлеров до момента просмотра, я немного разочаровалась, а потом подумала  «А что собственно меня должно было разочаровать?!» Даже кота и то не смогли нормально подать, нам не рассказывают ничего про котейку. Не нужно вздыхать и закатывать глаза, это что за безобразие то такое! Фильм вообще НИ О ЧЕМ и НИ ПРО ЧТО!  Прям сразу с порога нас кидают в события «бдыщ, тра-та-та», это вообще самое идиотское что может быть! Нет никакого рассказа, предыстория, никакой логики событий! Смотреть невозможно, невероятная скука, которую хочется выключить, да и поскорее. Я еле высидела! Та самая Капитан Марвел  на деле оказалось деревянной статуей, которую еще поискать надо. Никакущая, абсолютно, не харизматичная, не влекущая, безликая, бесхарактерная  (вы че! Это ж главная героиня!) даже любовную линию не впихнули! А прошу заметить везде в Марвел хоть какая-то но романтика присутствует. Ну а раз героиня никакая, то и не хочется ей сочувствовать, как-то подбадривать, да и вообще иметь с ней дело. Это ж надо так испоганить сценарий, что даже вкратце не рассказать о Капитанше, не привнести драмы, ручки бы кому-то вытащить из одного места и вставить туда куда надо!  Постановка сцен мне вообще не понравилась, все натянуто и скупо. Хореография отрывистая, неумелая, такое ощущение что сцены боев ставил тот человек, который и сценарий писал. «А давайте драться? Гы гы гы» «А давайте! Гы гы гы»  Ооо, отдельное место занимает музыка, которую разбросало как алкаша по вагону. Не очень да ассоциация? Да тут так же! Пытаясь ухватить и вставить атмосферу 90-х, создатели ленты накидали плейлист, а так просто, для интереса всего подряд, да кучи, да нормааально и так сойдет. Вы только вспомните «Стражей Галактики» и как там уместо все смотрелось! А музыка оказалось в моем плейлисте. Здесь же ничего не запоминается (кроме Nirvana  и то, я обратила внимания, потому что я фанат).  Должна признать, сольники у Марвел получается с каждым разом все хуже, хуже и хуже. Это херабора с кучей экшенов, которые впихнули в невпопад, да и рады. Все герои блеклые, кроме кота, ну извините, это вообще чей сольник? Сильной и независимой? Или мимими?   Смотреть ли? Пфф, фанаты Марвел посмотрели. Остальные проходим мимо. Такая дичь, где даже думать не нужно. Не стоит говорить  «Это же развлекательное кино, что ты хотела?» Я хотела немного логики!  P.S. Немного про сильную и независимую, сняв сольник про гром-бабу постарались показать ее ракетой, которая умеет все и коня и мужика остановит, но у любой женщины есть слабости, а тут их нет.  3 из 10	О сильной и независимой	80
303	2019-03-13 14:46:00	Моими глазами	0	0	Это первая рецензия, которую я пишу, потому как слишком опечален. В 2013 году я смотрел этот сериал по ТНТ и с нетерпением ждал новых серий, но, посмотрев это в 2019 году, обомлел.  Начну с положительных сторон:  -Нетипичный российский сериал. Это и вправду нечто новое на нашем ТВ, а именно «Вид от первого лица со сменой персонажей в каждой серии»  -Саундтрек. Песня John Cooper Clarke  Evidently Chickentown просто отлично подошла. Не смотря на то, что этот трек играл в начале, середине и конце серии, он мне нисколько не надоел  -Сюжет. До середины сериала сюжет был нереально интересный. (Что произошло после  в отрицательных сторонах сериала)  А теперь отрицательные стороны, которые, как по мне, сильно перевешивают положительные:  -Актерская игра. В моментах, когда актёрам приходилось изображать человека мертвого/без чувств, я бил себя рукой по лбу. Это было настолько неестественно, что у меня нет слов  -Ляпы. Ляпов очень много. Особенно в начале серий, когда вид для зрителя переключается на другого персонажа, и на камере одного человека в один момент люди могут иметь разные позы и расположения в кадре  -Сюжет. Либо я не самый умный, либо сюжет бред, но концовку я не понял. Такое чувство, что есть задел под второй сезон, но второго сезона нет. Я считаю это главным минусом сериала. Также бОльшая часть серий после 10-11 серии просто скука.  -Хронометраж серии. Это также вызвало у меня большое негодование. Какая-то серия идет 16 минут, другая 20, третья 15  Подведу итог:  Минусов не сильно больше, чем плюсов, но эти минусы намного перевешивают по значимости.	Раньше было лучше	0
304	2019-03-13 13:44:00	Холодная война	2	5	Павел Павликовский получил в 2015-м премию «Оскар» за картину «Ида» в номинации «Лучший фильм на иностранном языке», опередив пресловутый «Левиафан» Андрея Звягинцева. Еще тогда вспоминали славное «русское» начало карьеры режиссера  документальные работы «Москва-Петушки», «Путешествие Достоевского» и даже «Путешествие с Жириновским», и игровое кино «Стрингер» с Сергеем Бодровым младшим и Владимиром Ильиным.   Однако большой успех к режиссеру пришел только с фильмом «Ида», и во многом за счет ярко выраженного акцента съемки  свежего и одновременно стилизованного под 50-60-е годы  черно-белые кадры в почти квадратном соотношении сторон 4:3 и с характерной зернистостью и особой компоновкой кадров. Это была заслуга оператора Лукаша Заля, который продолжил сотрудничество с Павликовским и в «Холодной войне». И в этой ленте операторская работа, оказывается куда важнее режиссерских потуг воспроизвести на экране интересную историю.  Хоть Залю еще не исполнилось и 40 лет, он прекрасно чувствует эпоху (40-е, 50-е, 60-е), которую хочет показать режиссер, пытаясь передать манеру кино-языка того времени и тех мест, где разворачивается повествование  польская провинция и Варшава, Восточный Берлин, Париж  Сюжетно «Холодная война» весьма обрывочна, даже мотивы поведения героев похоже не очень то волновали Павликовского, чему подтверждение усиленное создание декораций и обозначенных как данность обстоятельств, которые рождаются вопреки эволюционному развитию сюжета. Так что тема любви, запертой в тисках соц. диктатуры, себя не оправдала.  В итоге все лишено искренности и тепла, и носит именно холодный, сдержанный оттенок. Почему-то минуте на двадцатой, когда в кадре заголосили «Интернационал» сразу вспомнилась бессмертная цитата из «Собачьего сердца»: «если я начну у себя в квартире петь хором, у меня настанет разруха». Так и у Павликовского за художественной искусностью картинки не нашлось в фильме места порядку и стройности мысли.  5 из 10	«Если я начну у себя в квартире петь хором, у меня настанет разруха»	5
305	2019-03-13 11:01:00	Счастливого нового дня смерти	11	0	Фильм «Счастливого дня смерти», выпущенный два года назад студией Blumhouse, стал заметным событием в жанре ужасов. Используя, казалось бы знакомую формулу «Дня сурка», он, тем не менее, был способен не только развлечь подростковую аудиторию, но и потрепать нервы более взрослому зрителю. Отличаясь простым и понятным сценарием, он имел бодрый темп повествования, неплохую динамику действия и логичную концовку. Во всяком случае, это был достойный слэшер с элементами триллера и детектива. Поэтому объяснить, что произошло с постановщиком первой картины, создавшим и её сиквел, причём с теми же актёрами в главных ролях, но в совершенно ином ключе, я не в силах. Начало фильма успешно притворяется жанровым продолжением оригинала, но длится это весьма недолго и выглядит скорее отголоском первой ленты, попыткой скопировать её атмосферу. Собственно, ужаса на весь фильм создатели наскребли минут на десять, не больше, сосредоточив его лишь в трёх коротких эпизодах, сильно удалённых друг от друга. А всё остальное время Кристофер Лэндон балансирует между фантастикой, семейной мелодрамой и комедией, которая ближе к концу превращается в фирменную клоунаду.   Порою возникает ощущение, что ты смотришь некую аверсию «Теории большого взрыва», в которой команда юных физиков посредством экспериментального квантового реактора пытается управлять альтернативными реальностями. Местами герои своей увлечённостью процессом напоминают ребят из «Очень странных дел», но в итоге всё неизбежно заканчивается весёлым балаганом в духе семейных американских комедий 90-х. гг. прошлого века. Рваный темп повествования, постоянная чехарда жанров, отсутствие не то что страха, но даже элементарного напряжения на экране дополняются весьма посредственной игрой молодых актёров. Подросший до 18+ возрастной рейтинг картины пытается из исключительно подросткового кино слепить универсальный продукт, но не делает его интересным ни для взрослых, ни даже для проникнувших в кинозал пятнадцатилеток, которые после получаса тихих смешков над несмешными шутками, обречённо задремали в собственных смартфонах. А уйма философских рассуждений, обилие проблем, в том числе, морального выбора и явное преобладание фантастической составляющей над остальными компонентами картины, сделали её излишне громоздкой и неудобоваримой, закрепив за собою звание одного из самых неудачных проектов Джейсона Блума.	Happy Lost Day или Сказка о моём потерянном времени	13
306	2019-03-13 08:16:00	По половому признаку	2	8	Вся жизнь адвоката Рут Гинзбург (её играет Фелисити Джонс) посвящена равным правам для мужчин и женщин. В начале фильма (это 1956 год) к Рут все относятся с пренебрежением, по-мужски. Как женщина смогла поступить в Гарвард на юридический? Рут Гинзбург  лидер, она отличница на своём курсе. Ещё мне понравилась фраза: «На суд должна оказывать влияние не погода, а климат эпохи». Всё меняется в 1970-е. Новое поколение начинает бороться за свои права, за остановку войны во Вьетнаме. Да, 1970-е годы изменили мир. Актриса Фелисити Джонс великолепно сыграла женщину, которая терпит шовинистические и сексистские фразы в свой адрес. Её самообладание изменит весь правовой мир США.  Неравенство по половому признаку заключается в том, что женщины не могут работать сверхурочно. Рут Гинзбург всем своим видом показывает: «Студент Гарварда  это лидер». В 1970-е назрело в обществе мнение, что надо менять существующий порядок. Ещё мне понравилось игра дочки Рут, Джейн Гинзбург (её играет Кэйли Спэни). Она великолепно показывает, новые идеалы в 1970-х преобразовали мир молодёжи. Это судебная драма великолепна, она раскрывает женщин, любящую семью, поколение 1970-х. Фильм показывает проблему США, что в Америке много неконституционных законов.  Рут Гинзбург говорит: «Измените сначала сознание, потом изменяйте законы». 1970-е  это новое поколение, которое требует новых прав. Женщины в 1970-х сильно изменили правовой климат в Америке и законы США. «Аргумент  это душа любого закона»  вот лозунг всех юристов США.  1970-е  это новая эпоха, которая требует новые законы. Фелисити Джонс великолепно сыграла Рут, которая очень живое чувствует свою эпоху (особенно 1970-е). Режиссёр Мими Ледер великолепно показала 1950-е и 1970-е (и эта разница хорошо чувствуется во взгляде Рут Гинзбург).  8 из 10	Это обычная судебная драма	1
307	2019-03-13 07:10:00	Имя мне Ночь	4	0	Отличные актеры  от двух главных героев до злодеев, даже промежуточные и те хороши  не дают сериалу сорваться на «троечку». Но всего остального сему творению катастрофически не хватает.  Если бы можно было бесконечно смотреть на то, как льется вода, работает другой человек и избивают Криса Пайна, то можно было бы вообще забить на сценарий. И сценаристы практически так и поступили. Из отличного задела, из такой мясной идеи выжали какое-то недоразумение про расовые сложности. Сегрегационные моменты перехватили флаг у главной интриги об убийце и психопате. Алло, я здесь триллер хочу смотреть, а не очередную «Зеленую книгу».   Так что собственно убийству, психопатическому расстройству и детективно-журналистскому расследованию времени уделено очень и очень мало, что очень жаль, ведь настоящая история, на основе которой снят сериал, очень интересна.   Есть теория, что психопат и стал будущим Зодиаком. Так что есть надежда на продолжение.	Не хватило мяса	4
308	2019-03-13 05:15:00	Парадокс Кловерфилда	1	0	Не стал бы писать, кабы не был так поражен. Такого нелепого, надуманного не только в «научной», или «политической», но и в «драматической» своей составляющей фильма я ещё не видел. Наверное, впервые ставлю единицу. Убого всё. О да, и спецэффекты тоже (их, попросту, нет, в современном понимании). При просмотре нет ни злости, ни разочарование, ни даже смеха, одно недоумение. Впечатление настолько слабое, что даже настроение не подпорчено. Что смотрел, что нет. С тем же успехом мог валяться на диване и вообще ничего не делать. Не цепляет нисколько, ни в хорошем смысле, ни в плохом.  Ничто, пустота, и актёры, похоже, не вполне понимают, что им играть. Остается только вопить поистошней, да гримасничать вовсю. Авось зритель припишет этому безобразию какую-то логику и какие-то чувства. На протяжении фильма нарастает немой вопрос» Что это и зачем такое снимать?» Вряд ли ради денег, так как вряд ли это принесет создателям желаемое бабло. Должно быть, сроки вышли, бюджет картины был пропит, а отчитываться надо. Вот и сняли абы что, для отчетности.  Первый и второй фильмы трилогии (если допустимо считать это трилогией) были несравнимо лучше. Мог бы поставить минус один  поставил бы.	Парадокс!	1
309	2019-03-13 04:17:00	Исчезновение	0	5	«Исчезновение» не претендует на какую-то требующую срочной огласки историю, однако для любителей мрачноватых и замкнутых фильмов должно подойти. Единственное, что немного не вписывается в концепт  это прикрепленный ярлык «основано на реальных событиях», в то время как реальные события неизвестны никому.  Поэтому считать историю «Исчезновения» как вольную интерпретацию авторов, или небольшое расследование  дело неопределенное, но чисто с художественной стороны у режиссера получилось вполне удовлетворительное для разового просмотра зрелище. Трое смотрителей за маяком находят на берегу сундук со слитками золота, долго решаясь как поступить с найденным, главные герои принимаю решения изменить свою жизнь. Разумеется, подобного рода решения имеют свою цену, и вот уже спустя некоторое время, на остров наведываются вполне решительно настроенные гости.  Единственное, что раздражает время от времени  периодические истерики персонажей Баттлера и, особенно Суинделлса. Последний хоть и должен был быть представлен слабым звеном в этой троице, реплики, диалоги и поведения  не вписываются в общую атмосферу, которую несет картина. А атмосфера вполне мрачная и как для подобного жанра довольно-таки нужная, во всяком случае свою цель подобные работы достигают через атмосферу, и в этом контексте «Исчезновение» не подводит.  Странный исторический факт, которому, возможно придали уж слишком много внимания. Полагаясь лишь на журнал записей смотрителей за маяком, единственных фактов вокруг исчезновение этих трех людей, интерпретацию истории не удается воспринимать всерьез.   5 из 10		1
310	2019-03-13 04:17:00	Древо жизни	1	0	Да именно скринсэйвер! Так мне подумалось на двадцатой минуте фильма. А на 35 минуте мне захотелось пнуть мышку дабы вернуться в систему, НО это не компьютер. Переборов зевоту, распространившуюся на кошку и засыпающую налету моль, отложил пульт в сторону и решил досмотреть.   Даже мораль притянута за уши. Чувствуется недостаток по всем фронтам. Мать показана, как желанная женщина с глуповатым мокрым взглядом; отец должен быть помимо солдафонства ещё и маньяком (как минимум это смогло бы оправдать его параноидальное стремление к «закалке» первенца); первенец же золушка забитая и замученная, но готовая к взрыву; прочие (в т. ч. братья)  массовка. Взрослая мать троих детей, «каждое» воскресенье своей жизни слушающая историю Иова, не способна «отпустить» чадо к любимому Богу. К Тому, Кому она по-умолчанию доверяет себя и всё своё. «Щедрый» акт освобождения в конце картины происходит тогда, когда у старшего уже седина в висках, а родителей и показывать не прилично (отсюда и их молодой облик из «тогда»).   Мысль о низком бюджете и наплевательском к зрителю приходит позже, когда осознаёшь, что тов. режиссёр нарочно не показывает братьев на похоронах, но только уже затем мы видим СЕМЬЮ. О возрасте безвременно ушедшего мы узнаём только из откровения на краю кровати седого Джека.  P.S. Прошу сильно не пинать за первую пробу.	Screensaver	1
311	2019-03-13 02:51:00	Меняющий жизнь	1	4	Дрю  это обычный парень, который сам не зная как это произошло, должен заимствовать тела других людей дабы выжить. Действие «сыворотки» сокращается, и в результате потребность расходного материала существенно увеличивается, и обычный, на первый взгляд человек становится настоящей машиной для убийства.  Главный персонаж, кстати, практически до финальной сцены  это всего лишь внутренний голос и монолог со зрителем, реплики и объяснения происходящего довольно-таки прямолинейные, без какой-либо философии или амбициозных затей авторов на твист. До средины фильма, история еще более-менее удерживает зрителя, но после экватора градус атмосферы существенно падает вниз, и чем ближе к своей цели движется наш главный персонаж  тем более безразличным становится его судьба и второстепенных персонажей.  Этот Дрю, после множества визитов в местный паб в телах различных людей, запал на одну посетительницу и решается, стоит ли ей рассказать правду или нет. Переход из фантастики в мелодраму оказался болезненным, хоть идей, казалось бы, было у авторов хоть отбавляй. Также не каждый «аватар» Дрю в плане актерского подбора демонстрировал достойную игру, что вместе с недоработанным сценарием не оставило никаких шансов фильму.  Креативная идея, которая разве только сможет удержать зрителя на первую половину фильма, в дальнейшем  это больше попытка авторов растянуть время дабы оказаться в категории полнометражного кино, так что если у вас есть альтернативны  то «Меняющий жизнь» можно смело пропускать.  4 из 10		1
312	2019-03-13 01:24:00	Отрыв	8	0	Завязка сюжета выдержана в духе молодёжных американских ужастиков,  съемки на камеру телефона. Но даже в крупных планах, отснятых на профессиональную аппаратуру, мы наблюдаем дергающуюся камеру. Картинка скачет, актёры неохотно повторяют заученный текст, сюжет до неприличия банален и упрощен, словно, фильм для школьников.   Никакой драмы не прослеживается. Клишированность кадра за кадром просто режет глаз. Герои  до боли стереотипны, будто ходячие ярлыки. А, как же, разноплановость персонажей, многогранность человеческой натуры? Даже отрицательный герой должен быть наделен какими-то гуманными чертами, что позволило бы зрителю, если не проникнуться к нему, то хотя бы попытаться понять его.   Актёры, увы тоже не блещут. Особенно, Ингрид Олеринская и Андрей Назимов. Не знаю, что тому виной, слабый сценарий или полное отсутствие таланта? Но эти актеры выглядят совсем уж деревянными, не способными выжить из себя элементарные эмоции.   В напряженных драматических эпизодах за которыми должна бы последовать яркая актерская игра,  лишь вялая реакция. Может, дело в монтаже? Актеры пытались, но режиссер вырезал все удачные сцены? Так или иначе, но разочарование не заставило себя ждать.   Хотелось бы пожелать нашим работникам киноиндустрии в погоне за внимание современной аудитории и кассовыми сборами не потерять лицо отечественного кинематографа, снимать фильмы, которые будут оставлять след в душе. Ведь наши, отечественные фильмы не могут быть без морали. И неважно в каком жанре они сняты. Также не бывает актеров маленьких ролей. И сценарий, тут скорее, не главное. А, главное, это играть с душой. И снимать с душой. Так и зрителю приятно и не обидно за наш кинематограф.  С надеждой на лучшее!		18
313	2019-03-12 23:13:00	Две девицы на мели	9	0	Ну что ж, понятно, что без покупки прав на чужие сериалы ни один наш канал не может обойтись, не вина каналов, это проблема нашего рынка: хорошие идеи, сценаристы, постановщики стоят очень хороших денег, а нет денег нет и уровня. Здесь все понятно, покупайте права, адаптируйте это нормальная практика. НО делайте это грамотно. Я помню еще очень давно, когда ТНТ локализовал сериал Женатый с Детьми, у нас в стране он превратился в Счастливы Вместе, был выписан один из авторов этого сериала John Vorhaus. Он следил за соответствием оригинальной версии. И надо отметить, что сам сериал вполне соответствовал своему заморскому оригиналу.  Это был пример может быть и сложного и затратного пути, но правильного. А сейчас будет пример отвратительного мракобесного способа съемки чужого сериала.  Речь пойдет и сериале Две девицы на мели, который несколько сезонов шел в США с переменным успехом, но все же был очень популярен первые сезона три. Сериал отличался хорошим, достаточно взрослым юмором, симпатичными яркими актрисами, даже можно сказать одной культовой актрисой (Дженнифер Кулидж, которую все помнят как маму Стиффлера). Да и вообще весь актерский состав запоминающийся, харизматичный.   И вот телеканал Пятница решил купить права и снять локализацию. Начнем с главных героев в скобках будет оригинальный герой:  Оля (Макс Блек)  российская версия героини в исполнении Ольги Картунковой, совпадение имени актрисы и героини очевидно не случайно, так как актерская игра Ольги не дает возможности сомневаться, что были сложности с запоминанием. Ольга играет Ольгу натужно, вяло, шутки, которыми спала Макс легко и непринужденно, выпадают из Ольги как кирпичи, падают и сюжет проходит мимо. Играет Ольга не выразительно, без улыбки(так свойственной Макс Блек), шаблонно еще с Однажды в России, то есть она просто перенесла своего стандартного персонажа с одно шоу в другое. Для нее это нормально: она не актриса, Ольга вышла из КВН, а хоть КВН и кузница кадров для наших телеканалов, однако это не актерские вузы, образования там не дают актерского. Посему требовать от Ольги изменения стиля мы не можем, она торгует, ем что есть, по другому не умеет. Но кто их набирал, кто решал, что вот она сможет играть так и так, ведь, кто то же проводит каст. причем продюсерская команда более чем титулованная. Хотя может в этом и секрет, головокружение от успехов. В общем игра Ольги Картунковой типична для нее, но абсолютно не вписывается в сериал и ее роль. Это один очень большой минус для сериала.  Марго (Кэролаин Ченнинг)  здесь все понятно, если Картункову взяли за узнаваемость, то Алевтину Тукан за внешнее сходство с Бет Берс. Только вот в оригинале Кэролаин неунывающая дочь разорившегося миллиардера, то Марго в сериале это унылая, явно измученная диетами девица, которая кажется и говорит с трудом, откуда же тогда будет та энергия, с которой Кэролайн толкала обоих и себя и Макс к успеху? Игра ужасна, невыразительна.  Останавливаться на остальных героях не имеет смысла, степень их локализации, читай дурости, зашкаливает любой, кто смотрел оригинал не сможет смотреть это без рвотных позывов.   Суммируя могу даже предположить, что ответили бы создатели данного ужаса, что то вроде про наши реалии, про то, что сериал локализация, значит надо подгонять под нашу действительность, и я был бы не против если бы они сняли по мотивам, с измененным названием, а здесь прямая аналогия, тоже название, почти те же декорации и полный перенос персонажей. поэтому это наверное самая ужасная локализация которая посещала наши несчастные экраны.  ПыСы: на том же телеканале пятница, идет сериал Мылодрама, сюжет которого в том, чтобы снять настолько убогий сериал, чтобы акции телеканала упали и его выкупили заговорщики. Кажется пятница снимает сериала прям про себя.	Не можешь.. . не мучай.. .	34
314	2019-03-12 22:01:00	Мылодрама	126	2	Пока американские сериалы прославляют разнообразные профессии в своих сериалах, как например в Детство Шелдона ученых, как например в Настоящем детективе полицию, наши киношники катятся в пропасть. Давайте разбираться почему.  Во первых, не стану отрицать существования странных, тупых и вообще непонятных сериалов за рубежом. Сериалы на то и сериалы, чтобы уметь угождать всем вокруг. Но все-же есть какое-то различие между трешем намеренным и трешем случайным.  Во вторых, линия спада в российском сегменте видна невооруженным глазом. Мало того, что сетка вещания большинства общероссийских каналов завалено пропагандой, так до полной корзины в этом цирке шапито появляются такие проекты как Мылодрама. Очевидно, что нам, русским, нравятся дикий треш по типу сериалов Школа и других.  В третьих, это манеры общения. Пусть хоть все персонажи являются злодеями или антигероями, но их все-равно очеловечевают, чтобы им можно было сопереживать. В наших сериалах вокруг поголовно мразь и сволочь. А если и персонаж выглядит сначала хорошим, то его опошлят через несколько серий.  Теперь перейдем непосредственно к сериалу Мылодрама. И начнем как-раз с персонажей и актеров. Как написано выше в этом сериале одни выродки, которые не заслуживают дышать воздухом. Настолько они отвратительны, иной раз возникает впечатление, что сериал  это просто растянутый до предела фильм Горько. А сколько пошлостей и вульгарностей, матерных слов. И пусть я смотрел без цензуры, и вроде бы чего я ждал? А вот, мат тут проскальзывает просто так, между делом. Не для красного словца говорят его персонажи или не для того, чтобы создать комичность, как например в Кремниевой долине. Нет, мат это обычное дело! Докатились, дожили И пусть его и запикивают на экране, ухо пролетария явно вычленит правильное слово и посмеется скорее всего на свою смекалку.  Главный герой, сыгранный актором Сергей Бурунов, как персонаж не годится. Иной раз тупости этого героя поражаешься настолько, что хочется нажать на паузу и заплакать. И знаете что? Тут все такие герои поголовно и только одна секретарша не испорчена за 4 серии, которые я осилил. Она выглядит нормально, делает нормальные поступки, но на ее месте я бы застрелился, а перед этим застрелил бы всех остальных героев.  Правда в том, что это комедийный сериал. А шуток тут практически нет, увы меня давно перестала смешить глупость и абсурд. Мат тоже не выглядит смешным элементом. Скажу по другому  шуток нет и они не предвидятся.  Резюмируя можно подводить черту. Пятница создала монстра из склепа. Это чудо нужно хранить в чулане и не выпускать гулять. Страшно мерзкий, глупый, пошлый, не смешной сериал.  2 из 10	Самый мерзкий сериал в мире	24
315	2019-03-12 21:53:00	Дети против волшебников	0	1	Много лет назад, по-моему где-то в начале или середине нулевых вышла книга за авторством некоего «известного греческого писателя» Никоса Зерваса «Дети против волшебников». Которая типа должна была стать «нашим православным ответом Гарри Поттеру». Где «наши» отпинают «их» и покажут «Кульзькину Мать». Разумеется, никому кроме самых отбитых фанатиков-маргиналов такая идея понравится не могла. То есть на злостного Гарри Поттера, говорящего о важности любви и дружбы, предлагалось ответить «традиционными ценностями», то есть насилием, хамством, ненавистью ко всему «чужому» и просто жестокостью. Разумеется, чтобы это уравновесить дегенератами-садистами в книге выставили абсолютно всех. Ну кто-то книгу заслуженно поругал. Кто-то посмеялся и все о ней благополучно забыли, словно о неудачной шутке. К слову никакого писателя Никоса Зерваса в Греции в природе не существует. Понятно, что это псевдоним кого-то из местных, понимающего, что за такое художество ничего кроме насмешек и килограмма гнилых помидоров в лицо ему не светит.  И вдруг как гром среди ясного неба на Ютубе появился трейлер мультфильма по этому бестеллеру. В трейлере какие-то мутные дяди и тёти во главе с закадровым голосом (подозрительно похожим на голос Константина Хабенского, но кажется это всё-таки не он) вещали о том что вот он  наш ответ «проклятому Западу», который избавит детей от тлетворного влияния и научит их правильно любить родин и вообще правильным ценностям. Боты в комментах вторили, что кто против, тот соответственно против патриотизма, России и православия. Я не против патриотизма, России и православия. Даже несмотря на то, что отдельные представители власти, духовенства и просто общества активно дискредитируют все три эти явления и дают нам множество поводов относиться к ним негативно  я не против них. Они неплохие сами по себе. Но этот мульт в действительности не имеет к ним отношения и было с самого начала ясно, что выйдет дрянь. Она и вышла.   В итоге мульт вышел. И правда. Он получился. По всем фронтам. Начиная от продвигаемых идей с ксенофобией, насилием и навязчивым насаждением религии. Продолжая вопиюще-идиотскими диалогами и поступками и персонажей, и заканчивая чисто техническими огрехами и вырвиглазным графонием.   Чего хотя бы стоит момент, где: «Ах, нам нужно срочно спешить в Шотландию, спасать ребят но давайте всё-таки вместо этого по пути завернем в Грецию, которая вообще в другую сторону, чтобы послушать там такие глубокомысленные мудрости старцев как: Нет ничего важнее, чем важность миссии! Вот почему мы на неё забили и болтаем ни о чём». Академия Валон, которая в Шотландии, потому что близко к месту, где был Гарри Поттер, при этом основала её Аннербе, которая вообще-то воевала с Соединенным Королевством, при этом рядом ещё тусуют американцы, ведь каждый уважающий себя «ватник» (или на кого там этот мульт рассчитан) обязан их ненавидеть. Нас пугают тем, что злодеи могут «овладеть русской душой» и, видимо, захватить многострадальную рассеюшку, хотя учитывая, что «по ту сторону фронта» сидят идиоты, преподающие вместо магии бизнес-тренинги, пикап-тренинги и прочую сомнительную муть и ведущиеся на самые примитивные трюки, едва ли могут быть угрозой, даже с поддержкой имперских штурмовиков из НАТО. Или момент, где один из сирот в школе говорит, что ненавидит мать, которая его бросила, что понятно и логично, но наша высоко-нравственная героиня орёт, что он обязан её любить, видимо, просто потому что она русская перечислять можно бесконечно.    Жаль, для полного букета не хватает, конечно, Гермиомы, уроков потрошения, уроков с жестокими видеоиграми и трансвестита-Мерлина, но наверное это всё будет в сиквеле. И, конечно, же матерного переложения имени Мадонна в «детском» произведении. Впрочем, Рамона Аль Рахама вполне заменяет их всех и ещё долго будет приходить к вам в кошмарах. Про замечательный тренировочный монтаж с живыми актёрами, я полагаю  и говорить не стоит? Рад, что это прокатывали лишь в избранных кинотеатрах и большинству зрителей не пришлось за это платить. Фильм вполне попадает в категорию Интернет-сенсаций наравне с «Уличными Детишками из Города Рэпа» и «Продуктовой Битвы», но каким-то образом ухитряется быть хуже их обоих.  1 из 10   Смотреть, только если в противном случае вам грозят экзекуцией.	ПГМ против здравого смысла	2
316	2019-03-12 18:59:00	Клют	1	4	Все-таки удивительное дело  время! Оно летит незаметно и безжалостно практически ко всякому кинематографическому продукту. Отдельные жанры более живучи. К другим развитие технологий благоволит менее. И сейчас достаточно сделать интересную и смешную комедию с минимальными спецэффектами и сорвать зрительский интерес и любовь критиков. Но вот большинство произведений киноискусства в жанре «триллер», изначально содержащих в себе как развлекательную, так и содержательную часть, сделанные тридцать-сорок лет назад, откровенно устарели. И более добавить нечего. Вот и первая часть трилогии «паранойи» замечательного американского постановщика Алана Пакулы кажется невыносимо утратившей былой лоск, неспособной более удерживать интерес современного зрителя. Проблема не в съемочной группе или актерах, и уж тем более не в режиссере. Просто одна эпоха сменяет другую. И проверку на жизнеспособность некоторые картины не выдерживают.   Наблюдать за историей развития отношений частного сыщика Клюта и проститутки по имени Бри Дэниел чертовски сложно. Сложно, потому что скучно. Предсказуемый финал, избитые еще великим Хичкоком детективные сюжетные ходы (вот это поворот!), хорошая, но не более операторская работа Гордона Уиллиса  пожалуй, все, что может предложить режиссер. К несомненным плюсам относится актерская работа Джейн Фонды, совершенно заслуженно получившей высшую награду Американской киноакадемии искусств.   И, да, чтобы не разочароваться в режиссере Пакуле, в обязательном порядке смотреть «Заговор Параллакс» и «Презумпцию невиновности»   4 из 10		0
317	2019-03-12 18:31:00	Хищник	3	0	Прежде чем оценивать этот фильм, нужно учесть следующие располагающие факторы:   1. В фильме есть аж 4 типа чернокожих  чёрный как ночь негр, средней прожарки, тоесть черноты, негр, мулат-негр и даже негроазиат (или азиатоиндеец), в момент появления которого некоторые защитники прав и свобод могут даже перевозбудиться от уровня толерантности в фильме. При этом чёрные в этом фильме крайне живучи, и дают серьёзную фору на слив всем белолицым. Ну, мы же не пещерный боевик здесь снимаем, в котором чёрные обязаны погибать первыми, теперь это можно расценить как РАСИЗМ. Также одна из главных героинь азиатской внешности, потому что теперь в каждом фильме или сериале в обязательном порядке обязаны присутствовать: пара голубых, пара лесбиянок, не менее 2-х племенных афроамериканцев негроидной рассы, азиат (не менее одной штуки, независимо от действия фильма), мексиканский чернорабочий или индеец не позднее второго колена. Во время съёмок никто не должен называть героев: ниггер, узкоглазый, латинос или красномордый, об этом гласят 4 главные заповеди толерантности Голливуда. Наверное уже сам отказ от использования любого актёра из перечисленных диаспор сразу приобретает оттенок расизма.  2. В фильме есть сильная женщина. Она любит повторять, что пришельцы и плохие дяди из правительственной организации «не на тех напали», и всем своим естеством демонстрирует своё презрение мужским полом, она независима и самостоятельна. Раньше эта дама польского разлива щеголяла в роли видной, с определённых ракурсов, всеми любимой Миранды Лоусон, а теперь блистает в таком вот блеклом амплуа. В присутствии женских персонажей категорически запрещено называть их: бэби, сиси-гёрл или грёбанная шлюха. Женского персонажа можно один раз за фильм попросить показать киску, шёпотом, как бы невзначай, и конечно у говорящего должен быть диагностирован синдром Туретта.  3. В фильме есть 2 вида хищников, причём второй вид  эдакая солянка из внеземных рас, но, как и улучшенного генной инженерией динозавра из «Мира юрского периода»,его просто растянули по экрану в пропорциях 3:1, это сделано на всякий случай, а то вдруг в будущем организации по защите инопланетных рас усмотрят в фильме расизм и искажение фактов.  4. Главный герой  бравый пехотинец. Господь любит морпехов, если конечно они регулярно комплектуют небеса свежими душами. Этому морпеху не повезло. Во время обстрела картеля с неидентефицируемыми плохими боевиками (мы же не хотим, чтобы кубинская диаспора тоже разволновалась), ему на голову падает НЛО. Не оправдав перед правительством возложенные требования по наведению мира в Банановой Народной Республике, его отправляют в штрафбат. Что зря, ведь вскоре отряд самоубийц, в который его сослали по состоянию психического здоровья, разложит инопланетян почище армии США.  Имеем что имеем. В целом о творчестве Блэка можно сказать или хорошо, или вообще ничего. Теперь и «Железный человек 3» стал выглядеть менее каноничным, правда? Когда лихорадка по продуктам Марвел была в разгаре, фильмы КВМ просто не могли восприниматься проходняками. Однако теперь, когда лихорадка прошла, можно заметить, что ЖЧ3 не то что проходной, это один из самых ужасно тупых и плоских фильмов серии. Потом Блэк снял «Славных парней». Вернувшись к тематике копов-детективов и чёрному юмору, фильм получился, по меркам позднего творчества Блэка, прямо-таки выдающимся. До ранних работ конечно далеко, но на уровень «Поцелуя навылет», худо-бедно, вышел.  Ну и вот, «Хищник». О серии можно долго рассуждать, но скажу лишь, что по моему мнению вторая часть незаслуженно получила столько негативной критики в свой адрес, и для меня является без преувеличения любимым фильмом серии. В то же время «Хищники» незаслуженно получил слишком высокий рейтинг, увлекая только общей идеей. Перезапуск же, точнее, как сейчас указывают, «мягкий перезапуск», вышел ну вобщем вы знаете. Даже самые ленивые блогеры уже всё обсосали и озвучили. «Тупой», «трэшовый», «излишне пародийный». Но главная проблема пожалуй даже не в этом. Главная проблема в том, что иным он и не вышел бы. Казалось бы, нас ждет кровавый, юморной и трепетно срежиссированный фильм, ну типа «Дэдпула». Но, получилось как с «Веномом», только ещё более фальшивая, кастрированная и стерильная его версия, где нет ни одного запоминающегося момента, а герои  невероятно убогие, излишне напыщеные стереотипные придурки. Прямые ассоциации вызывает с «Отрядом самоубийц», и это создатели явно расценят как комплимент, при этом вытирая мочу со своих лиц. В фильме нет ни креатива, ни интересных идей, и даже хищники, ХИЩНИКИ в фильме тупо слиты. Вам не по вкусу вторая часть? Тогда зацените это вот дерьмо, и скажите, что вторая часть худшая в серии. Безликое, пафосное, тупорылое, отсанитаринное, наспех переснятое днище. Всё как всегда. Осилил, забыл, и ждёшь нового перезапуска.   P.S. Сценарий Блэка, если правильно помню, для первого фильма зарубили. В этом же случае зарубить уже стоит самого Блэка	Хренснимщик	4
318	2019-03-12 16:51:00	Юморист	3	0	Опять меня подвёл рейтинг фильма.  Очередной фильм из разряда: найти что-то плохое из 70-и лет страны, гиперболизировать и представить, что кроме этого в стране за 70 лет ничего и не было. Никакого дуализма, никакого предложения зрителю сравнить плюсы и минусы советской страны. Есть только минусы. Посему возрадуйся, зритель, что живёшь в другой стране.  Что нам показывает кино? Что из страны поголовно все хотели свалить. Что спецслужбы состоят сплошь из нелюдей, которые паразитируют на простых людях. Да и друг с другом обходятся не по-человечески. Что везде цензура. И невозможно ни часа прожить в этой стране. Обратите внимание на официальный постер фильма: тень в виде марионетки. По замыслу создателей фильма марионеткой являются все люди, а кукловод  великие и ужасные спецслужбы. А простой советский человек  это обязательно злоупотребляющий алкоголем. И потребляющий тем больше, чем больше в жизнь его вмешиваются власть предержащие. Посему алкоголизм страны  это тоже заслуга советской системы власти.   Есть такая пословица: «Дохлую собаку никто не пинает». Видимо, дело СССР ещё живёт, раз в очередной раз пытаются очернить советское прошлое и всё никак не могут успокоиться. Хотя, если обратить внимание, что к фильму приложила руку кинокомпания из прибалтийской республики  всё становится яснее.  Самого юмора в фильме практически нет. Пара шуток была неплохой. Но, лично мне этого не достаточно, чтобы фильм показался достойным.  В довесок режиссёр запихнул короткую постельную сцену (с оголением груди) с героиней, которой отведено пара минут за весь фильм. Видимо, фильм без постельных сцен  это не уровень великого кинематографа, и посему постельной сцене быть  пусть даже смотрится как у кобылы пятое копыто.   Отзыв  отрицательный. В коллекцию только для тех, кто ненавидит советское прошлое по поводу и без.	Опять травят СССР	3
319	2019-03-12 12:00:00	Крид 2	5	5	Серия кинофильмов про Рокки  это личная давняя и сильная любовь, которая зародилась еще в детстве. Почему может так сильно нравиться фильм о, казалось бы, «тупом боксе»? Да потому, что этот длинный «сериал» не о спорте как таковом, а о человеческом преодолении себя, о борьбе со своими страхами, о целеустремленности, о любви, о доброте, наконец  о мужественности.   Но каждой красивой истории когда-то пора заканчиваться. Идеальной концовкой приключений Рокки Бальбоа должна была бы стать четвертая часть (1985), так как пятая (1990)  никуда не годилась по уровню качества. Можно было подумать, что после такого провала Сталлоне больше не вернется к своему любимому герою, однако в 2006 вышел шестой по счету фильм. Хоть сценарий и был вдохновлен спортивным долголетием настоящей легенды бокса Джоржем Форманом, но «Рокки Бальбоа» мог бить только по ностальгии своим классическим актерским составом и фирменной музыкой.  Спустя почти десять лет Слай снова возвращает на экраны «итальянского жеребца» в картине «Крид: наследие Рокки». Неожиданно для всех она оказалась весьма хорошим фильмом  логически выстроенные цепочки сюжета, продуманная динамика и отличная роль самого Сталлоне, который впервые со времен первой части, а именно 1977 года удостоился престижных номинаций на премии «Оскар», «BAFTA» и впервые в карьере получил «Золотой глобус»!  Что до нового «Крид 2»  то это совершенно ненужное кино во франшизе, огромная ложка дегтя во всей истории про Рокки. Когда за сценарное дело берутся дилетанты, а в режиссерское кресло садится откровенно слабый режиссер Стивен Кейпл  пиши, пропало. Абсолютно глупейшая завязка сюжета с сыном Драго, нисколько не мотивированные поступки героев, изломанная и ненастоящая структура уклона в драму, пресно снятые поединки  в личной оценке «Крид 2» стал ярким представителем второсортного кино, который не могло спасти уже ничего с первых же 20 минут.  5 из 10	Второсортное кино	5
320	2019-03-12 10:11:00	Покидая Неверленд	0	2	Если Андрей Малахов захочет снять полнометражный фильм по мотивам ток-шоу «Пусть говорят», то получится подобие «Покидая Неверленд».  Об этом фильме мне рассказала коллега по работе, жуткая сплетница и любительница обсуждать светские глупости из таблоидных газетенок. У нас в Америке есть такая прослойка людей, которые обожают смаковать различного рода сплетни и чем больше они приправлены подробностями (источники которых, по неопределенным причинам, теряют свои корни), тем больше в такую «информацию» верят. Коллега описывала эту картину, как «выдающуюся документалистику». В итоге я посмотрел и очень сильно пожалел об этом.  Фильм «Покидая Неверленд» клятвенно обещает зрителям рассказать правду о похождениях Майкла Джексона, которого нет уже 10 лет и чьё творческое наследие продолжает жить и приносить огромные деньги. По крайней мере, минимум два раза при жизни Майкла уже поднимались подобного рода скандалы, связанные с детьми, и слишком часто в них фигурировали деньги и внесудебные урегулирования. В обоих случаях эти истории отразились негативно на карьере Джексона: испортили его имидж и принесли коммерческие убытки.  Чтобы Вы понимали сразу, речь пойдёт о 240 минутах времени. Примерно в 40% хронометража будет звучать имя «Майкл Джексон» и рассказываться какой-нибудь вполне безобидный факт из его жизни: жертвовал деньги на благотворительность, купил дом семье одной из предполагаемых «жертв», покупал бесконечные подарки своим друзьям, водил детей в свой мировой тур на личном самолете. С целью противопоставления сразу после этих деталей будет рассказано о том, каким «отвратительным» человеком он был, что «соблазнял малолетних» и тому подобное. Для людей, которые знакомы с курсом кинематографии, такой прием будет понятен: режиссер создает атмосферу нагнетания и искренне желает, чтобы зритель усомнился в собственных убеждениях относительно Майкла Джексона. Также будут использоваться и другие не менее известные приёмы: разговоры полушепотом, бесконечные глотания одной из «жертв» в самые тревожные (и необходимые) моменты, слезы в глазах. Как это нам знакомо.  Совершенно неуместными для зрителями кажутся детали из личной жизни двух мужчин, которые обвиняют Джексона в этих преступлениях. Я смотрел этот фильм из интереса к ситуации Майкла Джексона, но не ожидал, что мне будут рассказывать о том, как эти мужчины нашли своих жен; как и когда их родители познакомились и развелись; как развивалась их карьера и увлечения. Эти подробности абсолютно никакой ценности ни для сюжета, ни для морали фильма не имеют. Если Вы кого-то обвиняете в чём-то, то извольте представить нормальные доказательства и пригласить в студию все стороны дела, включая третьих лиц. А если создатели картины полагают, что их могут заменить члены семьи, то это огромная ошибка для объективной стороны фильма.   Уверен, что Вы смотрели по телевизору эти подставные судебные процессы с абсолютно абсурдными преступлениями, где судья всегда в любой ситуации вынесет исключительно верный приговор, согласно букве закона. Конечно, такие программы носят исключительно развлекательный характер и получают прибыль с вещательной компании, но, по крайней мере, там всё сделано так, как в настоящем суде. В нашей ситуации, друзья, совершенно противоположная ситуация, где приведены «доказательства» с нарушением законов логики («Он контролировал меня постоянно и звонил с угрозами»,  говорит главный герой, и включается запись автоответчика, где Джексон в радушной манере приглашает мальчика в Диснейленд с родителями) и не имеющих под собой объективной стороны («Я всегда знала, что здесь что-то не так»,  объясняет родственница одного из «потерпевших»).   Спустя несколько дней у меня спросили, о чём был этот фильм, а я толком и не вспомнил, потому что еле как досмотрел его до конца, ожидая подобия правды. Обидно, что в этом мире так легко подставить человека голословными обвинениями. Неужели в эпоху информационных технологий это стало так просто и дозволительно? Похоже на то.  К слову, «Покидая Неверленд» не получил того признания, на которое рассчитывал. Ряд СМИ написали о том, что картина принесла «огромные рейтинги» в вечер премьеры. На деле его аудитория на телеканале HBO составила около миллиона человек, а по рейтингам программа уступила дюжине сериалов, в том числе посредственному реалити-шоу «Домохозяйки из Атланты».   2 из 10	Художественная мокументалистика.	1
321	2019-03-12 08:01:00	Бок о бок	2	4	Каким должен быть фильм о спорте и автомобильных гонках в частности? Динамичным, захватывающим, зрелищным  ровно таким, каким и является спорт сам по себе. С массой завораживающих и драматичных эпизодов, схватках и битвах до последних секунд и супер спасениях на последних секундах. В этом весь спорт. В этом весь соревновательный дух. Есть ли это в «Торговом пункте»? Нет.  Здесь рассказывается о некоем аналоге гонок NASCAR  гонках по кругу, которые проходят почти каждые выходные в разных местах на разных треках. В этих соревнованиях есть свой лидер  Лински (Майкл Мэдсен), который на протяжении нескольких последних сезонов является чемпионом. Но есть и его главный конкурент  молодой Кэм (Тоби Себастьян), чей отец Сэм (Джон Траволта) является легендой данного вида гонок и любимцем среди большинства болельщиков. Интриги на треке, интриги вне его, внутрисемейные разборки, выяснение отношений в драматичные моменты жизни некоторых героев  все это присутствует в «Торговом пункте» и в целом повторяет аналогичные сюжетные ходы для многих спортивных фильмов. Однако в случае с данным фильмом все дело в реализации  в том, насколько все это ярко и эмоционально представлено. А с этим в фильме самая настоящая беда.  «Торговый пункт» скучен в своем исполнении, так как гонки, по идее должные захватывать и увлекать выглядят слишком пресно. Точнее сцены с заездами по треку. Кажется, что автомобили еле плетутся и то и дело заворачивают на поворот, а езды по прямой вообще не существует. Оператор ограничился общими планами ведущей группы пилотов и несколькими крупными планами из кабин болидов, а монтажер сделал из всего этого вялое и лишенное всяческой динамики зрелище. Даже сцены с аварией смотрятся слишком медленно тем более, когда речь заходит о виде спорта, где все решают секунды и мгновения!   Общий антураж соревнований выглядит местечковыми стартами среди сельских жителей где-то в штате Айдахо. Полупустые трибуны какого-то старого трека с допотопными зрительскими местами, дорожное полотно на треке представляет собой не асфальтированное покрытие, а какую-то брусчатку, что в общем-то не лучшим образом сказывается на скоростях, равно как и форма гоночных автомобилей. Опять же, в спорте, где на первый план выходят технологии и разработки, а судьбу гонки решают секунды, было очень странно видеть машины грубой и неотесанной прямоугольной формы. Их внешний вид значительно отличается от привычных болидов, которым придают обтекаемую форму, чтобы минимизировать сопротивление воздуха во время езды. Изгибы машин делают максимально плавными без лишних выступов, способных замедлить хоть на немного автомобиль. Но здесь  болид  это грубая неотесанная коробка, словно тюнингованная странными бесвкусными и совершенно ненужными обвесами  Диалоги героев, равно как и их поведение и ситуации в которые они попадают слишком примитивные и пресные, не вызывающие никаких эмоций у зрителя. Больше всех здесь преуспевает Тоби Себастьян, превратившийся в гонщика легкого поведения и не понимающий чего он хочет  отомстить отцу за какие-то обиды детства, добиться желанной победы, или заработать денег. Тоже самое можно сказать про героя Майкла Мэдсена, по идее являющегося главным антагонистом. Вот только ничего плохого в его поведении за исключением одной фразы перед одной из гонок, у Мэсдена нет. Его герой  как совершенно ненужный «Торговому пункту» придаток  отрежь его и фильм ничего не потеряет. Его гневное поведение ограничивается лишь гневным сотрясанием кулаками в воздухе, да недовольным прищуром в сторону оппонента. Словом  совершенно невразумительный и ненужный персонаж.  Вдобавок ко всему, если слушать диктора на стадионе, вызывает сомнение его профессионализм. Будучи комментатором он должен освещать то, что происходит на треке, а не делиться со зрителями своими соображениями и озвучивать слухи, которые требуют фактического подтверждения. Говорить на публику о том, что кто-то виновен в чьей-то травме из-за аварии  это, знаете ли, сродни клевете да еще и на публичном мероприятии.  Фильм оставил не самые лучшие впечатления. Да, Траволту, как и Кевина Данна было приятно вновь увидеть на экране, но если выбирать между гоночными фильмами, лучше остановить свой выбор на «Днях грома», «Гонке» или «Гонщике».  Впрочем, смотреть Вам. Свое мнение никому не навязываю.  Приятного просмотра.  4 из 10	Антигонки	1
322	2019-03-12 06:40:00	Капитан Марвел	0	5	Данный фильм в определенный момент времени я ждал. Но время шло и мне стали интересны другие проекты, но Капитана я всё-таки ждал.  У меня были и не завышенные ожидания, и не заниженные. Они были нейтральные. Так что от фильма я ничего не ждал.   Сюжет ну уж очень предсказуемый. Каждый момент можно с лёгкостью предсказать. Ну, а главный сюжетный твист я предсказал ещё на первых минутах фильма.   Фильм вовсе не может шокировать.  Главная героиня, в исполнении Бри Ларсон, очень и очень скучная. Она чистый картон. Даже Бри Ларсон будто бы не хотя играет её. Да и следить за ней не хочется вовсе. Что интересного смотреть за героем, который на лево и на право рвет с лёгкостью своих врагов?   Злодеи  это уже другая тема для разговора. Обычно в фильмах герой и злодей либо на одном уровне по силе, либо злодей превосходит героя. Лишь по ходу сюжета герой становится все сильнее и сильнее. В Капитане Марвел все по-другому. Главная героиня ещё в самом начале сильнее всех своих врагов, так ещё и под конец она вообще в 90 раз сильнее всего в округе.   Так что злодеи в Капитан Марвел совсем не интересны и не запоминаются.   Второстепенные персонажи тоже не очень. Они нужны либо для пафосных речей, либо для гэгов. Кроме Ника Фьюри и Котика. За ними было интересней наблюдать, чем за главной героиней. Ник Фьюри все по-прежнему остроумный мужик, а кот просто красивый.  Спецэффекты тут хороши. Особенно сражения в космосе смотрелись хорошо. Все остальные выглядели на окей и просадок не было.   По итогу мы имеем через чур скучный фильм. В котором нету интересных злодеев и интересного главного героя. Фьюри и Кот  лучшие персонажи фильма. Все остальные мебель.   5 из 10   За Фьюри с кошкой и за графон.	Файги, у нас проблемы	5
323	2019-03-12 03:51:00	Что ни день, то неприятности	0	4	Итак, я посмотрела этот фильм, и вот что я имею вам сказать. Зря потратила полтора часа своего времени. куча секса, сисек и небритых лобков. И два совершенно невнятных убийства, причины которых совершенно не описаны.   Честно говоря, сюжет фильма, описанный на Кинопоиске в аннотации к фильму очень уж странно рассказывает о том, что нам предстоит увидеть, так как все то, что мы видим довольно нелогично и размыто. Откуда у героев те желания, которые они имеют, почему они делают то, что делают, зачем, почему и какого вообще тут происходит совершенно непонятно.  В целом все очень нудно и затянуто, герои какие-то скучные, даже Беатрис Даль не порадовала. Мотивация у персонажей? Не, не слышали.  Молодожены, которых в самом начале показывает нам картина, совершенно не похожи на любящих друг друга мужчину и женщину. Да, что-то там между ними происходит, но все это настолько лениво и безэмоционально, что кажется, будто в браке они уже лет 30.  Да и вообще фильм не дает какой-то полной картины происходящего. Все как-то скомкано и невнятно. Понятно, что автор хотел донести какую-то идею, что это не просто трэш, а артхаус (небритые лобки тому подтверждение), но я совершенно ее не поняла. Это не Триер с его «Антихристом», это просто скучная нудятина, которая пытается показать какую-то идею, но совершенно этого не может.   Этому фильму не хватает эмоций, все, что в нем происходит вызывает лишь ленивый зевок у зрителя, героям не хочется сострадать, их не хочется ненавидеть. Они не плоские, как герои типичных фильмов ужасов про группу молодых людей  они просто совершенно не прописаные, размытые и скучные. Сюжет не вызывает никаких эмоций, ты просто смотришь за тем, что делают персонажи и все. Их действия не дают отклика внутри.   Фильм откровенно скучный, нудный, динамики никакой нет. Все «мясные» сцены очень пресные, они и не вызывают отвращения и ужаса, и нет в них никакого, пусть даже извращенного, эротизма (хотя убийства происходят во время секса). Да и как по мне не так-то там и много убийств и крови, чтобы фильм мог относить себя к жанру ужасов. Для триллера не хватает напряжения, для драмы  сочувствия героям.  Недавно просмотренный мной фильм «Сырое», тоже затрагивающий тему каннибализма, произвел на меня куда большее впечатление, как мне кажется, там проблема этого странного влечения раскрыта куда лучше и внятнее.  У меня осталось ощущение от просмотра, что я посмотрела довольно унылую, но кровавую эротику. Честно говоря, мне показалось, что секса в фильме больше, чем хоррора. Конечно, актрисы очень красивые и смотреть на них приятно, но не за этим я смотрю фильмы, у которых в жанре написано «ужасы, триллер».   Возможно, кто-то найдет свою атмосферу в этом фильме, но этот кто-то точно не я. У фильма есть свои достоинства, актеры играют хорошо на столько, на сколько им позоляют их роли, в фильме хорошая музыка и красивая картинка, но это все, за что я могу его похвалить. В общем и целом я не получила никакого удовольствия от просмотра этого фильма, конечно же, пересматривать его я не буду. Может быть, вы умнее и у вас более тонкий вкус, и вы сможете оценить этот фильм, но я бы не стала его рекомендовать.  4 из 10		0
324	2019-03-12 02:56:00	Заложники	0	0	Я, к своему стыду, не знала о случае попытки угона самолете в 1983 году. Прочитала только после просмотра фильма.  Не знала, о чем фильм, когда начала смотреть его. После просмотра некоторое время находилась в недоумении  что я посмотрела? Бедняги мажоры, живущие в мрачных совдеповских интерьерах, решают, что не могут больше «выходить из дома по ночам», и поэтому совершают попытку угона самолета, убивая и раня людей.  С какой целью снят фильм? Про бесправное советское существование? Оно таковым не было. Про несчастных неудачливых угонщиках, без колебаний убивающих ни в чем не повинных людей? Их расстреляли и правильно сделали. Про могилы расстрелянных бандитов, местоположение которых неизвестно родителям? Так никогда не сообщали о месте захоронения расстрелянных преступников.  Если хотелось как-то обелить этих «узников совести», так не вышло. Хладнокровное убийство невинных людей никогда не имело оправданий.   Понятно, что это не документальный фильм, чтобы требовать от автора точной передачи деталей, но уж очень «близко к тексту» изложены события. А значит не забыто то, что издевательства над стюардессами были зверские, пассажиров били и запугивали, не считаясь ни с женщинами, ни с детьми Ну а самое потрясающее, что на суде террористам был задан прямой вопрос: «Вы  дети высокопоставленных родителей. Что стоило вам приобрести турпутевки в Турцию, куда вы и так беспрепятственно летали, чтобы спустить родительские деньги в казино? Купили бы путевки и на этот раз, чтобы спокойно, без шума попросить в заграничных райских кущах политическое убежище!»  Ответ был таким: «Если бы мы таким путем сбежали за границу, нас бы приняли за простых эмигрантов. Чего стоят наши фамилии, влияние и деньги наших родителей там, за границей? Вот когда отец и сын Бразаускасы улетели с шумом, со стрельбой, стюардессу Надю Курченко убили, так их там в почетные академики приняли, невольниками совести нарекли, из Турции в США переправили. Чем мы хуже?..».  После таких киношек не удивлюсь, если нам трогательный фильм про Чикатило снимут	Фильм про бедненьких убийц	2
325	2019-03-12 01:37:00	Бамблби	6	4	Мы все любим МегаФраншизы, а фантастические фильмы со спецэффектами сейчас главный козырь многих киностудии. Трансформеры  один из знаменитых серии игрушек от Хазбро, а после первого фильма Майкла Бея стал хитом в своем жанре. Так как фанатская аудитория огромная, многие ожидали экшена и в этот раз   Многие смотрели первые 5 фильмов от Майкла и все мы знаем что там другая история трансформеров. Поэтому все поняли что Бамблби  это перезапуск серии. Я сейчас буду оценивать фильм как любитель, а не как ярый фанат Бэйформеров и трансформеров в целом.  1. Очень мало экшена для такого объемного фильма, не смогли показать весь потенциал мастеров по спецэффектам. Раньше мы чувствовали мощь и размер роботов по сравнению с людьми. Здесь они «какие-то местные» роботы.  2. Очень сырой сценарии. Понимаю побольше хотели показать Бамблби, но тут мало что сказано о нем, мало истории. Не показали нам его характер, опыт в шпионаже и все такое  3. Очень плохая игра актеров. В семье бардак, родители так себе справляются с обязанностями, дочка-одиночка без друзей но с машиной. тяжело чувствовать эмоции актеров.  Вывод: Фильм для детей и подростков и конечно же для ярых фанатов этой франшизы.    4 из 10	Очень плохой перезапуск	6
326	2019-03-12 01:31:00	Леди в чёрном	0	5	Зачем вам читать длинные и бестолковые рецензии? Давайте в этот раз ограничимся тезисами о фильме, возможно, тоже бестолковыми, но зато быстрыми. Я их на скорую руку тут напишу, а вы их за минуту здесь же прочитаете и пойдете пить чай с лимоном, заедая печеньками.  Итак  Описание:  1959 год, Сидней. Нескольких совершенно разных женщин объединяет то, что все они работают в большом магазине женской одежды. У каждой из них свой характер, своя судьба и своя история жизни.  Информация:  Это попытка снять милое кино в стиле старых фильмов.  Снимал его Брюс Бересфорд, известный режиссурой очень даже славного «Мистера Черча».  Плюс:  Действительно неплохая визуальная составляющая, в том числе из-за симпатичного австралийского города Сиднея. Картинка приятная, музыка ей соответствует.  Минусы:  Отсутствие целостности  часто кажется, что кинолента состоит из плохо связанных между собой сцен, многие из которых какие-то бесцельные. Периодически становится непонятно, зачем ты вообще это смотришь, куда тебя заведет сюжет, и даже если куда-то и заведет, то на кой тебе это надо.  В целом, слабовато: ближе к середине интерес к фильму совершенно пропадает. Можно, конечно, досмотреть по инерции, но, мне кажется, время дороже. Это даже близко не «Мистер Черч».  5,5 из 10		0
327	2019-03-11 23:23:00	Аквамен	7	0	Я в детстве смотрел Пауэр Рейнджерс и когда я увидел впервые солдат Атлантиды одетых в пластиковые громыхающие костюмы, и эпичного наёмника-пирата с головой головастика, я было подумал, что фильм перепутал, знаете как это в детстве бывает  записал один фильм поверх старого и не до конца. Видимо сценаристы мои ровесники и такие же бездарные как и я. Дальше по ходу повествования заимствования не остановились. Атлантида была чем-то похожа на ночной Корусант, а монстры из эпичной битвы напоминали Тихоокеанский рубеж. Не считая подводных лодок больше напоминающие звездолеты.   Вместо холодного морского дна нам нарисовали космос (Экстремальное давление, чарующая чернота морских глубин, не не слышал  графон делали явно мамкины эксперты по морскому дну). А колоритный, то есть классический безмозглый злодей. Какие у него цели, почему он злодей, но это классика жанра супергеройского кино  диалог с ним, это диалог с дауном  Я злодей потому что (по сценарию должен быть Антагонист), я хочу убивать людей,  а почему ты хочешь убивать людей,  я хочу убивать людей потому что, они мусорят в море,  так давай вернем им мусор обратно,  нет хочу убивать,  давай выйдем с ними на контакт, поговорим?  Нет убивать.   Но это все придирки, так сказать, главное же это сюжет и смысл который питался донести Режиссер. Сюжет дно, а смысл прост как сказка про репку. Точка.	Пауэр рейнджерс	9
328	2019-03-11 23:18:00	Капитан Марвел	60	5	Уже становится моветоном хвалить супергеройские фильмы от Marvel за спецэффекты и ругать за отсутствие смысла. Но если не вспомнить эти самые спецэффекты, как и недостаток смысловой нагрузки, то и сказать о новом творении будет нечего.   Спасибо встающему из коленно-локтевой позы феминизму  хоть он иногда подбрасывает дровишек в угасающий костер зрительского интереса. Стоит на рекламном постере мужских персонажей изобразить бэкграундом главной героини, как зритель тут же учует запах подгоревшего филе, а, значит, скорее всего, премьеру не пропустит. Кто  за тем, чтобы обругать. Кто  за тем, чтобы вознести.   Последние фильмы Марвел об отдельных супергероях уже в который раз вызывают ощущение, что студия все свои основные творческие силы бросила на финал «Мстителей», а сольными проектами лишь забивает эфир. Дабы не остыл их зритель, да и чтобы отрыв от DC оставался неизменным. «Тор: Рагнарек», «Черная Пантера», «Человек-Муравей и Оса»  все эти фильмы лишь элементы декора, не оказывающие никакого влияния на основной сюжет киновселенной. Если их убрать, то останутся фигуральные голые стены, но сама конструкция прочность не потеряет.   Днями полку мишуры прибыло. На сцену выходит «Капитанша Марвел», дабы с трамплина премьеры запрыгнуть прямиком в последних «Мстителей». До нее каждый положительный персонаж из завершающей ленты принял участие в нескольких фильмах франшизы. К примеру, Черная Пантера. Имел свой «сольник», а до этого засветился в «Первом мстителе: Противостояние». Или Соколиный Глаз. Персонаж насквозь второстепенный, однако появлялся аж в шести лентах, начиная с первого «Тора» (2011 г.). Герой Джереми Реннера прошел путь от статиста до реального сюжетного персонажа. Но здесь, как говорится, некогда объяснять.   Корабль с историей о self-made героине, прошедшей через кровь, пот и слезы, разбивается об айсберг ненужности этого персонажа в киновселенной Марвел. Ее линия (события происходят в 1995 г.) вообще не оказывает никакого влияния на основной «мстительный» сюжет, а выступает такими себе заметками на полях, которые отвечают на очень «важные» вопросы, вроде происхождения бренда «Мстителей» или куда делся левый глаз Ника Фьюри. А та скоропостижность, с которой персонаж Бри Ларсон встраивают в канву финальной битвы, уже на первой сцене после титров начинает издавать прескверный запах.   Первая серия «Войны бесконечности» при беглом осмотре уже напоминала цветастое шапито. Но в тот винегрет были покрошены хорошо знакомые и раскрытые герои, пусть порой их союз был сшит грубыми белыми нитками. Добавление накануне «Финала» нового персонажа с явной претензией на судьбоносность путает все известные расклады, нивелируя позиции признанных лидеров движения. И как бы зрители не закрывали глаза на гендерный вопрос, он все равно повисает в воздухе.   Иными словами, «Капитан Марвел» это лишний фильм одноименной киновселенной, где в угоду модному тренду пускается под откос годами выстраиваемая логика повествования.   5 из 10	Сильная. Независимая. Ненужная.	72
329	2019-03-11 21:50:00	Кадавр	3	5	В теории, если запихнуть слова «Одержимость» или «Изгнание дьявола» в название фильма ужасов, то это сразу настраивает на нужный лад и, вероятно, отталкивает от просмотра. Серьезно, за последние годы было слишком много проектов на тему экзорцизма и все они были как на подбор плохого качества. Российские прокатчики поступили мудро и подобрали интригующее и загадочное название «Кадавр». Хотя с технической точки зрения это фильм не спасло, русское название оказалось даже удачнее чем оригинальный титл «Одержимость Ханны Грэйс»: здесь найдется место паре креативных находок, которые, правда, вряд ли разбавляют общий неаккуратный стиль.  Итак, безличностная Меган  экс-полицейский и выздоравливающая наркоманка. Девушка устраивается на кладбищенскую смену в морг: по ночам описывать жмуриков. Большинство кино-моргов выглядят как какие-то яркие помещения с циничными врачами; «Кадавр» же достойно передает атмосферу стерильности больницы. Интерьер больницы состоит из серых бетонных стен, что, возможно, является не совсем подходящим местом для мистической истории, но передает необходимое настроение. Меган коротает время в этом заведении, фотографирует поступающие трупы до момента, когда ей привозят тело некой Ханны Грейс. Труп находится на одной из стадий разложения и, конечно же, мертвец сбегает, чтобы доконать полуночных обитателей госпиталя.  Идея, на самом деле, не такая уж и страшная, потому что «Кадавру» нужно время, чтобы к ней прийти. Половина фильма состоит из повторяющихся концептов, поскольку Меган просто выполняет свою работу, бродит по коридорам и обдумывает личностную драму. Чудо, если что-то происходит помимо этого и вносит вклад в сюжет. Конечно, во многих фильмах ужасов есть сцены, где люди бродят по тёмным коридорам в ожидании чего-то жуткого, но «Кадавр» слишком сильно злоупотребляет подобным. Темп не особо держит в покое, даруя чувство отнюдь не ложной безопасности. История рассказывается слишком монотонно, по крайней мере, большую часть киноленты.  Как только история начинает развиваться, то и количество убитых возрастает. На практикесюжет подается весьма небрежно, потому что акцент в моменты мистики делается не на атмосферу, а на посредственные акты насилия. На протяжении второго акта «Кадавру» всё же удается чувствоваться нужным. Мрачная обстановка не оживляет действие, юмор не всплывает, а скримеры просто не работают как надо из-за легкого тома. Возможно, во многом виноваты персоны Ханны, героини Меган, а также тех, кто попали под горячую руку одержимому созданию  переживать за «труп слева» и «труп справа» как-то не хочется. Резкий финал всё усугубляет: даже хочется задаться вопросом, а не пропустили ли что во время просмотра?  У «Кадавра» есть несколько хороших моментов и видно, что создатели старались изо всех сил, однако на каждую эффектно построенную сцену найдется своя ленивая и раздражительная. Морг  отличное место действия для фильма ужасов, и тем не менее, тот же «Демон внутри», другой фильм на тему одержимых демонами покойников, был сильнее: «Кадавр» буквально берёт зрителя за ручку и ведёт по традиционным для хоррора сюжетным линиям. Скрыть факт, что подобные страшные вещи были в сотни других проектов до «Кадавра», не получается. Ничто попросту не привносит в сюжет тайны или загадки, что сводится к появлению в сюжете шарахающегося малополигонального демона  Ханна одержима, но безжизненная. Совсем как серая и скучная реализация кино-кадавра.   3,5 из 10		2
330	2019-03-11 21:37:00	Туристическая полиция	1	1	Ну да, взяли Ивлееву, чтобы раскрутить сериальчик, Сочи там, пляжи, солнце, песок, ну вы поняли. Пару раз засветится звезда путешествий в бикини или без оного, да каких-то неуклюжих гэгов понатыкают. Посмеемся, ладно  Двух серий, уважаемые киноманы, хватает для того, чтобы понять Точнее сначала не понять для чего это все, а потом удивиться насколько непрофессиональный актер (актриса, в данном случае  Ивлеева) может смотреться в тысячу раз разумней и адекватней, нежели сериальный шлак, устраивающий клоунаду на пляжах Сочи?  Ты постепенно узнаешь всех этих персонажей, тот там то сыграл, эта  в том сериале, те засветились Но как можно выдавать настолько бездарных клоунов? Сценаристы? Нет, ну нельзя настолько задурить мозги живым людям, чтобы они изображали полнейших ослов. Как? Зачем? Кто это проплатил? Ребят, не надо так, пожалуйста.  1 из 10	Пляжная клоунада	15
331	2019-03-11 20:50:00	Имам Шамиль. Осада Ахульго	0	2	Купив билет в кинотеатр на сие кино, я ожидал увидеть историю великого сражения, а также драматическую биографию Имама Шамиля. Но всех в зале ждало горькое разочарование  Для Дагестана Имам Шамиль является культовой личностью, и те люди кто интересовался его биографией и историей тех дней (к коим отношусь и я) сильно разочаруются актером, подобранным на главную роль. Ну КАААК можно изобразить таким нежным и мягким, Имама Шамиля, человека, который своей железной рукой сплотил вокруг себя разрозненные ханства тех времен, человека, который за воровство отрубал руку, человека, который установил законы шариата на просторах Кавказа. Просто взгляните на картины как рисовали Шамиля, на его орлиный суровый взгляд, а потом сопоставьте с внешностью и манерой речи Хайбулы Хасаева. У меня например произошел фейспалм.  Вообще почему то все актеры в фильме разговаривали и действовали как то несуразно, к примеру Шамиль с сыном остановились на минутку присесть и каждый кто шел следом останавливались на том же месте, как будто вставали на пьедестал и вертели головой туда сюда. Почему никто не разговаривал с горским акцентом, за исключением нашего буйнакского имама, который единственный сыграл свою роль удачно. Зачем актеры мелодично и растянуто пропевали «ЛаИллягъа ИллъАллагъ», если в реальности это проговаривается очень быстро, почему так неестественно и с упором произносилось «ИншАллагъ»?! Человек, который слышит эти слова ежедневно, не может не обратить внимание на такие мелочи, это попахивало непрофессионализмом съемочной группы.  Про профессионализм все вопросы отпали, когда в одном кадре один из переговорщиков приходит к Имаму и со злым лицом втыкает саблю в землю, а она не втыкается и падает, а в следующем же кадре мы видим ее воткнутой в землю. Действительно было смешно   если не было бы так грустно. Во всей этой истории почему то была приплетена и любовная линия (фейспалм), мало того, что женщины многое себе позволяли в общении мужчин, так и на главную роль выбрали какаю то ТПшку в платке с надутыми губами (потом я узнал что это чеченская певица  фейспалм N2). В любовной линии меня взбесил один момент, после которого я уже не ждал ничего хорошего от фильма. Имам Шамиль выдал замуж девушку БЕЗ СОГЛАСИЯ ЕЕ ЖИВЫХ РОДИТЕЛЕЙ И ВООБЩЕ БЕЗ СВИДЕТЕЛЕЙ С ЕЕ СТОРОНЫ (в Исламе это прямо запрещено) и после этого Имам провел какую то пространную речь о любви и мягкости (фейспалм N3).  Сам фильм снят в разброс, иногда терялась нить сюжета, кто кого и зачем было абсолютно не понять, боевые сцены сняты безобразно, на уровне индийских фильмов середины 80-х. Русские военные представлены добряками, которые пришли учить грамоте горских неучей, ни одного кадра, выставляющего в плохом свете русских военных, если и были подлые люди в фильме, то это были тоже дагестанцы, только те, кто воевал против Шамиля, и кстати, они по поводу и без пили алкоголь (фейспалм N4).  Про актерский состав сказать можно только два слова  сыграли БЕЗОБРАЗНО!  Реальную ценность представляет только последние пять минут фильма, где рассказывают про Имама Шамиля. За это накину пару баллов.  2 из 10	Осада неокрепших умов	0
332	2019-03-11 20:17:00	Мир будущего	1	2	Всё-таки Джеймсу Франко надо урезонить свой был и немного остепениться, а то его трудоголизм становится устрашающим. Фильмов с его участием выходит по пять штук в год, кроме того он занимается режиссурой, пишет сценарии, продюсирует. Вне съёмочной площадки он учится и преподаёт, а в свободное время (а вообще оно есть?) развлекается написанием картин. Нет, никто бы и слова не сказал, если бы каждый фильм, где в том или ином амплуа принял участие Франко держали определённый уровень, но, увы, это происходит не так часто, как бы хотелось. Его нашумевший «Горе-творец»  это, скорее, исключение из правил, а вот картин из разряда «Мир будущего», к сожалению, уже предостаточно. И средняя ей оценка в 4 балла на сегодняшний день вполне объективная.  Джеймсу Франко сильно, видимо, захотелось попробовать себя в жанре постапокалиптического боевика со всеми его чертами. Но Франко стал не единственный постановщиком, а подтянул к себе Брюс Тьерри Чунг, с которым Джеймс сотрудничал в лентах «Аддеролловые дневники» и «И проиграли бой». В «Мире будущего» рассказывается о мире после глобальной войны, где выжившие пытаются выжить (а что, собственно, ещё нам предлагают фильмы данного жанра?). В пустыне свирепствует банда мотоциклистов во главе с неким Полководцем (угадайте, кто сыграл эту роль). В охоте за различного рода припасами и ресурсами они неожиданно сталкиваются с человекоподобным роботом женской внешности (Сьюки Уотерхаус), которого зовут Эш. Робот беспрекословно подчиняется приказам кровожадного психа Полководца. А в это время юноша по имени Принц (Джеффри Уолберг) отправляется на поиски лекарства для матери. В этом путешествии ему придётся познакомиться с Полководцем и Эш и это знакомство круто изменит жизнь всех их.  Не надо копаться в архивах, чтобы понять какой фильм вдохновил Джеймса Франко на постановку «Мира будущего»  это старый-добрый и культовый «Безумный Макс», причём самое первое его явление, когда банда жестоких байкеров преследовала героя Мела Гибсона, его семью и друзей. Но только «Безумный Макс» был, безусловно, талантливым фильмом и по сути стал образцом жанра, а вот «Мир будущего» и близко не достигает его уровня, несмотря на то, что между фильмами пропасть времени и на стороне Франко были новейшие достижения в области визуальных эффектов. Однако дешевизну «Мира будущего» можно рассмотреть без микроскопа, как бы Франко не старался приукрасить низкобюджетную картину. А множественные шаблоны напрочь отбивают всякий интерес к «Миру будущего». Например, можете представить как будут выглядеть бандиты в постапокалиптике? Правильно  это ребята в кожаных одеждах с шипами и цепями, схожие на обкурившихся панков. Франко с лёгкостью взял на вооружение этот шаблон. Право, ничего интересного нет в фильме и нового в жанр он не привносит. Даже «Киборг» гуру жанра Альберта Пьюна на порядок сильнее, чем «Мир будущего».  А многие актёры вообще разочаровали. Первым таковым стал, собственно, сам Джеймс Франко, который поставил себя на первое место в заглавных титрах, когда нам представляют актёров. Ему вообще дико не шла роль отмороженного главаря кровожадной банды. Одной улыбкой и взглядом безумца зрителя не возьмёшь, таким мы Франко видели очень много (я же говорю, что слишком уж часто он появляется на экране). Молодой Джеффри Уолберг не прокатил с ролью скромного, но отважного искателя, который из-за своих злоключений из юноши превращается в мужчину, слишком односложная роль и неопытный Уолберг не смог внести в неё хоть чуточку разнообразия. Среди приглашённых звёзд можем наблюдать Миллу Йовович и Люси Лью. Обе актрисы сейчас не в самом большом фаворе, хотя мы до сих пор обожаем Йовович за Лилу из «Пятого элемента», а Лью не устаёт зажигать в «Элементарно». Но если Йовович хоть немного разбавила скучный фон «Мира будущего», то Лью здесь совсем немного. И Йовович была куда более запоминающиеся, нежели героини Сьюки Уотерхаус и Маргариты Левиевой, а у них несколько более драматические образы. Но обеим девушкам придумали историю, затрагивающую сейчас вопрос толерантности (это надо же было умудриться! Такой бредовой идеи вообще ожидать не приходилось, но в сюжет её впихнули. Зачем  вопрос чисто риторический). И кому интересно, то добавлю, что появляются в «Мире будущего» рэпперы Snoop Dogg и Method Man.  Признаться, было очень скучно и тоскливо наблюдать за этим, с Вашего позволения сказать, зрелищем. Абсолютно шаблонный фильм жанра постапокалиптического боевика с кривым сюжетом и безликой актёрской игрой. Такое чувство, что Франко снимал его лишь для того, чтобы своих выпускников подготовить, дабы те набрались какого-никакого опыта. Но, как по мне, лучшем бы ограничились репетициями и просмотром картин-образцов жанра, а не снимали бы заранее провальный фильм. Смотреть в «Мире будущего» не на что, так что смело можете его пропускать мимо (если только Вы не большой поклонник Миллы Йовович).  2 из 10  P.S.: К сожалению этот фильм стал последним для Кармена Ардженциано, одного из самых узнаваемых эпизодических актёров.	Убогий вариант «Безумного Макса»	0
333	2019-03-11 20:04:00	Две девицы на мели	10	1	Сериал, в котором даже не поменяли оригинальное название, сложно назвать адаптацией. Окончательно понимаешь, что это глупая некачественная переделка, выполненная за ночь на коленке, когда включаешь первую серию.  Уже первая серия повторяет оригинальные сцены, практически слово в слово, но полностью безвкусно и с полным отсутствием эмоций у нашего аналога Кэролайн. В тех же сценах псевдо-Макс (Ольга Картункова) показывает себя местным авторитетом то ли с замашками гопника, то ли бывалого тюремщика.   Хотя, нужно отметить, что «своё» в сериале есть. Старые шутки команды Картунковой из КВН (по крайней мере, тв-тизеры ими фонтанируют, да).  Волей-неволей сравниваешь героинь оригинального ситкома и данной картонной подделки по всем «фронтам»: и игра, и поведение, и внешность. Наверное, только ленивый не упрекнул сериал в том, что сексуальная и острая на язык хулиганка Макс превратилась в грузную хабалистую (ну, истинный же русский менталитет!) колхозницу (ничего не имею против сельских жителей, тут уже речь о типаже) тётю Олю, в нагрузку к которой дали вертлявую, лишенную эмоций, а также малой толики актерского таланта Маргариту (псевдо-Кэролайн, которая в оригинале была светящимся сгустком энергии, позитива, креатива и, конечно, прямой ассоциацией с Уортонской школой бизнеса, а не просто персонажем с внешностью и умственными способностями Барби). Но, если Картунковой, видимо, разрешили не копировать Кэт Деннингс (а разве могло получиться?!), то белокурая барышня (вижу первый раз, имени не знаю) наивно и неумело копирует жесты, интонации Бет Берс, да только толку нет.  Если говорить о других персонажах этого кафе, то, конечно, сразу нужно было найти аналоги Ханя, Олега, Эрла и Софи.   Замену эмигранту-украинцу Олегу здесь нашли в виде армянина Арама. Но, если сексуальная озабоченность Олега выглядит как гротеск, то здесь это выглядит как очередная насмешка над армянами. И даже приставания Олега в оригинале смотрятся куда изящнее, чем, видимо, импровизация Арама.  Персонаж Эрла (Лев в адаптации) пресен и скучен. Больше о нем сказать нечего.  Сергеич (он же Хань), видимо, не адаптирован, поскольку подколов тёти Оли над ним не было замечено.   Персонажа Софи в первой серии не было (правильно, сценарий-то копировали с оригинала, там она тоже не сразу появилась), но после этого откровенного трэша и не хочется продолжать просмотр.  1 из 10	Не валяй дурака ты, «Пятница»	42
334	2019-03-11 19:59:00	Маугли	1	0	Уууух  Даже непонятно, с чего начать  жуткой анимации или противной сюжетки, которая не имеет никакого отношения к книгам? От первоисточника тут только название.  Косые крысы-переростки, которых называют волками. Медведь-зомби. Робкий, неуверенный и стесняющий Багир. Каа теперь у нас девочка, хотя зачем  непонятно. Для оригинальности? Ее и так нет, могли бы успокоиться. Табаки выглядит так, будто обрастал шерстью тридцать лет. Сначала даже непонятно, гиена это или что?  Драма ради драмы. «Ты волк»  хорошо, такое было. «Мы будем тебя задирать, потому что ты урод»  эммм, а разве не ВСЯ его семья заботилась о нем, не? Его братья не задирали его, а играли с ним как с волчонком и вообще не делали различий. И правда жалко того альбиноса, который опять же почему-то с голубыми, а не красными глазами. «Я остаюсь с людьми после того, как меня заперли в клетке»  вы бы тоже, выбравшись из плена, привели младшего брата и кинули в камеру  ради профилактики, чтобы было к чему стремиться. Чертов охотник вообще бесполезен и косой. Слон с чего-то покрыт мхом, хотя как  загадка. Мега-агрессивные обезьяны  мда. Жаль Акеллу, который весь фильм совершает едва ли не столько же противоречивых действий, как и Маугли.  Мне действительно пришлось пересматривать советский мультик, чтобы убедиться, что я не сошла с ума и там все было на десять порядков лучше. Да, все так.  Плюс только один  игра самого мальчика. Действительно классно, да.		7
335	2019-03-11 17:03:00	Роковой патруль	45	0	Впечатления после просмотра первых 4 серий. Ну-у-у, такое-е)   Знаете, если хочешь быстро и недорого получить что нибудь НЕ обычное, нужно взять обычное и вывернуть его на изнанку. Так поступали деревенские шутники выворачивая тулуп на святцы. Так поступили и создатели сериала. Взяли ныне уже мейнстримную концепцию супергеройского эпоса и ловким движением левой руки сценариста извратили в Doom Patrol. Если обычно герои супермены красавцы, то тут  уроды, если обычно их способности оправдывают приставку super, то тут это скорее наказание и боль персонажей. К тому же эталонные супергерои  виртуозы своего дара, герои же патруля неудачники, случайно оказавшиеся не в том месте, не в то время и плохо контролирующие свои особенности.   Кто-то скажет, а почему бы и нет? Сильные и блистательные спасители мира начинают приедается. Народ хочет неправильных супер героев, ругающихся матом и бухающих. Например таких как Хэнкок или Дэдпул. Ах, если бы. Но Патруль не вывозит.   Сериал вторичен. Спецэффекты дешевы. Образы персонажей надерганы отовсюду. Тут вы увидите и Фредди Крюгера и Железного дровосека и карточную королеву из Алисы и типичного киборга и типичную мумию и типичного Билли Миллигана в женском теле и миссис Исключительную ака Эластика и даже ослика из Шрека (тут он настоящий, пердит туманными посланиями и являет собой портал в хрен знает куда). Весь этот кордебалет, кажется прикольным первые две серии, и ты невольно надеешься на проработку и глубину сюжета. А её нет.   У вас бывало так? Открываешь учебник истории на главе про Бородинскую битву, смотришь на портрет Михаила Илларионовича, а там какой-то шутник пририсовал знаменитому полководцу вторую черную повязку на единственный глаз. Кутузов с двумя повязками! Пхах? Вот в этом, вся концепция данного сериала. Возможно кто-то захочет увидеть в этом пародию? В таком случае, придется признать, что генерал от инфантерии с двумя повязками  пародия на самого себя с одной повязкой. Что то не сходится, правда? Нет комического эффекта.   Вангую, первый сезон этого сериала станет одновременно и единственным. Слишком плоский для пародии, слишком вторичен для продолжения. Любителям кунсткамеры и книжным вандалам  смотреть обязательно!	Серийное кино про вонемрепус	9
336	2019-03-11 14:52:00	Французский попутчик	1	2	Никогда не понимал, зачем делать двухсерийный фильм!? Разве нельзя было снять просто одним фильмом? Фильм привлёк постером. не вдаваясь в историю, решил посмотреть. Почему то думал, что это не очередной дешёвый проект калибра канала Россия1 или НТВ, однако ошибся (не знал сразу, что фильм двухсерийный, а то догадался бы).   Как боевик фильм откровенно слабый. По сюжету то же не ахти какой шедевр, нет интриги, хотя её упорно пытались создать, внушить что она есть, но всё очень очевидно. Снят наивно, бюджет мизерный, даже ни одну машину не разбили, ни чего кроме нарисованного вертолёта не взорвали. Скучно, господа сценаристы! Да ещё и амурные дела приплели, вообще не понятно что смотришь, то ли боевик, то ли какую то сопливую мелодраму.   Снято примитивно, а игра многих актёров просто ужасна. Особенно французские наёмники начудили, их игра вызывала смех. Вспоминая лучших представителей жанра, я могу сказать качество фильма вкупе с игрой актёров относит фильм в самый хвост жанра. Достаточно посмотреть кусочек фильма, чтобы понять насколько он банален и ужасен.   Сам сюжет фильма по идее должен был быть приключенческим и интересным, как обычно фильмы этого жанра. На деле все оказалось скучным и не интересным, где не вооруженным глазом видно восхваление спецслужб России. Возможно этот фильм был снят по заказу и на скорую руку, чтобы как-то поднять в глазах народа постоянные провалы российских силовых органов. При просмотре чувствовался этот фильм чисто пропагандистским, поэтому сложно его досмотреть до конца.  Самое главное  фильм не заинтересовывает. Скучно. Да, стрелялки-догонялки есть, но как то тускленько для задуманного сюжета. Зато герой Кирилла Плетнева прям Рэмбо, в рукопашном бою один разбросал несколько человек. Вот это да, как бы и впечатлить должно, но не впечатляет и мнение в лучшую сторону о фильме не меняет. Глупо и очень стыдно, что наши не могут снять при добротной идее хорошего фильма. Американцы тут такой бы блокбастер замутили, здесь же все предельно просто.  В общем, к просмотру не рекомендую. Зачем вам скучать эти полтора часа, да ещё и в очередной раз ругая наше кино? Найдите что то другое для просмотра и ни в коем случае не ведитесь на название или постер фильма, не повторяйте моих ошибок.   2 из 10	Наивный боевик	3
337	2019-03-11 14:51:00	Любовницы	19	1	Иногда кажется, что российские киноделы соревнуются в том, кто первым даст понять зрителю, что он очень зря купил билет. В этом первенстве у «Любовниц» отличные шансы на победу  достаточно взглянуть на розовые цифры дисклеймера «16+», чтобы почувствовать  ничего хорошего в ближайшие полтора часа тебя не ждет. Еще можно встать и уйти до того, как зазвучит первая в этом фильме песня авторства вовсе не заявленного композитора Дианы Арбениной, а совсем даже Стаса Михайлова, и сохранить нервы, настроение, желание жить дальше. Если же не смотря ни на что вы остались  сами виноваты: все было видно по первому кадру.  Шучу, конечно. Все было понятно еще по постеру, названию и синопсису.  Дурная слава, доставшаяся «Энджой мувиз», незаслуженно обошла менее одиозные компании бракоделов  ребята просто назойливо пихали в кадр свое название и поплатились, став символом дурновкусия. Создатели «Любовниц» немного осторожнее: у породившей их недофильм организации нет ни репутации, ни будущего, темны ее дела, мутны источники доходов, полны двуличия бухгалтерские книги. Впрочем, для Фонда Кино это не повод отказать им в поддержке или не расчистить под их творение прокат. Это ж не Быков зачуханный, это реальные таланты, им помогать надо  Спасибо огромное, защитники сирых и убогих. Тимур и его команда, блин.  Казалось бы, у Елены Хазановой был опыт режиссуры, международных проектов, экранизаций Дины Рубиной  а вот видно это не более, чем черная кошка в темной комнате. Ни малейших представлений о том, как следует снимать комедию, у нее нет, а использование заметно устаревших рецептов «Секса и города» столь неумелыми руками не дает ничего. Если у вас нет остроумных и в то же время жизненных диалогов  к формату «женщины по пьяни обсуждают, какие мужики сво» лучше даже не подходить, а у вас их нет, сколько бы человек ни было вписано в авторы сценария. Единственная нераскрытая интрига  заботились ли авторы о правдоподобии хоть чуть-чуть? Нафантазировать можно было и гротеск побезумнее, позабористей, посмешнее, однако же и поверить в происходящее на экране не смог бы даже Маугли, воспитанный «Домом-2», ибо реальные люди так не говорят, не поступают и не живут. Короче, если во что-то и можно поверить  так это в то, что скрипт, открытый на словах Хазановой еще в пятнадцатом году, ни разу не был перечитан полностью или даже по частям.  Артисты это тоже прекрасно понимали. Например, Саша Бортич  актриса хорошая, однако, подобно пресловутой Кристен Стюарт, если роль ей неинтересна  выкладываться она не будет, а интересно ей ненамного больше, чем играть Снегурочку в постановке «Дед Мороз и Серый Волк» авторства воспитательницы старшей группы. Из главных героинь старается только Александрова  что, учитывая ее талант, не шибко большое приобретение. На вторых ролях хороши Гармаш и особенно Чурсин, на харизме вытягивающий лучшую сцену постановки(чем он почти всю карьеру и занимается), но пара удачных ролей только усиливает контраст с остальным фильмом, тем более что они после перформанса исчезают, а наши героини остаются тянуть натужные смешки из зрителей, ибо с комедией тут все очень плохо.  С мелодрамой, которая неизбежна в любой романтической комедии, дела обстоят чуть получше, но только чуть  все же жанр попроще, и песни Дианы Сергеевны тут вполне в тему, и даже Александровой веришь в какие-то моменты, но не искупает это всего шаблонного и натужного юмора первого часа фильма, с которым создатели сами не знали, что делать, отчего заполняли исполнением караоке и прочими филлерами. Вдобавок очевидная мораль  что если увлеченно играть в месть посторонним людям, можно доиграться и покалечить чужие судьбы  начисто перечеркивает всю неуверенную удаль героинь, которые, как нас пытается убедить режиссер, единственные, кто способен закидывать неверных мужей тухлыми яйцами. Вот просто не могут обычные женщины, жалкие забитые существа, мстить сами  непременно нужны Черная Вдова и компания.  Оскорбительно звучит  ну а что поделаешь, фильм-то, если вдуматься, об этом. Причем, скорее всего, Хазанова тоже это поняла  но исправить что-то было уже не в ее силах. Главная проблема неизлечима, ибо она  в самой задумке: снять легкую комедию о супружеских изменах можно во Франции или Италии, у нас же более тяжелое отношение к подобным вещам, недаром наш главный жанр  социальная драма с уклоном в чернуху. Как совершенно справедливо пела давным-давно Арбенина, это не Франция, это  окраина Питера.  Неслучайно одна из самых запоминающихся сцен фильма  истерика Стоянова в морге, искренняя, тяжелая, жесткая. Вот это мы умеем, а сделать смешно, весело, молодежно может разве что Каримов. На этих же девчонок никакой надежды нет, к комедии, жанру куда более сложному, чем принято считать, их не стоит подпускать на пушечный выстрел (что все же ближе, чем расстояние, на котором следует держать от кинематографа участников «Кривого зеркала» и команду КВН «Уездный город»). Впрочем, драму Хазанова и ко вполне могут потянуть  чем им и желаю дальше заниматься.  В комедию же она не попадает  только электричество жжет.   1 из 10	Катастрофически	17
338	2019-03-11 12:31:00	Компьютерщики	4	0	Возможно это худшая комедия которую я когда либо видел. Я долгое время сомневался, является ли это творение комедией, ибо не смешно. Но думаю что это всё-таки неудачная комедия, так как на сопливую мелодраму тянет ещё меньше. Хотя  Нет. Всё-таки это комедия! А если так, то к какому виду комедий относится сие творение? Комедия положений? Нет. Однозначно нет. Герои этого сериала постоянно делают глупости и от этого попадают в глупые положения и ситуации. Или же глупый начальник выдумывает какую-то глупость, а они, глупцы, бессмысленность ситуации не понимают, и начинают действовать в этой ситуации. Но их действия не являются неожиданными или изящными, они простые и незатейливые. Им приказывают: «Иди почини сломанный компьютер». Они спрашивают: «А компьютер в розетку включен?» На что им предлагается не умничать, а пойти поработать. Когда они приходят на место, выясняется, что компьютер, удивительно, но факт  не включен в розетку. Они втыкают вилку в розетку и уходят. Смешно? Я бы сказал что нет. Но все эти сцены обильно сопровождаются закадровым смехом. Закадровым смехом! В XXI веке комедия с закадровым смехом! Я такой отсталости и такого неуважения к зрителю не ожидал.  Тогда может быть это комедия характеров? Нет. Опять не подходит. Ведь в таких комедиях главное  это внутренняя суть характеров героев, их черты, возможно даже какой-то порок или штамп. Но их опять нет. Герои этого сериала  безликие неинтересные персонажи. И даже нет клише на АйТишников. Весь порок персонажей и единственная их гипертрофированная черта  это их глупость. Но эта глупость не глупость беззаботного школьника, не глупость оригинальных и до безобразия тупых героев фильма «Тупой и ещё тупее». Это просто глупые люди, которые заняты тем, что ничего не делают по причине того что им мозгов на это не хватает, и ничему не противятся почти по той же причине. Поэтому опять не получается.  И отсюда следует странная картина. Комедия, которая не подчиняется правилам комедии. Комедия, которая не смешит, а огорчает. И, наконец, комедия, которая, если задуматься, вовсе и не комедия.	Как это возможно?	2
339	2019-03-11 12:11:00	Капитан Марвел	0	0	Итак, да. Свершилось.  Капитан Марвел проиграла Аквамену и Чудо-женщине.  Нас обманули с фенимизацией, нас обманули с Новым героем (на самом деле  это герой, которого можно сравнить разве что с орлами Гендальфа. Где вы были в самом начале истории???) На самом деле «Капитан Марвел»  это самое худшее творение всей Киновселенной, но при этом  самое важное для окончания её первого этапа.  Что тут важного? Мы видим героя, который сотрудничал с Фьюри с 90х в составе Щ. И. Т. Мы видим некий кубик, важный для фильма «Мстители. Конец игры» (помните Тессеракт, который Локи спер в первых Мстителях? Их получается не один?), мы видим котика, ради которого и стоит смотреть сей фильм(Ну ладно, ещё из-за отношений Гусса с персонажем Л. Джексона). Почти весь фильм мы наблюдаем становление Дэнверс (привет DC. Не такую ли фамилию носила Кара, которая Супергерл с почти таким же набором суперспособностей и такой же внешностью?). Причём рассказ об этом становлении выглядит нелепо. Чему-чему в отличие от Marvel научились DC, так это таким историям. Историям, как обычный герой стал супергероем.  Антогонист прописан по тем же канонам, что и в «Аквамене». И нам сразу понятно, кто жертва, кто предатель, а кто плохой мальчик/девочка.  Пойдёте ли вы в кино на этот фильм или нет  решать только вам. Терпеть на протяжении 85% фильма одно и то же выражение лица прекрасной актрисы Бри Ларсон, не понимающей, что она забыла в этом кинокомиксе- решать вам. Искать феминизмы в фильме, который заявлен одой этому движению, и которых там нет вовсе  решать вам. Смотреть на нелепую графику в imax, хотя, этот фильм хорошо смотрится на 2D экране  решать вам. Умиляться от котика (кошки) на экране, или умиляться котикам дома, приюте, на улице  решать тоже вам.	Прокол фокус-групп	2
340	2019-03-11 11:01:00	Красавица и чудовище	0	0	Фильм получился. Удался.  Всё сделано очень аккуратно. Даже раскадровка временами осталась от анимационной ленты. Многие сцены просто копируют великолепную анимационную ленту студии Диснея, которая уже давно стала классикой. Но, есть несколько больших «НО».  Первое. Многие сцены существенно проигрывают оригиналу. Взять хотя бы сцену в которой Чудовище ругается через дверь с Бель в первый вечер о том, что она не явилась на ужин. Пересмотрите эту сцену в анимационной ленте, а затем сразу же в игровом фильме. Вы увидите разницу без труда. Если в рисованном мультике это сцена интересная и даже немножко смешная, то в новой ленте это сцена просто проходная. Она была просто замечательно и просто мастерски анимирована в мультфильме, это была просто буря и разнообразие чувств и эмоций. И в новом фильме, вроде те же реплики, но произносятся чуть громче, затем чуть резче, затем чуть тише. И все почти с каменным лицом. Или мордой  у кого что есть. Так и хочется сказать  это не настройка звука, тут и играть нужно.  Второе. Некоторые сцены поменяли. И как видно зря. Ведь как было изначально. Чудовище  это грубый, невоспитанный и невежественный, который постепенно меняется к лучшему. Он учится вести себя правильно, учится простым вещам. Помните например сцену где Бель учит Чудовище правильно вести себя за столом, или где она учит его читать. Очень чувственная сцена где они вместе читают любимую книгу Бель. А теперь давайте вспомним сцену где Чудовище приводит красавицу в библиотеку. Он выглядит чопорным ботаником. «Ой, сколько книг. Ты их все прочитал?  Ну, кроме тех что на греческом». И в добавок к этому нет того ошеломляющего чувства, того головокружения которая испытывала Бель обожающая книги. «Ой, сколько книг Ну типа здорово».  Третье. Некоторые сцены добавили. Ну видно посчитали что нужно и что-то новое, от себя. Лучше бы этого не делали. Я сразу вспоминаю историю создания мультфильма Аладдин от того же Диснея. Знаете что в первоначальном сценарии, раскадровке, и даже черновой анимации некоторых был такой персонаж как мама Аладдина? Была даже написана и записана песня мамы. Но когда скомпоновали черновую работу и посмотрели что получается, от этого персонажа решили отказаться, так как он не оказывает влияния на сюжет, затягивает действие и, в конечном итоге, оказывается не интересным. Поэтому сценарий изменили, выполнили новую раскадровку, проделали большую работу по исключению этого лишнего персонажа, лишь бы мультфильм стал более динамичным и интересным. В новом фильме «Красавица и Чудовище» этот принцип решили убрать. Ввели историю матери Бель и отца заколдованного принца. Попытались вспомнить детство чтобы понять почему они такие. Выглядит это как неуклюжий психоанализ в кабинете психоаналитика. В результате эти сцены неинтересны, затянуты и скучны. Да, ещё добавили пару новых песен, но они и рядом не стояли с оригинальными. Абсолютно безликие и, скорее, проходные и посредственные.  Четвёртое. Начало. Завязка в классическом мультфильме была оригинально выполнена в виде картинок на витражных стеклах замка. Таким образом что случилось становится понятно, но как выглядит принц на самом деле остаётся интригой до конца ленты. В новом же фильме и эту интригу убили в самом начале.  Пятое. Конечно это неуместные па в сторону борцов за политкорректность. Старые герои, как и некоторые новые, оказались геями и лесбиянками. С оглядкой на преимущественно детскую аудиторию это осталось на уровне знаков и намёков. Но, я считаю, что таким шуткам место во взрослых комедиях, а не в детских сказках. И, извините, но в те времена встретить темнокожего в Европе было можно, но в качестве слуги или лакея, но уж никак не пастором, и не хозяином магазина, и не придворной дамой. Зачем это было сделано  понятно, но от этого картина только страдает.  Шестое. Или уже достаточно? Фильм получился, и получился красивым и роскошным. Но без души. Как вывеска лакшери бутика. И большой долей минусов описанных мной выше. Если бы не всё это, то он бы оказался вторичным, но хорошим фильмом. В принципе, вторичность  это не плохо. Ведь даже та старая анимационная лента была вторична после «Сказок матушки Гусыни» де Бомон.	Красавица и злой плюшевый медведь	4
341	2019-03-11 10:21:00	Капитан Марвел	0	1	Помните, как у Вертинского «Я не знаю зачем, и кому это нужно»? Строчки поэта как нельзя лучше описывали мое внутреннее состояние на выходе из кинотеатра после просмотра «Капитана Разочарование». Парадокс в том, что фильм умудрился произвести негативное впечатление, когда я даже ничего от него особенного и не ждал. Впрочем, по порядку о главных проблемах фильма.  Кто только не пнул Бри Ларсон за негативные высказывания на пресс-конференции. Однако мне, как зрителю, публичная жизнь актрисы совершенно неинтересна, для меня главное, как она ведет себя на экране, её игра, эмоции. И с этим у Капитана Покерфэйс явная проблема. Есть актеры, которые в каждом фильме снимаются с неизменным выражением лица, но при этом берут харизмой, юмором или подачей. Бри не делает ни того, ни другого, ни чего либо еще. Вся её игра  это надменное выражение лица и спецэффекты в некоторых сценах. Если кто-то хочет посмотреть, как надо играть сильных женщин, стоит глянуть такие фильмы, как «Молчание Ягнят», «Убить Билла», да даже «Чудо-Женщину» Итогом актерской игры Бри стало то, что фильм хвалят за дуэт второстепенных персонажей: Фьюри и Фенек. Как по мне, повод задуматься.  Сюжет и отсылочки. Все же любят отсылки, а их в новом сольнике от Марвел больше, чем несовершеннолетних феминисток в кинотеатрах в день премьеры. Для некоторых людей они были главным аргументом в пользу того, что фильм прекрасен. Но мне кажется, что отсылки  это не то, на чем должен держаться фильм в целом. Во главе угла должен стоять сюжет, именно он, в хороших фильмах, вжимает тебя в кресло, тревожит, интересует, заводит, иными словами делает все, чтобы ты ушел из кино под впечатлением. Этого к сожалению не происходит. Фильм, очень скучный, неровный, местами откровенно несмотрибельный. Капитан ДжоДжоРеференс, как паразит живет за счет отсылочек, но как самостоятельное произведение, в отрыве от MCU очень слаб и забывается в первые часы после просмотра. И это хорошо, потому что он совершенно не приносит ничего нового в киновселенную: если вы пойдете сразу на Endgame, проигнорировав КМ, то не потеряете в сюжете ровным счетом ничего. С такого ракурса фильм выглядит как один большой бонус-материал для фанатов на DVD.  Раскрытие персонажей. Капитан Имбаланс на данный момент является носителем самой скудной предыстории. Только вдумайтесь, все ее раскрытие, ее мотивы, страхи, всё было показано обрывистыми флэшбэками в духе « упала-встала». Она не хотела помогать людям, она просто выполняла свой воинский долг, когда рядом с ней бабахнул куб, наделивший её серхсилой и бонусной амнезией. Ей просто не интересно сопереживать, это Мэри Сью 21 века, женщина без прошлого, у которой все получается потому что иначе и быть не может. Про остальных персонажей даже такого сказать не получается  они движущийся за спиной Капитана Имярек, фон, с лицами известных актеров. За исключением, пожалуй, что Ника Фьюри. Но к нему есть другой вопрос: что это за человек? Да, его по прежнему играет Сэмуэль Эл Джексон, и он по прежнему мужчина, наперекор современным трендам, но этот совершенно другая личность, в отношении основной сюжетной линии MCU. Я осознаю, что нам показывают молодую версию Фьюри и это прекрасно. Я искренне не понимаю, как этот весельчак стал серым кардиналом всего человечества, волей и кулаком, щитом Земли. Нам просто не показывают, как менялся этот персонаж, и это даже обидно. А его главный символ, повязку на глазу, превратили в шутку. Нет, это точно другой персонаж, и вы меня не переубедите.   Рецензии к этому фильму принято начинать с того, что критики открещиваются от вопросов феминизма и гендерного неравенства. Я не стал этого делать, потому что это кажется глупым: если фильм заслуживает критики, его надо критиковать вне зависимости от того, кто играет в нем главную роль  мужчина или женщина. В ситуации с Капитаном ЖальНеАмерика этот вопрос стоит особенно остро, потому что если поменять пол главного героя, сам фильм не изменится ни на йоту. То, что главный герой женщина не несет в себе ничего принципиального важного для сюжета, никак не обыгрывается и в целом является просто соответствием канону, а не еще одной победой феминистического движения в кинематографе.  Таким на мой взгляд вышел новый фильм от Марвел-Дисней. На этом все. Приятного Эндгейма.  1 из 10	Капитан Разочарование или «не надо так».	2
342	2019-03-11 07:14:00	Как приручить дракона 3	7	6	Все бегут на Запад. Так было во все времена: где заход солнца  там надежда. Иккинг за драконов, но он не понимает: «Драконы хотят жить, как жили раньше». О чём мультик? О надежде, о собственном выборе, об эволюции и драконов, и людей. Мультик неплохой. Мультик показывает: «Запад  это надежда всего и так было во все времена». Убежать от вызова, от охотника на драконов. Бегство, как альтернатива открытой войне. Мультик неплохой, но не идеальный. Просто эта франшиза приелась. Мультик качества 4K. Все ищут пары. Поэтому в мультике так много любви. Любовь в мультике играет огромную роль. Все ищут себе пару для отношений (этот проект нужно было выпускать на 14 февраля). Любовь, надежда на Запад и эволюция драконов с людьми.  Эволюция драконов заключается в познании своего естества. Режиссёр мультика Дин ДеБлуа сделал детские приключения для малышей, которые верят в мир, дружбу и любовь. Запад, как надежда избежать опустошительной войны. Мне понравилось в мультике голос Михаила Боярского. Не хватало в мультике голоса с хрипотцой. Дубляж у мультика прекрасный. Беззубик, как истинный вождь своего племени, хорошо прорисован. И его самопожертвование дракона напоминает человеческие эмоции. Иккинг и другие викинги острова Олаха являются лучшими друзьями драконов.  Иккинг и Беззубик проявляют геройство из-за своих любимых и своих друзей. Актёр дубляжа Андрей Лёвин хорошо показал своим голосом все эмоции Иккинга. Иккинг очень живой и ему нужно найти пару, чтоб стать более уверенным. Все ищут пары в этом мультике.  Драконы умны и тоже умеют любить. Беззубик показывает, что он вырос из опеки и ему нужна пара. Герои Иккинг и Беззубик хотят мира и любви. Жить в гармонии  это жить с любимыми.  6 из 10	В мультике много любви, аж до судороги всё это надоело.	0
343	2019-03-11 03:16:00	Человек на Луне	11	3	Право, фильмы затрагивающие темы такого масштаба, как покорение космического пространства человеком, могут нести в себе очень разный посыл. Ведь жизнь на нашей голубой планете, столь одинокой в смертоносной пустоте, хрупка и беззащитна. И на людях  созидателях, творцах, первооткрывателях, лежит особая миссия. Мы в ответе за нашу колыбель, ведь однажды мы её покинем, и только в наших руках шанс её обессмертить.  Беря это в расчёт, от исторического произведения на столь значимую тему можно ожидать чего угодно, гимна человеческому разуму или пацифистского предостережения, но никак не унылого Гослинга, томно уставившегося в серый лунный кратер. Нил Армстронг был лучшим, поэтому ему выпала честь стать первым. Но фильм не раскроет его секрета, нас лишь мучительно протянут через все моменты, где Гослинг сможет покривляться, изображая телеграфный столб. В сценах полётов всё постоянно трясётся и безудержно гудит, да так, что даже специалисту происходящее делается непонятным.  Шестидесятые  это пик человеческой мысли, взрыв аэрокосмической отрасли, стремительная гонка за престиж между двумя мировыми державами, представляющих разные взгляды на будущее человечества. И что? Да ничего. Фильм про то, как трудно в трудностях, как горька утрата, и как паршиво быть астронавтом. Кому нужно такое кино? Сторонникам сокращения космических исследований?  3 из 10	Это было зря	1
344	2019-03-10 21:41:00	Капитан Марвел	0	3	Увы, чуда не случилось! Бри Ларсен не стала «чудо-женщиной».   Естественно, этот фильм соберет свою кассу и окупит свой бюджет. Но в целом блеск спецэффектов лишь оттеняет сценарную нищету и замшело-политкорректные стереотипы Голливуда.   Можно было бы упрекнуть Пэтти Дженкинс  режиссера фильма «Чудо-женщина» за феминизм и «месть мужчинкам». Но тем не менее героиня Галь Гадот органично смотрелась в образе полубогини: она воинственна, сильна и одновременно женственна. Хороший сценарий с качественно проработанными персонажами и антигероем  двигателем всей истории.   Что мы имеем в случае с «Капитаншей»? Невнятные антагонисты. Высший интеллект расы Крии задумка интересная, но опять же слишком быстро побежденный главной героиней. Внутренний антигерой (проблемы и травмы героя, которые вынуждают его противостоять самому себе)  так же показаны натянуто и не достаточно естественно. В добавок к откровенно слабым антагонистам мы имеем потенциально неограниченного по силе супергероя (взорвать космический линкор одним ударом), неуязвимого, у которого даже нет своего «криптонита». И фильм сразу теряет привлекательность.  Сочувствия и сопереживания героине  ноль целых ноль десятых, как если бы ты играл в «Doom» в режиме бога и с бесконечным арсеналом оружия. Все предсказуемо, понятно и призвано лишь как-то убить время.   Даже в «Алите» мы больше сопереживаем героине, ее чувствам, несмотря на то, что она киборг. Ей-богу, сойдись в гипотетическом противостоянии Чудо-женщина, киборг Алита и Капитанша  сопереживать и сочувствовать последеней будешь меньше всего.   Сценарный переворот с превращением «плохишей» в «хорохишей» в стиле второго «Дэдпула» видит уж очень «сюсюкательным» и неестественным. И не приносит очков в корзину данной картине.   Ни внешних, ни внутренних конфликтов не наблюдается. Нет напряжения. Нет той самой внутренней искры, хоть внешних спецэффектов и предостаточно.   1 балл за юмор и иронию. Они есть. Не такие жесткие как в Дэдпуле, рассчитанные на фанатов «Мстителей» и просто хорошо знакомых со всей вселенной, включая сериалы «Щит» и другие.   1 балл художнику-постановщику за съемки. Очень хорошо воспроизведена атмосфера 90-ых.   1 балл традиционно за котика. Он того стоит.   3 из 10  Прямо вызывает беспокойство следующая картина про «Мстителей». Как говорится, не дай-то Бог! Хорошо хоть Стэн уже не увидит.	Самый слабый фильм по вселенной Марвел	3
345	2019-03-10 21:00:00	Месть Лиззи Борден	6	4	Lizzie Borden took an axe And gave her mother forty whacks. When she saw what she had done, She had her father forty-one.  Эту детскую считалочку знает, наверное, вся детвора Америки. Ещё бы, ведь Лиззи Борден, благодаря своему злодеянию «ушла в народ», прописалась в современной культуре. Но история Лиззи, само собой, всегда драматизировалась и приукрашивалась в угоду кровожадной публике. Жертвой была не мать, а мачеха. Это был не сорок один и даже не сорок ударов; английская «Википедия» говорит, что их было чуть более десятка. А правосудие в США всегда испытывало слабость к богатым и респектабельным личностям, так что и в оправдании госпожи Борден не было ничего неординарного, особенно по состоянию на бородатый 19-й век. Споры о преступлении почему-то не угасают в американском обществе до сих пор и одна из популярных теорий заключается в том, что Лиззи была лесбиянкой, а преступление было совершенно, можно сказать, из романтических побуждений. «Месть Лиззи Борден», новый фильм об этой персоне, пытается поработать с вышеназванной идеей, однако многое здесь просто не функционирует с драматической стороны: статичный кинопроект воюет с импульсами триллера, из-за чего повествование похоже на слабую, сексуально недогретую мелодраму.  Итак, в «Мести» Лиззи  весьма своевольная и прогрессивная молодая женщина для своего времени («Википедия», опять же, говорит, что даме было 32 года на момент преступления и охарактеризовать её можно было «синим чулком», ну да ладно). Её отец Эндрю  весьма зажиточный человек и при этом выраженный подонок. Всё меняется в доме, когда в поместье пребывает ещё одна своенравная особа  служанка Бриджит. Лиззи и Бриджит образовывают крепкую связь и вступают в дерзкий, запретный роман.   Увы, самый главный недостаток и кроется в лесбийских отношениях. Не поймите неправильно, тему гомосексуальных отношений надо раскрывать, но демонстрировать правильно. «Месть Лиззи Борден» является, наверное, одним из самых скучных фильмов на тему запретной любви. Героини просто не генерируют бурную страсть. Даже со своими томными взглядами, ни экранная Лизи, ни её любовница не передают сексуальность или любовь. Их отношения, похоже, не выходят за рамки теплой дружбы. Это не та вещь, вокруг которой стоит построить произведение о преступлении ради любви, так что откровения здесь слабоватые.   То, что у Лиззи были причины убить своих родителей, ну, наверное, не поддается сомнению. Тем не менее, «Месть» ни капли их не раскрывает, заставляя обратиться к «Википедии» и освежить в памяти подробности того странного дела. «Лиззи Борден взяла топор» Ника Гомеза, другой проект на эту тему, хотя бы был процедурным детективным триллером о тех событиях. «Месть» же пытается проникнуть в душу героини, но здесь нет ни откровений, ни эмоций. Возможные мотивации быстро стираются, потому что ритм здесь прост и понятен: преступление произошло, так как просто должно было произойти  злобный мужик, дескать, сам напросился, а мы такие непонятые и отчаянные любовники. Как по мне, это в чем-то даже дурная повестка: не стоит подпитывать инфантильные фантазии отдельных зрителей.  Как бы ни был медлителен и неутешителен сценарий, он должен по крайней мере извлечь что-то интересное из кастинга. Хлоя Севиньи со своим фирменным ледяным взглядом играет роль Лиззи и невооруженным глазом видно, кому отдавалось предпочтение в сценах. Кристен Стюарт более пассивна и настороженная. Две очень разные по стилю игры актрисы не вдыхают жизнь в своих героинь; они какие-то сонные и унылые. Да и социальный комментарий на борьбу с патриархальным угнетением передан постольку-поскольку; такое чувство, что это вновь игра на чувствах какой-то странноватой прослойки зрителей.   «Месть Лиззи Борден», конечно, захватывающий в определенные моменты, но именно самые адреналиновые сцены подчеркивают, как часто остальным эпизодам фильма не хватает подобного. Это своего рода спекуляция на уроке истории, хотя, очевидно, что наследию Лиззи Борден нужно что-то больше, чем вольная фантазия и попытки актуализировать те события под новые трещины в уже современной культурной системе координат. Да прольётся кровь!   4 из 10		3
346	2019-03-10 20:34:00	Гоголь. Страшная месть	2	0	Отсутствие стиля у фильмов огорчает сильно. Местечковая экзотика и чёрные котики  это ещё не готика. Слишком мыльными вышли и кадры с эротикой. Не против коль тел обнаженных, режиссёр, смело покажи сколько можно, не Роскомнадзором, а чтобы взору угодно и чтоб не позорно. ПОлно же про срамное, больше огорчает другое, хоть и дюжий сюжет, но не им едином, как говорим мы, полна картина, остальное, увы, мимо. Биография Николая мнимая выполнена эпитафией галимой. Пусть Писатель и был нелюдимым, слегка ранимым, но словом был сильный и умом не пассивный. А что в фильме?  будто асфиксия сошлась с шизофренией и итогом этой идиотии вышел полоумный недовития. Эх, нету на создателей Вия. А затея с рогатым злодеем?  Явно не тянет на эпопею, тем не менее, тема породила аж три полнометражных мема. А Меж этой рогатой истории всажены тру произведения сабжа. «Сорри»  скажут киногении  «а как же? надо же собрать пени со зрителей, что проявили рвение к культурным веяниям. Лишь недавно преданные забвению, благодаря нам, без сомнения, и не без нашего старания обрели новое дыхание. Поэтому пусть платят за новое полотно». Кстати, они готовят ещё одно. Если прокатит это в прокате, у них совести хватит откопать тело литературного бати и также его творения перелопатить. Я в апатии, поэтому об этом хватит. Не станем кидать тень на плетень мы и вернёмся к рогам оленьим, что из спины торчат привидения, который пугает всю округу, которая будит мертвых с испугу, которые снова пугают округу, которая короче, всем приходится туго в фильме который придумал Цэ.   Бюджет позволял этим пронырам годный сценарий, но сюжетные дыры в нем это же в общем без комментариев. Смотрите сами на свой страх и риск, а я домой, гаражами. Всем пис.	пару фраз зразу о трёх заразах	6
347	2019-03-10 20:30:00	Скотт Пилигрим против всех	8	4	Сюжет:  Фильм снят по мотивам комикса. И если для комикса резкая смена кадров, обстановки и действия  норма жанра, то вот в фильме данная стилистика подачи сбивает, напрягает и мешает планомерному восприятию. В фильме множество обрывков сюжета, нераскрытых тем, да и весь сценарий крайне поверхностный.   Есть подросток, есть странная девушка и есть 7 бывших, которые уже живут своей жизнью, но зачем-то ему надо им навалять в игровом наркоманском мире. И больше никаких интриг, побочных сюжетных линий, да и вообще чего-либо компьютерных спецэффектов.  Актёры: сама актёрская игра разного качества, кто-то откровенно переигрывает, кто-то наоборот жутко тупит, хотя возможно это вина режиссёра и его видения данной картины.  В целом это кино может быть лёгкой и незамысловатой комедией для одноразового просмотра для детей и подростков до 17 лет. Но как полноценное и качественное кино для взрослой аудитории, на мой взгляд, он не подходит. Пустышка в яркой обёртке с блёстками.   4 из 10	Смотрла фильм дважды. Оба раза мнение осталось негативным.	0
348	2019-03-10 19:20:00	Последний виток	0	0	Фильм ну очень сильно смахивает на популярный сериал нулевых. Тут в первую очередь речь о чёрном дыме. Поначалу я вроде как увлёкся происходящим на экране, но с каждой пятиминуткой я всё больше и больше начинал скучать.  Не хватало динамичности. То есть совершенно никаких действий, вызывающих интерес у зрителя, не было. Скука смертная. Казалось бы, некие эксперименты проводятся на острове. Ожидал какой то раскрытой тайны, нарастающей интриги и прочего. Но не получил ничего. Только кучу скучных диалогов, многие из которых были просто ни о чём.   Обычно когда в фильме идёт речь о возвращающейся памяти и имеется постоянный показ флэшбеков, это интересует. Приоткрываются некие завесы таинственности, находятся ответы на возникающие вопросы, ну и ещё много чего увлекательного происходит. К сожалению, в данной ленте не было ничего такого. Как то всё скомкано, грубо и уныло. В итоге возникает не интерес, а желание сходить заварить кофейку, ну или просто завалиться поспать. Позорно скучное зрелище, снятое непонятно для кого. Если кому то понравится сие творение, что ж, каждое кино на любителя, но всё же ЭТО на довольно странного любителя.  Из положительного стоит отметить неплохие съёмки местности. Остальное всё  шлак. В том числе и игра актёров, которых непонятно откуда понабрали. Они не играли свои роли, а просто мучились в кадре, ну а вместе с ними мучились и мы. В результате получаем очередной убогий хоррор, который до безобразия переполнен штампами, к тому же финал становится понятным практически сразу, что делает и без того плохой фильм просто мега утомительным зрелищем. К просмотру настоятельно не рекомендую!	Пародия на LOST	0
349	2019-03-10 18:15:00	Зачем прятаться?	0	3	На протяжении всего фильма меня одолевали лишь два чувства  это скука (особенно в самой завязке) и пробудившийся интерес (ближе к непосредственно к финалу). Заявленный жанр «комедия», что является одним из предложенных компонентов ленты отсутствует напрочь. Разве что можно упомянуть эпизод с пьяным дефилированием героев по дому в нижнем белье. А после нас ожидают утомительные диалоги персонажей и вялые попытки хоть как то им сопереживать.   Признаться, есть у картины и положительные моменты. Ближе к самой развязке, сюжет хоть как-то «обрастает мясом», постепенно нагнетается саспенс, да и визуально картина начинает рисовать в воображении зрителя небольшой ворох вопросов. Является ли происходящее следствием уязвленного воображения главной героини (МакКензи), вызванного гипнозом, или же в доме явно присутствуют потусторонние силы? Также начальная история, показанная в начале фильма, постепенно получит свое логическое продолжение.  Однако минусов все же куда больше. Это и неторопливое повествование, бесконечные штампы и самоповторы. Да и сам финал, как мне кажется, получился бы куда сильнее, пойдя по немного другому вектору развития сюжета, что несомненно принесло бы картине куда больше твистов.   Британский фильм ужасов «Зачем прятаться?» 2018 года выпуска  это довольно таки слабое творение режиссера Джеймса Кука, с банальной сюжетной составляющей, неоднозначной ее реализацией, а также неплохой актерской игрой.   3 из 10	Гипноз, дефиле, Демон и все, все, все	0
350	2019-03-10 17:55:00	Лучше, чем люди	6	2	После информации, что этот сериал стал первым российским продуктом, купленным Netflix для показа на своей площадке, возникла гордость. Надо же. И «мы» можем. Наконец-то что-то достойное, ну должно же было что-либо подобное наконец произойти. А потом смотришь итоговый результат и  Первые несколько серий  всё отлично. Вполне визуализируемое будущее  органично вплетенные в повседневную реальность технологии, дроны над Москвой, приятные светлые интонации в оформлении всех съемочных локаций, легкий футуризм, чистота везде, ухоженные улицы; вспомогательные функции выполняют человекоподобные роботы с простым дружелюбным интерфейсом  да, таким город будущего, к которому сам имеешь отношение, видеть было бы вполне приятно . А потом первые серии (точнее, по сюжету: после 1-го этапа государственного тендера) заканчиваются, и начинается долгий спуск на производственное телевизионное дно. В какой-то момент дно даже пробивается, и в очередной раз достигает марсианской впадины российского сериалостроения. Происходит это ровно на финальных титрах, где показывают «смешные дубли», в которых актёры смеются, дурачатся, танцуют и такое прочее  хотя все предыдущие десять серий разыгрывали перед зрителем посредственную окололичностную криминальную драмчонку  из той самой категории посредственных окололичностных криминальных драмчонок, на которых набили руки представители канала НТВ (а за последние годы  еще и 1 канал). Видимо, танцуют и радуются тому, что попилили 320-миллионный производственный бюджет, а теперь эта начавшаяся казаться бесконечной глупость наконец закончилась.  Вот был же недавно на Netflix интерактивный «Брандашмыг», главный new-expirience которого заключался в выборе самим зрителем варианта продолжения по ходу действия, после чего сюжет двигался именно в выбранную сторону. Во время просмотра «Лучше, чем люди» не покидало ощущение, что и перед нашим зрителем стоял такой выбор, и тоже предлагалось два варианта, только вот эти: «Вменяемое, адекватное развитие истории» и «Упоротость, серость, непрофессионализм, полный сценарный провал». И наш человек, воспитанный годами отечественного кинематографического отстоя, по привычке жмакал на «Упоротость».  Вечная проблема российского кино и сериалостроения  плохие сценарии. Здесь он не просто плох, он отвратителен. Во всех зарубежных аналогах «Людей» в истории соприкосновения мира роботов и людей помимо общей фантастической составляющей всегда было второе, а то и третье дно (вот здесь  в хорошем смысле «дно»)  или драма женщины, дочь которой начинает считать робота более живым и понимающим существом, нежели собственная мать, или драма робота, в сознание которого вшито пасхальное яйцо  часть сознания, и нужно собрать все части этого кода, чтобы сознание внутри искусственного разума обрело цельность и самодостаточность. Всегда были какие-то свои особенности  и за этими отличиями сериалов разных стран наблюдать было достаточно интересно. В российской же версии всё отличие, видимо, проявляется в наличии бритоголового мужика, ездящего на геленвагене и по заказу руководства выполняющего грязную работенку  причем чем дальше, тем грязнее. Все же остальные идеи  именно идеи и осмысления вплетений роботов в обыденную жизнь  постепенно отступают на второй и третий план, к концу сериала оставляя обычное нтв-шное процедуральное Ничто. А ещё бесконечные разговоры. А ещё гнилостные романтические линии с нулевым уровнем химии между персонажами. А ещё второстепенные герои, которые иногда выпрыгивают из табакерки, низачем не нужны и никакой роли в повествовании не выполняют, не обогащают центральный сюжетный конфликт, а ещё Ой. Сколько же там этого еще.   В общем, резюме: актеры старались, это видно. Но играть им большей частью было попросту нечего. Из 16 серий этого ТВ-шоу не можно  а нужно было сделать 8, обычный нетфликсовский формат. И тогда можно было о чём-нибудь говорить. Пока же  первый блин комом. (Хотя тут еще вопрос, какой первый, конечно  любые интерпретации зарубежных шоу образца «Побег» или «Родины» были откровенно провальными. Вот и этот. Уже лучше, но пока что всё ещё НЕТ).  2 из 10	Хуже, чем Люди	0
351	2019-03-10 16:15:00	Рассвет	3	3	В какой ситуации русский хоррор? Очевидно, что плохой. Такие фильмы как «Невеста», «Дизлайк» и «Диггеры» втаптывают русский ужас раз за разом в могилу. К созданию «Рассвета» съемочная группа подошла со всей ответствнностью  по крайней мере они так заявляют. В качестве сценариста привлекли Колядинцева, чьи творения креативны, но до сих пор бросают в дрожь и отнюдь не из-за элементов ужасов: настолько плохи были «Дизлайк» и «Диггеры». Что ж, его новая идея действительно оригинальна и достойная игра с ней позволяет развиваться сюжету в различных направлениях. Режиссером избрали Павла Сидорова  перспективного клипмэйкера. На роли героев позвали как симпатичных молодых актеров, так и несколько громких имён русского кинематографа для придания «Рассвету» солидности. Что же могло пойти не так? Как оказалось, всё. Формально «Рассвет» действительно включает в себя всё вышеперечисленное, но дальше строчек на афише это не заходит. Хоррор реализован спустя рукава и вызывает исключительно кислое ощущение.  Итак, «Рассвет» повествует о девушке Свете, которая страдает из-за того, что по сути убила мать  женщина умерла при родах Светы. Брат этой двадцатилетней девушки покончил с собой из-за ночных кошмаров. Виноват в этом, судя по всему, какой-то демон, так что Светлана отправляется в НИИ сомнологии, где отечественные ученые изобрели аппарат из «Начала», позволяющий группе людей испытывать коллективный сон. Как тебе такое, Илон Маск? Естественно, что всё идёт не по плану, а в сны вторгаются демоны и прочие чумазые черти.  «Рассвет» реализован по стандартному сценарию: здесь найдется место и клише, и предсказуемым сюжетным поворотам, и скримерам, и дурно прописанным героям, и каким-то деталям русского быта, которые есть только в кино. Печально то, что самой перспективной идее фильма, т. е. путешествию сквозь сны, уделяется преступно мало внимания. Вместо этого зрителя пичкают каким-то кремом, чтобы, судя по всему, добавить персонажам глубину, а на практике всё выливается в слабых героев, написанных широкими мазками. От этого страдает и атмосфера: несмотря на все попытки саспенса, за персонажей не переживаешь, что попросту негативно сказывается на впечатлениях.  Засунув себя в рамки хоррора, сценаристы оказались ограничены жанровыми приемами. Из «Рассвета» вполне, без шуток, могли бы выйти русские версии вышеуказанного «Начала» или «Клетки», однако всё тонет в натянутых сюжетных элементах и сценах формата ужасы. Это всё попросту не работает: такое чувство, что сценарий составляли из задумок, имеющих отношения к абсолютно разным проектам.  По части реализации, увы, всё в очередной раз плохо. Легко видеть желание создателей возвести атмосферу приемами старой школы, т. е. без компьютерной графики, но на практике всё выполнено халтурно и попросту глупо. Погрузиться в иллюзию фильма не получается и из-за статичной актерской игры. Музыка? Такое чувство, что композитором выступил какой-то доморощенный русский Ганс Циммер: эпичность звукового сопровождения ни разу не оправдана.  В итоге «Рассвет» оказывается заметным проектом, хотя бы из-за своего сюжета и подхода. Заметным не значит хорошим. Увы, дебют Сидорова в игровом кино натыкается на те же проблемы, что и другие русские хорроры до него: отсутствие символизма, экзистенциализма и того, что можно назвать кошмаром русской души.   3 из 10		7
352	2019-03-10 15:58:00	Капитан Марвел	0	0	На фильм пошёл с супругой (собственно, она на него и повели). После сеанса призналась, что пол фильма проспала. Я этого не заметил, видимо потому, что и сам был то ли в дрёме, то ли в коме.  Фильм настолько заунывно и однообразно начинается, что просто слов нет. Честно, детские утренники веселее и интереснее смотреть, чем последние фильмы Марвел.  Вселенная, как повелось в Мстителях, да и в Звездных клоунах, размером с детскую песочницу, но при этом, в ней постоянно открываются новые миры, ранее нигде не упоминавшиеся. Получается, ни Асгарт (с его семью мирами), про этот мир (даже название не запомнил) не знал, ни в этом новом мире этот Великий суперразум (тоже не понял и не запомнил, что ЭТО) не в курсе  Хорошо хоть с главными женскими персонажами всё нормально. Нормально чисто внешне: хорошо, что на женские роли тут (в отличие от Звёздных недовойнов) берут симпатичных женщин (и даже старушка миленькая). Но это единственное достоинство капитанши марвел  хорошая задница. Всё остальное её игра собственно, никакой игры я не увидел. В Голливуде сейчас в тренде типы игры «бревно с глазами». Точнее, первую половину фильма Кэпша (буду её так звать, имя ни одного не запомнил) пыталась играть в «брутального мужика» из боевиков 80-90 х годов. Получилось, как плохая пародия на терминатора: железная поступь, челюсть кирпичом, пустой взгляд. Было ощущение, что она проглотила железный кол, а между ног ей ДЕЙСТВИТЕЛЬНО ЧТО-ТО МЕШАЛО Кристанна Локен (Терминатор 3, Т-Х) выглядела гораздо естественнее.  Поведение и манеры нашей Кэпши откровенно бесило: она дерзит своему непосредственному командиру, откровенно борзеет, просто не умеет работать в команде «давайте сделаем так, а если в против, то я пошла сама». В итоге, в первом же бою, огребает по полной, несмотря на «тренированные ручки» Скажу честно, весь фильм у меня просто чесались руки снять с неё штаны и отходить по шикарной заднице ремнём!!! Причём не из какие-то садистски-эротических фантазий почти, а исключительно в педагогических целях. А то просто «барзометр зашкаливает, лечить нужно».  Что ещё можно выделить, так это откровенную обиду за Н. Фьюри. С самого начала он предстал нам как харизматичный, редко улыбающийся, волевой лидер, который может быть способен на не самые благовидные поступки, для достижения цели (собрать разных перцев в команду, сплотить её). А тут он оказался в отряде клоВунов, вместе с Тором, Локки, Халком (которых туда приняли ещё в Раганрёке).  Ну и финал, когда Кэпша стала Суперменом, т. е. Супергёлом с ирокезом на голове (причём не классическим индейским, а панковским) это действительно был финиш неужели создатели не понимают, что чем круче герой (мать-героина), тем он менее интересен: она крута, она всё может, она богиня и что? Что в ней такого?  Короче, фильм скучный, не интересный, шутки не смешные, сюжетные повороты настолько предсказуемы и плоски, что вообще не заметны. Хитроумные планы у Бабы Яги и Кощея они в любой сказке по хитроумнее будут, чем у высокоразвитой, передовой цивилизации.  Короче, хотите выбросить деньги, сходите. Может, поспите хорошо.	Капитанша	1
353	2019-03-10 15:03:00	Капитан Марвел	1	2	Что ж. Посмотрел я этот фильм скорее для галочки, поскольку ничего особенного от него не ждал. Бри Ларсон не Галь Гадот, и это было видно по трейлерам. И всё же была надежда на то, что такие харизматичные актеры, как Джуд Лоу и Самюэль Л. Джексон, вытянут этот фильм. Но увы Джуд Лоу просто не раскрылся, а о Джексоне будет далее.  Проблема данного фильма в том, что он абсолютно не запоминается. Он не вызывает эмоций. Здесь нет драмы, некому сопереживать, невозможно себя идентифицировать с главной героиней, ибо она, и будучи простым человеком, и став по сути неуязвимой, не проявляет никаких мало-мальски серьезных чувств, такое ощущение, что киноделы Marvel попросту побоялись наделить эту «каменную глыбу добра и справедливости» хоть какими-то настоящими человеческими чувствами  чувствами, присущими реальному человеку. Ведь человек может быть слаб, уязвим, он может падать духом, он может любить, тосковать, любить и ненавидеть, бояться до смерти, возноситься от счастья. Он несовершенен, и в искренности своего несовершенства может быть притягателен. В фильме же создатели явно забыли о простой истине: зритель должен ставить себя на место персонажей, должен проникаться их историей. Здесь же получился абсолютно неживой, нереальный супергерой, неуязвимость и роботизированность которого резко снижает интерес к нему. Если в случае с тем же Суперменом существовал криптонит, была драма, связанная с тем, что Супермен любил смертную, уязвимую для врагов, были смертная мать и смертный отец, то в случае с капитаншей ничего подобного нет. Она никого не любит, ни к кому не привязана. Она нереальная, неархетипичная, выдуманная.  Этот фильм и не комедия тоже. Да, была парочка-другая забавных моментов с Фьюри, с Главскруллом, где я прихмыкнул. Ну и всё. Ника Фьюри из хмурого вояки превратили в какого-то несерьезного человека с не очень смешным чувством юмора, сюсюкающимся, как с младенцем, с котом, порой косплеящим одного персонажа с оскалом чеширского кота  сами знаете какого.   На метаморфности скруллов можно было построить отличную детективную арку в духе «10 негритят» Агаты Кристи, когда под подозрением все, и не ясно, кто есть кто. Но увы С какого-то момента, когда интриги совсем не стало, просмотр фильма превратился в его «досмотр».  Саундтрек незапоминающийся, вставка песен из 90-х неуместна. Атмосферы 90-х, по сути, нет. Да, показали допотопные компьютеры. Да, прихмыкнул. Но никакого чувства ностальгии по реальным 90-м не было.   Визуал местами неплохой, местами  никакой (по меркам Marvel). Да и в целом всё снято как-то серо, без собственных «фишек», без индивидуального режиссерского видения. У того же Зака Снайдера, несмотря на очевидные минусы снятых им в рамках киновселенной DC картин, получается делать сцены зрелищными, приятными глазу, даже если экшена там нет.  В КВМ этот фильм, по сути, ничего особенного и не привнес. Это скучнейший-прескучнеший ориджин. Да, нам показали, как Фьюри лишился глаза  и лучше б не показывали. Да, показали, что было дальше с тем самым пейджером. Ничего особенного.  Смысл существования такого персонажа в преддверии грядущих «Мстителей 4» не совсем ясен. Если она останется такой, какая есть сейчас, просто придет и положит на лопатки фиолетового титана, то что на это скажут люди, следившие в течение целого десятилетия за всем этим воистину грандиозным марвеловским сериалом? Надеюсь, боссы Marvel придумают более-менее приемлемый способ урезать способности Кэрол. Иначе «Мстители: Финал» может стать поворотной точкой для этой киновселенной. Люди уже стали пресыщаться кинокомиксами, и если этот конвейер а-ля «Звездные войны 7-8-9-1017» будет стабильно поставлять посредственную халтуру, как «Капитан Марвел», то это может стать началом конца марвеловского ренессанса.   А не хотелось бы.   P.S. За молодильные яблочки Самюэля Джексона, за парочку визуально неплохих экшен-сцен, за пару-тройку не совсем уж глупых шуток:   2 из 10	Капитан Посредственность	2
354	2019-03-10 14:25:00	Капитан Марвел	0	0	Не хочется ругаться на этот фильм по совершенно посторонним причинам, раздутым в СМИ. Тем более, что и без этого кино явно не шедевр  скорее тот самый случай, когда истерично пытаются «дать ответ» конкуренту.   В супергероике самое страшное, как известно, это создание из персонажа тотальной имбы  непобедимого жопонадирателя, которому очень тяжело сочувствовать. Кэрол Денверс в комиксах  сложный, противоречивый и жёсткий персонаж. К сожалению, формат фильмов от Disney не позволяет воплотить всё это на экране, в итоге перед нами появляется агитка с большой надписью Girl power и больше ничего. Да, Бри Ларсон в целом неплохо выглядит в образе, да, тут есть хорошие шутки и котик, который спасает явно неудачную и ненужную картину.   Почему? Потому что тут нет персонажей, тут нет интересной истории, тут все потенциально заряженные ружья стреляют вхолостую  потому что нам показывают ориджин ради ориджина. Это уже было в паре-тройке проектов Marvel и ничем хорошим не кончилось. Серьёзно, вместо хитрой комбинации из балансирования между двумя опасными врагами, которые могут захватить родную планету  мы видим дубовую аллюзию на ситуацию с беженцами в Европе. Злодея в фильме нет вообще  а второстепенные герои выглядят ещё более блёкло и непрописано, чем сама Капитан. Кликуху ей, кстати, дают так же натужно как в Фантастической четвёрке Джошуа Транка. Ещё один серьёзный минус  полфильма царит такая невообразимая темень, что разглядеть кто тут и где  вообще нереально.	Межгалактическая хабалка	3
355	2019-03-10 14:22:00	Алиса в стране чудес	0	1	Помнится, в детстве именно с пересказом этой диснеевской версии «Алисы в Стране Чудес» мне довелось познакомиться благодаря их же книге, иллюстрации которой полностью копировали этот мультфильм. Вдальнейшем я вырос, прочитал оригинал, посмотрел другие экранизации Что ж, Дисней, настала пора расставить все точки над «i».  И начну, пожалуй, с двух самых неожиданных моментов. Во-первых, у Алисы совершенно недетский голос. Во всяком случае, это касается нашего дубляжа. Да-да, Алиса воспринимается как взрослеющая девушка, отстающая в росте от своих ровесниц, но никак иначе. Во-вторых, крайне плохо передана атмосфера викторианской Англии, что уже можно считать настоящим позором. Постоянное хоровое сопровождение и даже сама музыка на корню губят всякую мысль о девятнадцатом веке. Какое там! Это типичнейший американский двадцатый век  время расцвета джаза и начало повальной страсти к наркотикам, намёки на которые нам так и пытаются впихнуть начиная с середины. Видел бы это бедный Льюис Кэрролл   А ведь я действительно не завидовал бы ему, ведь ничего кроме внешней оболочки из фантастической повести взято не было. Что вложил Кэрролл в «Страну Чудес» и продолжение «Зазеркалье», сцены из которого Дисней тоже добавил в свою экранизацию? Вложил он очень едкую издёвку над сливками общества, которое живёт в окружении своих ложных ценностей. И эти ценности до того затуманили их разум, что они в итоге его потеряли. Все  Белый Кролик, Король и Королева, Болванщик, Мартовский Заяц, Билль, и даже перепуганная горлица  все эти и другие существа являются в повести персонажами отрицательными, которые не просто с головой не дружат, но и сбивают с толку ничего не понимающую Алису  девочку, которая в силу своего возраста ещё не успела заразиться этими гнилостными массовыми убеждениями, под воздействием которых через полтора столетия известный режиссёрский дуэт создаст знаменитую «Матрицу». Вот, что делало повесть такой особенной  она надолго опережала своё время.   Диснеевцы безумие не просто сохранили, но даже усилили, но в том, как они это сделали, и заключается чёрствая сердцевина их творения. А чёрствость здесь такая, что и Тому с Джерри не снилась. Помните высказывание, что даже словом можно убить человека? Это как раз очень в тему, ибо все вышеперечисленные персонажи хоть и не бегают за Алисой с кувалдами, но вопреки своим литературным прототипам либо люто ненавидят её, либо просто обожают над ней издеваться. Весь сюжет в извращённом диснеевском представлении выглядит как одна здоровенная издёвка над бедной Алисой, обладающей, надо заметить, завидным терпением. Смогли бы вы вытерпеть, например, что собеседник в разгар диалога вдруг прикидывается дурачком и якобы забывает, о ком только что говорил вам? Или что вас используют, как подопытную мышь, и доводят до слёз, обращая внимание на необратимый поступок? И дело даже не в том, что таких моментов не было у Кэррола, а в том, что есть разница между сумасшествием и глупостью. Но Дисней этого не заметил и сделал свой мультфильм максимально деградирующим, самым наглым образом испортив любимое мною произведение.  Особенно обидно от того, что эта же компания одиннадцатью годами раннее выпустила интерпретированную экранизацию «Пиноккио», которая превзошла как оригинальную сказку, так и нашего «Буратино», на мой взгляд. Чем оказался хорош диснеевский «Пиноккио»? Тем, что избавился от жестокости и недетского ужаса, которые переполняли первоисточник. Чем неудачна их же «Алиса»? Тем, что в неё добавили жестокость, которой в оригинале-то и не было. Достаточно взглянуть одним глазком на эти хмурые клоунские рожи, и уже появится отторжение. Какой напрашивается вывод? Не верьте тем, кто говорит, что раньше всё было лучше. А того, кто такое утверждает, щёлкните по лбу. Или покажите эту диснеевскую «Алису». Жестокую, издевательскую и абсолютно неуважительную по отношению к оригиналу.  1 из 10	Редкостный провал от Диснея.	0
356	2019-03-10 13:51:00	Проигранное место	0	0	«Проигранное место»  очередная попытка российского кинематографа «смочь в хорроры». И попытка эта, как и прежде, оказалась безуспешной. Всем поклонникам страшных городских легенд  добро пожаловать в кинотеатр, и не выбирайте то самое место.  История стандартна для жанра. Подростки у костра рассказывают друг другу страшные истории, и одной из них как раз оказывается легенда о «проигранном месте»  проклятом кресле в одном кинотеатре, усевшись на которое, человек вскоре погибнет при загадочных обстоятельствах. Естественно сразу после этого и начинается череда смертей, которая ведет главных героев к страшной правде.  Все бы ничего, большинство хоррорв так или иначе строятся на паре-тройке идей, и замысел с «проклятым» местом в кинотеатре ничуть не хуже, чем, скажем, кассета из «Звонка». Однако вся проблема в реализации, как, впрочем, и всегда.  Прежде всего  персонажи. В своем большинстве это совершенно отвратительные мрази. Ну, знаете, в классическом наборе типичных героев ужастиков среди остальных архетипов всегда будет тупое быдло, которое вызывает искреннюю ненависть куда больше, чем какой-нибудь маньяк. Так вот, в этой картине подавляющее большинство персонажей представлено вот такими быдланами обоих полов  невоспитанный, невежественный, аморальный биомусор, которого ничуть не жаль.   Хоррор-составляющая крайне слабовата. Ни о каком саспенсе, разумеется, говорить не стоит в принципе, потому что для этого необходимо хотя бы сопереживать главным героям, что здесь невозможно в принципе. Как поклонница слэшеров, я тоже осталась разочарована. Убийства не особо впечатляют ни своей идеей, ни постановкой.   Сам сценарий тоже слабоват, и все его бессилие видно по развязке, на моменте раскрытия главного маньяка. Да, вы вряд ли угадаете личность убийцы, но лишь потому, что за весь фильм на это не указывало вообще ничего. Развязка картины  это неожиданный поворот, взявшийся просто из ниоткуда, к нему не вело совершенно ничего, и это выглядит настолько вымученно и глупо, что вызывает куда больше вопросов, нежели было до этого.  За что можно похвалить фильм? Монеточка в саундтреке, несколько весьма неплохих моментов, которые можно считать сатирой, одна шуточка от героини Анны Михалковой про российское кино (самоирония, браво), да, пожалуй, и все.   Подбираясь к финалу, хочется сказать, что я все еще верю в российские ужасы. Я верю, что наши могут снять отличный хоррор, который может быть и не станет классикой как «Хэллоуин» или тот же «Звонок», но сможет составить хоть какую-то конкуренцию. Просто все замечательные идеи попадают в руки не тем людям, которые не имеют ни малейшего понятия, как работать с жанром.	Проигранный фильм	3
357	2019-03-10 12:37:00	Вокс люкс	0	0	Начнем с того, что актерский состав у фильма многообещающий. Натали Портман, Джуд Лоу, Стейси Мартин (ну допустим), но как известно, на одних актерах далеко не уедешь. Операторская работа потрясающая, тут и говорить нечего  прекрасные планы, цветокоррекция  нет слов, и это все? А за что еще можно похвалить кинокартину, сплошь состоящую из красивых картинок, и кое-как связанных между собой толкающимися в непонятном действе персонажей и закадровым голосом, порой (уж извините за это) тошнотворными фразочками про потерю девственности, после чего хотелось пойти в душ и помыться с мочалкой. Как раз на этой сцене из полупустого кинозала вышло четыре человека, громко ругаясь ни то на саму сцену, ни то на всю отвратительность (не побоюсь этого слова) некоторых диалогов и сцен.   Итак, школьница переживает теракт, пишет об этом песню (которая, на мой взгляд, кое-как сопоставляется с прошедшими событиями и не содержит в себе чувства человека, прошедшего через такое. Хотя конечно, тут моя придирка может быть не совсем обоснованной). И дальше она уже знаменита! Тот самый закадровый голос говорит нам: ее стали слушать, она стала молитвой для всех людей. Ну здорово конечно, только слабо верится. Неужели песня какой-то школьницы про локальный теракт (именно так показано в фильме) может стать гимном для всего народа? Но даже если и так, почему было этого не показать? Как мы должны сопереживать ей и прочувствовать это? Поверить на слово?   И вот, череда тяжелых событий: теракт 11 сентября, «измена» сестры, казалось бы, единственного человека, который ее понимал, с ее продюсером. «Ну замечательно», скажете вы. Теперь-то нам покажут ее настоящее становление. Отнюдь! Единственное, за что она переживает, сообщает нам закадровый голос, что день потери ее невинности совпадает с потерей невинности нации! (теракт 11 сентября). Еще и музыка, которая якобы должна раскрыть всю глубину и высокую подачу картины, вызывает лишь головную боль.  Дальше мы видим взрослую знаменитую певицу. Она ненавидит сестру, спит со своим продюсером, воспитывает (или делает вид, что воспитывает) свою дочь, которую родила в подростковом возрасте. Хорошо, но почему все лежит на поверхности? Почему не показать весь спектр настоящих переживаний, глубинную связь между всеми персонажами не через: «сестра, если я узнаю, что моя дочь беременна, скину тебя с балкона, хоть ты и пишешь все мои песни» или «продюсер, давай обдолбимся и переспим пока не начался концерт». Даже если и показывайте все в этом ключе, зачем делать это так пафосно и тошнотворно, зачем позволять или говорить Портман переигрывать настолько, что ощущение искусственности и поверхностности фильма лишь усиливается. «Это такой сценарный ход! Аллюзия 21 века!» Нет, это блестки и блевотина, смешанная в одном котле, приправленная истериками и пошлой музыкой, названная великой аллюзией, на которую необходимо смотреть закинув ногу на ногу, держа меж пальцев бокал вина и понимающе кивать головой.  Никому не советую, если не хотите весь вечер лежать с головной болью и глубочайшими сожалениями.	Начали не пойми как, закончили еще хуже	0
358	2019-03-10 12:03:00	Завод	13	4	Смотрел новый фильм Юрия Быкова с неподдельным интересом. Было интересно, что режиссёр покажет зрителю на большом экране. Как оказалось  всё довольно средненько.  Первое, что бросается в глаза,  фильм преисполнен излишнего пафоса.   Диалог хозяина завода с рабочими в самом начале фильма строится таким образом, чтобы показать самоуверенность власть имущего, но выглядит это чрезвычайно избито. Не менее пафосна знаменитая сцена, когда рабочие обсуждают возможность каким-то образом улучшить своё материальное положение.  Что мы имеем: есть работяги, которые не получают честно заработанные, но есть капиталист, зажимающий зарплату под предлогом банкротства предприятия. На то есть не менее интересный ответ кучки рабочих: оружие. Причём то самое оружие появляется таким образом, что возникает ощущение, мол, сбылась мечта большевиков  всеобщее вооружение народа. Появление оружия предельно ясно, но откуда появился дух? Если бы фильм претендовал на некую реалистичность, то работяги бы разошлись во мнениях на первом же мирском сходе, и весь бы бунт затух на корню. Но тут-то Юрий Быков и ставит центральную фигуру протеста  Седого, который подбивает рабочих на общее дело.  Т. е. у нас уже сформировалась определённая картина мира: капиталист  плохой, Седой  хороший. Первый никоим образом не помог рабочим, не обеспечил им достойные условия труда ещё до банкротства, а второй  вынужден бороться с несправедливостью радикально, применяя элементы левого террора.  К чему я клоню, и что меня ранит до глубины души: Быков доводит идею протеста до радикально-абсурдной. Будто он специально делает так, чтобы зритель лишний раз осознал свою никчёмность перед грозной махиной и не пытался дёргаться. Не только лишь по глобальному, но и вообще, в принципе. Максимально реалистичный подход к подобного рода вещам наличествует (сейчас будете смеяться) у Светланы Юрьевны Басковой в фильме «За Маркса», которая показала абсолютно мирную попытку противостоять режиму. Там тоже были проблемы с зарплатой. И попытка протеста тоже обернулась довольно интересным образом. Но почему-то послевкусие от её фильма можно охарактеризовать гордостью за тех людей, которые хотят сделать жизнь другим лучше, а не осмыслением слова «дурачок», слетевшим с уст олигарха.  Ведь дурачком называют того человека, который попытался открыть глаза рабочим. Весь тот монументальный пласт левой идеи, воспевающий борцов за свободу, равенство и братство, ставится под сомнение.   Изменилось время: дурачком назвали не только лишь Седого, но и других деятелей  Павла Корчагина, Сотникова из фильма «Восхождение» Шепитько, товарища Адамова из «Седьмого спутника» и всех тех, кто добивался лучшего будущего в реальности. Трудовые и боевые подвиги наших отцов и дедов  всё слито. Все они дурачки.   Подобное проявление смирения со стороны Юрия Быкова было бы похвальным, если и данный элемент мировоззрения оказался бы идейным, например, носил бы в себе христианский окрас. Подобное смирение, зачастую, несёт не мир, но духовный меч, побуждая к личной жертве. Являет собой квинтэссенцию любви к людям. Но что я увидел: бытовое соглашательство с порядком вещей, толстовское непротивление злу.  Как говорил Юрий Быков в одном интервью: «лучше смириться с тем, что происходит ничего не менялось сотни лет и не изменится».  Вот и думайте, товарищи, нужно ли Вам такое соглашательство или всё-таки следует иногда говорить о том, что происходит у нас в миру и называть плохое действительно плохим?  4 из 10	Жизнеутверждающий киноаттракцион	19
359	2019-03-10 10:27:00	True Crimes	8	0	Закат большой звезды  зрелище грустное. Речь не обязательно о знаменитости из мира кино или поп-музыки, в спорте картина не менее печальная  поклонники Роя Джонса не дадут соврать. Но все же наблюдать за тем, как вчерашний кумир, прима большого экрана и мечта миллионов скатывается до участия в унылом детективе  значит заставить глаза кровоточить. Будем честными: когда на пенсию отправятся Роб Шнайдер или Адам Сэндлер  реветь не станем, хотя у последнего по молодости и была парочка неплохих ролей. Однако случай Джима Керри  особый. Народный Эйс Вентура, Стэнли «Маска» Ипкисс, Флэтчер «Лжец» Рид, Труман Бёрбанк и Брюс Всемогущий в одном гримасничающем лице заслужил лучшей участи на излете карьеры. Пока же получается у него как у Евгения Леонова, снявшегося под занавес в убогом «Американском дедушке». И прорезавшаяся седина в бороду выдающемуся канадскому комику солидности не принесла.  Международный кинодебют авторитетного у себя на родине Александроса Авранаса приоткрыл новое амплуа Керри  сумрачного, нелюдимого, смертельно уставшего от рабочей рутины и постылой безысходности польского детектива. Годами он вел дело об убийстве бизнесмена, связанного с секс-рабством под вывеской солидного клуба для важных панов, и добился за это время лишь косых взглядов начальства, недовольных вздохов жены и угрозы преждевременной, бесславной отставки. Свежий бестселлер эксцентричного писателя с вполне характеризующей фамилией Козлов дал новый виток заглохшему расследованию: подозрительно точно описаны факты жуткого преступления с завязанным как колбаса «Сервелада» трупом. Со всех сторон облезлому сыскарю несутся грозные предупреждения и добрые советы оставить висяк в покое, но он не слушает, денно и нощно прокручивает аудио и видеозаписи с шокирующим содержанием, идет на свой страх и риск, знакомится с бывшей невольницей, сыгранной Шарлоттой Генсбур и вязнет в трясине вымученности.  То ли «Мрачное», то ли «Настоящее», но ни разу не захватывающее «преступление» греческого Ника Пиццолатто подтвердило всем и так известный тезис. Из долгого, нудного, кишащего муторными диалогами и серыми пейзажами материала  далеко не каждый режиссер способен слепить качественное кино. Не стал исключением и Авранас. Собрав под крыло редкий актерский интернационал, от скандинавской милашки до новозеландского мачо, он не придумал ничего лучше, как водить всю эту пеструю и одинаково безжизненную компанию по заколдованному кругу, в котором нет ни однозначно правых, ни безусловно виноватых. Грязное дело поднимает с вод реки Одер, что в Кракове, не только обезображенный труп, а еще и отнюдь не нуждающийся в раскрытии секрет.   Как верно заметил продажный приятель помятого детектива, людям не нужна правда, им подавай героев и злодеев. Эту логику с упорством, достойным лучшего применения, пытается опровергнуть старый, осунувшийся Керри, но похоже единственное, зачем ему стоило соваться в фильм с рейтингом на «Томатах» в 0%  это вторгаться по самые помидоры в лоно Генсбур. Она-то здесь на своем месте  сотрудничество с фон Триером, как ни крути  большая школа. Исповедь ее героини в концовке добавляет фильму щепотку плюсиков к репутации, но общую картину не спасает. Это очень пресное, безвкусное, неумело снятое кино на тяжелую тему, которой или заниматься серьезно, или не трогать ее совсем. Еще как вариант, присмотреться к опыту предшественников вроде Ларисы Кондрацки и ее «Стукачки».  Как насчет густой, мрачной, пессимистичной атмосферы и сопутствующей беспросветности? Робкие попытки воссоздать эти вещи в наличии, но с каждым хлопком двери перед физиономией неудачливого Керри, они теряют в весомости. Да и сам Джим, признаться, мог бы сработать удачнее. Ему по зубам серьезная драма  «Кабельщик», «Шоу Трумана», «Мажестик» и «Вечное сияние чистого разума» не забыты  но на общем блеклом фоне и он до обидного жалкий. Лишь в одной сцене трагизм подан так, что согласно киваешь: когда герой оплакивает скончавшуюся мать, а в слезах заодно выплескиваются скопившиеся разочарование, обиды, сетования на несправедливость и неприкаянность. Крестовый поход за истиной и в самом деле задержался лет на десять, ныне публике подавай милых в своей гнусной социопатии правдорубов, чье одиночество  расплата за гениальность. А заспиртованный детектив с ужасно нелепым именем Тадек  на поверку ординарный, наивный и неумный. И даже необязательно сводить его с жестким харизматиком Мартоном Чокашем (тот самый, не в меру осведомленный Козлов), чтобы почувствовать неспособность центрального персонажа вытянуть фильм.  Мода  штука переменчивая. И на некоторые характеристики в названиях в том числе. Из «Настоящего» в этом фильме только актерские потуги и режиссерская ограниченность, а само преступление, хоть и потенциально резонансное, но слишком криво прикручено к нарративу. Серые панельные многоэтажки Кракова с тем успехом (а точнее, отсутствием оного) могли быть заменены небоскребами Манхэттена. Да, в 2013-м Авранас сорвал аплодисменты Варшавского кинофестиваля за дебютную «Госпожу жестокость», но повторный бросок в ту же корзину лишь стукнул горе-метателя мячом по лбу, отбросив на пару шагов назад. Что ж, у грека еще будет время провести работу над ошибками и внимательнее проанализировать интригующий материал (а фильм основан на реальной статье и настоящем убийстве). А вот сумеет ли Джим Керри заново найти себя на драматическом поприще  вопрос куда интереснее. Но и на него ответ даст только время.  Дело сдано в архив.	Дело о бесполезных сединах	11
360	2019-03-10 04:33:00	Черный клановец	5	4	После просмотра фильма, остается только один вопрос, а что пытались снять?  Вайт паувер  изображены настолько карикатурно, в сравнении с другими персонажами фильма, что кажется, что пытались снять комедию. Несмотря на то, что была какая-то попытка расследования, сюжет линейный, и это вовсе не детектив. В конце фильма, нам показана документальная хроника, но фильм так же не тянет и на документалку. Да и драмы тут нет. Да и салата из жанров не вышло.  Что же снял режиссёр? Совершенно непонятно. Какой-то клип на модный тренд и все.  При этом, вполне понятны и причины. Развитие фильма могло бы пойти по нити противостояния блек паувер и вайт паувер, из этого можно было бы сделать полезные для зрителя выводы относительно любого расизма. Но к сожалению, в современном мире нельзя показать белых расистов адекватными, как нельзя и показать черных расистов расистами. Автор вроде пытается, но не может.   4 из 10	Карикатура	8
361	2019-03-10 02:45:00	Атака советских зомби	1	0	Надо сказать, что в своей жизни я посмотрел довольно много фильмов. Одни были блистательны, другие просто хороши, встречались средние, проходные, скучные и откровенно плохие. Но это кино стоит особняком. Потому что мне никогда не было настолько стыдно за тех, кто его придумал и снял.  Итак, сюжет.   Четверо придурков решают побродить по заброшенному зданию бывшей больницы в центре Москвы. Там их встречают зомби и начинается веселье. Почему зомби советские? Потому что в больнице типа проводились какие-то эксперименты то ли над людьми, то ли над солдатами. И видимо, в советские времена. Все на этом.  Актеры  Для дешевых сериалов их находят на театральной помойке, тут явно обошлись помойкой обыкновенной. Назвать актеров бездарными  это оскорбить бездарных. Причем, эти чудесные ребята, вероятно, были не в силах даже мычать в камеру, потому  внимание!  их пришлось озвучивать. В результате мимика персонажей и озвучка совершенно не пересекаются. Потому что озвучивали тоже бездарности.  Костюмы и съемка  Если это было запланировано сделать комедией, то не смешно. Если хотели снимать фильм ХХХ, то где оно, это ХХХ? «Советские» солдаты ходят в бейсболках с красными звездами и длинных модных серых плащах. В какой-то момент одна из героинь стреляет из пистолета и настоящим прорывом в кинематографе выглядит подрисованный на компьютере огонь из дула пистолета.  Развитие сюжета  Никакого развития, все очень глупо, но при этом вызывает не смех, а лишь кривую ухмылку. Зомби смачно жуют рукав пальто и ревут как носороги. Персонажи появляются не пойми откуда, тут же честно подыхают, их сменяют другие, столь же безликие. Диалоги в упомянутых мною фильмах категории ХХХ просто-таки глубокомысленны, если сравнивать с тем, что слышишь в этом шедевре.   Музыка  Настоящая пытка для зрителя. Я не выдерживал и отключал звук.  Финал  Завораживает своей тупостью. Но до финала доберется не всякий, так как уже к двадцатой минуте недоумение сменяется стыдом абсолютно за всех участников этой похабщины.  Итог  Бюджет фильма очень мал. Но даже в школьном драмкружке с помощью телефона можно было снять более качественное кино.  0 из 10	Стыдно	1
362	2019-03-10 01:55:00	Капитан Марвел	0	4	Название по-моему говорит само за себя! Скучно, совсем не захватывает, сюжет  мрак, постоянные непонятные и неинтересные отсылки на прошлое, переобувание на лету, везде этот феминизм, начиная самым крутыми в фильме, если можно их так назвать, заканчивая всей музыкой в фильме и даже мытьем посуды. Ника немного раскрыли, но было сложно протупить с таким харизматичным персонажем, один фиг он всем нравится и нравился, так что тут заслуги фильма нет.   Боевые сцены, мне кажется, снимал оператор просто на мобилу и он еще является большим поклонником 50 кадров в секунду, так, чтобы вы не поняли кому, куда, откуда и чем наносится удар, отвратительная операторская работа!   Единственным для меня светлым пятном были звездолеты и космические баталии, и то, я бы не назвал их какими-то гениальными, но просто я дитя звездных воин.   Отдельно хочу сказать про Бри Ларсон, которая не только совершенно не располагает к себе из-за всего её неоднозначного поведения в жизни и мне кажется, что этот человек любит себя и считает себя выше и больше остальных, но в картине в ее игре не было ничего выдающегося, молчу про красоту, которой там и не пахнет, в фильме Мачо и ботан я думаю все это заметили, но дело не только в этом, но и в том, что сопереживания она не вызывала, сказать, что фильм предал её страдания, боль или тяжелую судьбу нельзя, ведь эти обрывки, лично меня только раздражали, подача была отвратительная.   Конечно я уверен, что этот фильм будет номинирован на всякие награды из-за своих клише, ведь феминизм штука серьезная и их надо поддержать, возлюбленного, или мужчины который мог бы как-то расположить к себе нету, ведь не дай Бог кто-то забудет, что главные тут женщины!   Марвел не дураки и я уверен, что они просто пытались хоть как-то подать и раскрыть персонажа, который скорее всего будет играть одну из важнейших ролей в новых мстителях и кажется, будто была задача слепить что-нибудь, лишь бы обычный зритель понял, что такой персонаж есть и он силён, ведь в фильме ей не было равных даже близко и какого-то серьезного противостояния мы не получили и более чем уверен, что когда фильм увидели боссы, сказали фразу а-ля: «Черт с вами, времени и так нет», хотя я честно говоря пытался этот фильм не судить до просмотра, хотя понимал, что меня ждет.   4 из 10	Еле досмотрено, сон и в саундтреках только девушки.	4
363	2019-03-09 23:43:00	Капитан Марвел	0	5	Капитан Марвел  сильнейший супергерой Марвел. Сколько всего можно было построить вокруг этого. НО Марвел пошли по пути заезженных клеше: вот хороший персонаж с потерей памяти, вот злой злодей, вот несколько забавных шуток всё вместе взболтать и растянуть на 2 часа. Пойдём по порядку:  Сюжет  банален и не цепляет, раскрытие персонажа стоит на уровне флэшбеков, сам персонаж скучен до потери пульса. Единственное что порадовало- камео Стена Ли.  Актёрская игра  в интернете уже долго ходят мемы с «деревянной» Бри Ларсон и не спроста. В фильме она действительно почти не показывает эмоции. Лучше дела у Джуда Лоу и Самуэля Джексона  они отыграли на весьма неплохом уровне.  Вывод: Фильм не цепляет, не вызывает желание сопереживать героине и больше походит на «графонистый проходняк» которые снимают исключительно с целью заработать.  5 из 10	Самый скучный фильм расширенной вселенной Марвел	3
364	2019-03-09 23:35:00	Капитан Марвел	97	6	Женский сольник. Вводим женский персонаж во вселенную Марвел. А что главное для женщины-супергероя? Быть самой сильной. Так, наверное, думали авторы. Про то, что герой должен вызывать симпатию, авторы позабыли.  Героиню, вроде бы, раскрывают по обычной схеме: прошлое, история появления суперсилы, спасение Вселенной. Только вот очень сложно понять, а какая она? Дофига пафосная  это да. Причем ее «соплеменники» по Кри ведут себя не так, не говоря о землянах или, там, Скрулах.   Маленький штрих: нам говорят, что в молодости героиня зажигала в караоке. Но это даже не показывают во флэшбэках, только на фотографиях. Боюсь, что не смогли, не тот типаж. В прошлом мы, практически, не видим родителей, друзей или, хотя бы, животных. Да, был кот. Стоял рядом (кот  отдельно, героиня  отдельно). И, да, кот перетягивает зрительские симпатии у главной героини. То есть на выходе мы получили человека-схему.   Кэрол Дэнверс (подглядываю ее имя на КП, поскольку не запомнила, такой вот супер-герой) успешно решает свои задачи, вспоминает прошлое и осваивает свою супер-силу. Тут некоторые говорили, что Супермен  слишком имбовый персонаж. На его фоне другим делать нечего. Забудьте. Супермен нивелировал силы всего лишь четырех героев Лиги справедливости, мисс-Марвел перекрывает почти все 18 Мстителей (у многих есть схожие силы, но так, чтоб всё и сразу). Сноска: я не фанат DC.  Главная причина, по которой я написала рецензию  это странный посыл: сильная женщины не нуждается в личной жизни. Перебираю в уме супер-героев. Не помню ни одного, у которого бы не было хоть тонюсенькой любовной линии. Даже у Халка и андроида Вижена. Ну, хотя бы, любовь к родителям или к братьям-сестрам (как у Ванды с Ртутью). Девушке лет 25 и она никого не любила? Вот уж, поистине, сильная женщина. Кстати, у ее подруги есть дочь (девочка) безо всякого упоминания папы. Это феминизм? Или приквел к старому польскому фильму «Секс-миссия, или Новые амазонки».  Если бы не странные решения по поводу личности главной героини, фильм можно было бы назвать хорошим. Два твиста (ожидаемый и неожиданный), хороший визуал, несколько неплохих шуток. Пару непродуманных моментов (напр., нелепый способ изменения цвета костюма. Даже первый ЖЧ1 таких сцен «поводи пальцем в любом месте» себе не позволял).  Как всегда, в очень масштабных франшизах, появляются нарушения правил вселенной. Что-то они напутали с камнем бесконечности.  Очень надеюсь, что Капитана Марвел не готовят на замену тони Старку. Неравноценно.   Оценка выше среднего, а отзыв  отрицательный. Этот фильм не только не утвердил женщину во вселенной супер-героев, но даже как-то опустил.   6 из 10	Это не феминизм	124
365	2019-03-09 22:45:00	Капитан Марвел	0	0	Зато очень ясный культурный посыл:  1) Сильная женщина  это женщина, которая должна получить силу просто так (не упорно учась, как Доктор Стрейндж, не через жертвенность, как Тор, не через лишения и боль, как Капитан Америка)  просто попав в нужное место в нужное время.  2) У сильно женщины плохие отношения с родителями, особенно с отцом (он же всего лишь самец).  3) У сильной женщины не числяться в друзьях белые мужчины. (Даже среди положительных персонажей они представленны одним лишь агентом Колсонам;  4) Самый главный человек в жизне сильной женщины  это другая женщина.  5) У сильной женщины слабо выражены вторичные половые призныки (даже в облигающем комбинезоне мы не увидели ни сиськи, ни задницу).  6) У сильной женщины нет романтического увлечения (все мужчины герои должны быть снабжены подружками, иначе «как же так?»)  7) У сильной женщины нет внутренней борьбы. Где добро, а где зло, она решает при помощи чуйки (Сравните с терзаниями Стива Роджерса).  8) Сильная женщина не сожалеет о своём выборе. Совесть её тоже не мучает (Вспоминается Тони Старк).  9) Сильная женщина не обязана ничего никому доказывать и имеет право распрпавляться с врагами при помощи своей подавляющей силы (представьте, что ситуация была бы противоположная)  10) Сильная женщина может не оказывать почести проигравшему, который признал своё поражение и протянул руку. (Зачем? Если представилась отличная возможность в очередной раз унизить «сорокалетнего белого мужика»)	10 Признаков Сильной женщины	5
366	2019-03-09 22:35:00	Сибирский Потрошитель	0	1	Думаю, все кто смотрел фильм из цикла «Криминальная Россия» и перечитывал статьи в википедии, понимают, кем на самом деле был А. Спесивцев. В описании допущена ошибка, якобы маньяк был каннибалом а-ля Лектор. Ничего подобного.  Стремление режиссёра показать методику, как убивал сам маньяк, далеки от реальности или же он сам плохо понимал написанное криминалистами. Всё это тонет в лужах крови и гор мяса. То, что жертве удаётся спастись, тоже взято с потолка. Не стану пересказывать мотивы криминалистов и историю поимки Спесивцева. Нам важны причины, почему маньяк стал убивать.  В фильме нам предстаёт жалкое обиженное существо, которое должно быть спасено. Есть масса таких, кто его жалеет. На самом деле, авторы фильма упустили момент, согласно которому маньяк был болен шизофренией и забил до смерти свою первую девушку, а нереализованные сексуальные инстинкты вымещал на беззащитных созданиях. Так что не верьте философии фильма, якобы такие существа исправимы.   Спесивцев получил второй срок за 82 убийства, но ему скостили шизофрению и отправили пожизненно лечиться. И слава Богу! а восхваление маньяка и его фигуры как одиозной борющийся с реальностью личностью честь не делают. К просмотру НЕ рекомендуется  взгляните на расследование криминалистов онлайн и всё поймете.  1 из 10	Хорошая копия плохого человека	1
367	2019-03-09 21:26:00	Самоволка-72	0	3	Ожидал хорошего боевика. В целом, у Люка Госса получается сниматься во вполне смотрибельных фильмах. К сожалению, это не то случай.   События начинаются с места в карьер, поэтому разобрать что к чему довольно сложно. Постепенно разобравшись со смыслом фильма, я начал просто наблюдать за развязкой. Вот первые полчаса вышли ещё куда ни шло нормально. А вот то, что пошло дальше начало вводить меня в неимоверную скуку. За героем охотились разные личности, довольно скверной внешности надо сказать, но кто такие и каким боком они в теме непонятно. Да, я немного не внимательно наблюдал за событиями, но всё равно было как то всё глупо и плоско. Русское посольство, копы, какие то наёмники  всё смешалось в одну кучу, в некий салат, в котором вроде бы много вкусных ингредиентов, но в итоге получается какая то каша.  Финал таки вообще получился наислабейшим. Давненько не припомню такого боевика в данном жанре. Маленький хронометраж (79 минут) вполне себе заставил устать от просмотра и, даже не смотря на довольно неплохую боевую составляющую, назвать фильм даже средним я не могу. Из плюсов  харизма Люка Госса всегда вызывала доверие и любопытство в его фильмах. Тут тоже была эта его черта, но она никоем образом не выручила. Да и вообще, Госса было очень мало в кадре, а ведь он, на минутку, главный персонаж фильма. Также в фильме были задействованы Луис Мэндилор и RZA. Для дешёвого боевика вполне добротный состав.   В итоге имеем скучный, нелогичный и позорно слабый боевик с неплохой, хоть и не новой, идеей и приличным для жанра актёрским составом. Сама съёмка и вторая половина фильма, когда вроде бы открывается завеса тайны, выпуская наружу все ответы, являются крайне халтурными работами. К просмотру не рекомендую!  3 из 10	Куда, от кого, зачем?	0
368	2019-03-09 21:09:00	Пощечина	1	0	Если вас заинтересовал сюжет, посмотрите первую, седьмую и восьмую серии. Если же интересны надуманные перипетии плоских героев, часто совершенно не влияющие на развитие событий, смотрите целиком.  Ситуация с пощёчиной ребенку от близкого знакомого его родителей неоднозначная; проблемы, вскрытые этой ситуацией и ей сопутствующие, настоящие и довольно серьёзные, но драмы не выходит. То ли в сценарии дело, то ли в актёрской игре, то ли в режиссуре  ни один герой не вызвал симпатии или сочувствия. Разве что жена и сын обвиняемого выглядят более реальными на фоне остальных, однако и им приходится играть по общим правилам сериала: помаячить в одной серии, будто бы раскрывая семейные тайны, и исчезнуть, отставив зрителя заинтригованным, но неудовлетворённым.   Скучно. Пожалуй, гляну австралийский оригинал, в котором, к моему сожалению, в роли нерадивой мамочки та же Мелисса Джордж. Надеюсь, в первой версии она не так плаксива, истерична и инфантильна. Иначе ради чего всё затевалось? Ради вывода о том, что детей нельзя бить и нужно воспитывать? Какое открытие!	Проблемы воспитания людей	0
369	2019-03-09 20:44:00	Капитан Марвел	0	3	Ничего от фильма не ожидал, потому пошел на утренний сеанс, да еще со скидкой. И, в принципе, не обманулся в ожиданиях. Краткий отзыв, без спойлеров.  Фильм скучен. Абсолютно неинтересный предсказуемый сюжет, все твисты просчитываются на раз-два. Не цепляет ну вообще ни на грош! Только сидишь, и думаешь, чтобы кино поскорее уж закончилось, и уйти.  ГГ  просто манекен. За весь фильм у нее на лице два выражения: надменность при разговоре с мужчинами (даже с друзьями), и натужно-драматическое при разговоре с женщинами. Бри Ларсон, как актриса не вывозит абсолютно, смотреть на её игру довольно мучительно, разрываешься между скукой и раздражением. Она вроде пыжится, пытается играть супергероиню, но даже Пол Радд в роли Человека-муравья был гораздо убедительные!  Кто радует глаз, так это С. Л. Джексон. Он ироничен, уверен в себе, он явно на своём месте! CHI его лица сделано очень добротно, это явно не принцесса Дня из «Изгой 1», прямо веришь, что одному из наших самых любимых героев Марвел действительно снова 40. Но, к сожалению, его в фильме катастрофически мало, все самое интересное время отдано скучной и плоской ГГ.  Спецэффекты, как всегда на высоте, но мне показалось, что их в фильме, как и экшн-сцен, маловато. Вместо этого много ненужных диалогов и флэшбэков.   В конце задаешься вопросом, а зачем было нужно это кино? Я понимаю, что нужно было впихнуть «сильный женский персонаж» в усиленную Марвел, но знаете, та же Гамора гораздо интересней и глубже.  Итог: к просмотру не обязательно. Можно посмотреть только сцены после литров, их там две.  1 за Джексона, 1 за кота, 1 за спецэффекты. Итого:  3 из 10	«Я Сэм Л. Джексон, маза фака! И еще тут какая-то баба, типа супергерой.»	4
370	2019-03-09 20:10:00	Чужестранка	4	0	Начало сериала до конца первого сезона вполне посредственно, правда слишком много эротических сцен и насилия. По моему оценочному мнению, ориентирован на женскую аудиторию и на не традиционно ориентированных. Тошнотворные сцены насилия в конце первого сезона, по-моему, уничтожают сериал напрочь. В последнее время пугает популярность таких отвратных сцен. Последние 3 серии первого сезона стоит смотреть, только если Вы любите БДСМ, насилие, обожаете кровавые сцены, да еще любите когда один мужик насилует другого.   Вообще пугает в принципе тенденция во все сериалы пихать в последнее время кучу геев  это отвратительно. Муссируют тему и преподносят это нормальным  только глубоко больное общество может принимать такое по моему оценочному мнению. Мне кажется пора вводить цензуру и запрещать к показу в принципе такое дерьмо.  Вообщем по итогу тошнотворный, отвратительный сериал с кучей сцен эротики и насилия переплюнул даже Игру Престолов по этому показателю прям намного. Там все это как-то более менее адекватно снято хотя и тоже перебор.  Ради справедливости скажу, что есть красивые съемки пейзажей видимо Шотландии  это единственное, что стоит в этом сериале смотреть, но лучше уже съездить и увидеть живьем или посмотреть передачу про путешествия.	Испорченная красота	1
371	2019-03-09 17:54:00	Тайный орден	14	0	Очень слабый сериал, меня хватило только на полторы серии. Возможно для детей пойдёт.   1. Сюжет хромает на обе ноги. Например, в школе детей убивает неизвестный убийца, власть ограничивается расспросами. Или главная магиня, знает, что главгерой не виноват в убийствах, но дрюкает почему-то его. Или куча свидетелей говорят про оборотня, лица, принимающие решения, игнорируют это.  2. Орден вроде секретный, но все о нём говорят. Он вроде хороший, но почему-то в нём полно придурков.  3. Спецэффекты с большой надеждой на воображение зрителя, например, по силуэту, зритель должен представить себе как выглядит оборотень.  4. Могучие маги не способны сделать простых вещей.  К просмотру не советую.		15
372	2019-03-09 17:44:00	Фантастические твари: Преступления Грин-де-Вальда	4	4	Книга «Fantastic Beasts and Where to Find Them», вышедшая ещё в далеком 2001-м году, являлась своего рода дополнением, к основной серии романов о Гарри Поттере, тем самым дополняя лор этой вселенной, повествуя о магических существах обитающих в нём.   Казалось бы, этого и следовало ожидать от экранизации, но создатели решили пойти другим путём, и вместо фильмов об изучении/нахождении Ньютом Скамандером этих самых магических существ, нам выкатывают своеобразные приквелы, которые рассказывают о событиях еще до всех частей Гарри Поттера, при этом анонсируя аж целых четыре продолжения.  Из-за чего тут сразу и появляются вопросы: зачем нужно было вообще называть фильмы «Фантастическими Тварями», если они совсем не об этом? А Ньюта Скамандера делать главным героем, если на сюжет он абсолютно никак не влияет?  Я конечно понимаю, что Warner Bros. захотелось еще лишний раз нажиться на лоре, уже давно законченной франшизы. Но почему бы тогда и не назвать их по другому? Зачем прикрываться совершенно другой историей, и подавать её как какое-то ответвление от основной саги? Когда это чисто экранизация событий войны против Грин-де-Вальда (что вскользь была упомянута в книгах).  Ну а что насчет самих «тварей», то визуально многие из них сделаны очень даже качественно и интересно. Жаль только, что все они появляются лишь в «фоновом режиме», и то только для того, чтобы зритель не забывал название фильма, которое он все-таки смотрит.  Про несостыковки с каноном, даже говорить не буду, думаю об этом все и так давно уже знают.  4 из 10	Фантастическое паразитирование на давно законченной франшизе	6
373	2019-03-09 17:08:00	Человек, который удивил всех	5	2	«Богопротивная, дрянная вещь тоска» когда-то жаловался Верлен. Фильм Меркуловой и Чупова про человека, который якобы всех удивил, напоминает об этом греховном состоянии практически каждым кадром  от тонущей в жидком черноземе захудалой деревеньки, бессмысленного и убивающего душу надсадного быта глубинки, безразличной в своей беспомощности отечественной медицины до эмоционально пустого, на фоне этих безрадостных пейзажей, лица главного героя.   Основная ошибка авторов, на мой взгляд, даже не в том, что они пытаются привить некие ценности гендеризма в тяжелых климатических условиях таежной Сибири; и не в том, что попытка завуалировать эту хирургически-диверсионную операцию некоей столь же таежной мифологией выглядит так примитивно, что местами даже скулы сводит; и не в том, что используются при этом самые примитивные клише, отражающие ответную реакцию сельского «пленэра» на данный эксперимент А в избрании на роль «человека удивляющего» Евгения Цыганова. Который сам по себе не в состоянии чем-либо удивить. Просто потому, что не в его это силах, не в его таланте, не в его целях, наконец. Может быть в моей оценке данного артиста слишком много личного, но единственная реальная эмоция, которую я вижу на его лице из фильма в фильм  это полное безразличие ко всему. Которое у нас почему-то привыкли путать с мужественностью.  Вот и в фильме, главной смысловой задачей которого является откровенная демонстрация перерождения человека, намеренного победить этим саму смерть, ничего, кроме безразличного лица я не увидела. Поначалу, когда герой узнает о страшном недуге, это кажется даже уместным  вполне себе мужественная реакция. Понятно и нежелание героя «бороться»  жизнь показала, что против лома нет приема. Когда, а главное почему, в герое рождается решимость противостоять  не понятно. После встречи со столичным светилом, который даже деньки брать отказался? А может еще раньше, когда односельчане наскребли ему «на лечение»? Или все-таки после встречи с пьяной бабкой-шаманкой, озвучившей странную сказку про селезня, обманувшего смерть? Так или иначе, а в лучших традициях русских мужиков, ужравшись до полной потери сознательности и еле очнувшись с похмела, герой прозрел  Дальше идет масштабный «отрывок», демонстрирующий непосредственно этапы «превращения», который можно рассматривать, как наглядное оскорбление всех русских женщин. Во-первых, наш Цыганов все-таки не Мельвиль Пупо, во-вторых, наши сразу два режиссера не стоят даже половины канадского Ксавье Долана если кто понимает, о чем я. Напялить платье (жуткое, кстати) и накрасить губы  еще не значит стать женщиной. Если жить в грязи и только молча валяться на скамье в холодном доме. Такими дешевыми приемами Смерть не обмануть. Даже себя не обмануть. Немытый-нечесаный, молчаливо-неприкаянный слоняется наш Селезень по сибирской тайге, уходящей в зиму, ища (и находя) приключений на некие части тела  как символ бессмысленных усилий обмануть смерть теми же способами, какими раньше обманывал жизнь  пребывая в греховной тоске.   Зачем все эти авторские потуги, если не ясно главное: для чего спасать такую никчемную жизнь? Кстати, у авторов получился один-единственный, на мой взгляд, просвет: когда жена приходит в таежную избушку, где спрятался ее непутевый мужик, она первым делом пытается навести хоть какой-то порядок  подмести пол, стереть пыль, растопить печь опять же  смыть с «превращенца» грязь и, простите, вонь, которой кажется разит с экрана. Вот они главные признаки женщины  стремление обустроить жизнь, выглядеть достойно, заботиться о ком-то И не важно юбка на тебе в этот момент или ватные штаны.   И, похоже, авторы об этом знают  иначе зачем показывать? И все ждешь, когда же из этого начнет вытекать хоть какая-то логика. Но нет  обследование показывает, что «превращение» произошло  врачи опухоль найти не могут. Так может ее вовсе не было? При нашей медицине вполне реальный вариант. А все эти «метаморфозы» мужик проделал только ради своих тайных мечт, увенчавшихся бонусом в виде жесткого контакта с пятью лесорубами в таежных дебрях? Зачем тогда огород городить в виде такой нетрадиционной идеи «борьбы за жизнь»? В открытую уже бы тогда о нетрадиционных ценностях и говорили? Или мешает федеральный закон «о запрете пропаганды»?  В общем, читаешь уверенные интервью госпожи Меркуловой и они совершенно не совпадают с твоим впечатлением об её фильме Гаденькое какое-то ощущение от фильма-то. Вроде тебе нагло врут прямо в глаза, знают, что ты просекаешь эту ложь, но никого это не смущает Почему в современном отечественном кинематографе такое чувствуется почти постоянно?  Последние кадры первоначальную тоску усиливают до уровня отчаянья  что с вот таким героем Евгения Цыганова будет дальше? Если бы на потолке хосписной палаты был крепкий железный крюк -он был бы весьма уместен в единой логической цепочке фильма, ибо «причин непоправимых» прибавилось значительно больше, чем было изначально.  Советовать никому не берусь.  2 из 10	Тоска по случаю причин непоправимых	5
374	2019-03-09 16:36:00	Война волков	0	4	Однажды, читая мировой бокс-офис, поразился грандиозным успехом китайского боевика «Война волков- 2». 870 миллионов долларов!!! Заинтересовался. Естественно, для общего понимания, начать решил с первой части. Что называется, первый блин комом. Абсолютно простецкий боевичок родом из класса B. Его даже ругать то особо не хочется, потому что серьезно такое зрелище не воспринимается. С чем имеешь дело становится понятно буквально на первых минутах, когда героя Джекки Ву вербуют в элитный отряд «Боевые волки». Это дико смешно. Не потому что по сценарию так задумано, а потому что очень глупо, от того и смешно. В дальнейшем градус абсурда увеличивается в арифметической прогрессии. Чего только стоит сцена с миной. И от фильма ждешь лишь одного: более-менее внятных перестрелок и добротных рукопашных боев. За второе как-никак отвечает Скотт Эдкинс. Но ни первого, ни второго так и не случается, если не считать финальной схватки между тем же Эдкинсом и Ву, да и та получилась скоротечной и малосодержательной. Зато чего в фильме в достатке, так это пафоса и патриотизма, не зря я вынес в заглавие фразу «я сражаюсь за Китай»; именно эта фраза красуется на шевронах солдат в конце фильма(странно, но почему-то на английском). Может на жителей Поднебесной такой подход и действует как красная тряпка на быка и они толпами бегут на сеанс, но для зрителя постороннего не имеет никакого смысла. Да и опять же, смешно все это. Пятеро наемников легко и непринужденно разбираются с доброй сотней бравых китайских солдат.   Будь я на месте китайского подростка, не раз бы подумал, а нужна ли мне такая армия. Не стоит забывать, что это элитный отряд, супер «Боевые волки». Кто уж у них тогда в обычных войсках служит, страшно подумать. В общем, если кто вырос в 90-х и помнит всех этих Майклов Дудикоффых, Ричардов Нортонов и прочих звезд боевиков класса «Б», то можете смело смотреть. Улыбка вам будет обеспечена. А в остальном проходите мимо. Ну разве что возникнет такое же желание ознакомиться со второй частью, а первая еще не просмотрена. Надеюсь продолжение окажется все таки более качественным и адекватным. 4 из 10	«Я сражаюсь за Китай»	1
375	2019-03-09 14:08:00	Айка	24	0	Очередная чернуха, показывающая реальность белой или черной. И опять же за деньги налогоплательщиков России.   Честно говоря, не мудрствуя лукаво, фильм бессмысленный.  Неужели все так плохо, как пытаются показать горе-художники? Этот фильм, мне кажется, как многие фильмы сегодняшней России, имеет один посыл  депрессивный, упрощенный, примитивный и с тем, лукавый и ложный. Нет в фильме правды, а только полутона и полуправда.   Во всем мире  люди живут разные, разные. И нет идеального общества. И отношение к мигрантам в целом во всем мире похожее. Ничего нового, кроме упрощения действительности, этот фильм не дает. Россия в фильме показывается как какое-то отхожее место.   Если так неприветлива столица чужого государства, где ты, опять же, иностранец и мигрант, зачем в этом городе находиться и пытаться освоиться?   Или может от того, что ты здесь, опыт же, иностранец? Или может от того, что главная героиня инфантилистка и авантюристка, которая рискнула на авось? При этом, ожидавшая, что ее примут в чужом государстве с открытыми объятиями? Одни вопросы. Простые и тупые вопросы, к так называемым, режиссерам и сценаристам.  Честно говоря, стыдно за такого рода фильмы, которые снимаются за счет российского бюджета. Неужели, если так все плохо в государстве, что нужно использовать государственные деньги на производство фильмов о проблемах, а не лучше ли исправлять эти самые проблемы? Не понятен посыла госоргана  Минукульта. Даже смешно.  Выпячивание проблемы  это ложь, где истинной правде отведена минимальная роль. Агитка от людей, которые пытаются людей обозлить, настроить друг против друга, и значит  сманипулировать. В последнее время количество фильмов с извращенной моралью  как лавина с горы, и все по одним лекалам. И потому, гниль в утиль.	Боюсь данайцев и дары приносящих	9
376	2019-03-09 13:38:00	Викинг	1	3	Исторический фильм «Викинг», где в главной роли снялся Данила Козловский, логично было пересмотреть в дни широкого празднования в нашей стране 1030 -летия Крещения Руси.   И снова двойственное впечатление от картины.   С одной стороны, была прекрасная попытка создать грандиозное историческое полотно, с другой  мелкая не былинная фактура центрового актера и его обычное неумение выразить внутренний мир переживаний; бесцветные женские образы, а также отсутствие точной концепции у режиссера и оператора в постановке великих противостояний и битв привели к созерцанию кучи-малы.   Претензии к сценарию в том, что обычному зрителю мало что понятно в первоначальных отснятых эпизодах: времена больно дальние, да и большинство зрителей историками не являются, потому фильм явно нуждался в либретто, как оперный спектакль. Но читать описание фильма до просмотра не комильфо, дабы не испортить дорогое первозданное о нем представление.   Современные стрижки воинов-мужчин аля-Ким Чен Ын  вообще вне всякой критики   Да, у наших кинематографистов была возможность отличиться на богатейшем историческом материале наподобие кино эпопеи «Игра престолов», но, видимо, не пришло еще то время.  3 из 10	Богатырь  не ОН !	7
377	2019-03-09 13:32:00	Остров	1	4	Время от времени в разных странах мира обращают внимание на фольклорных монстров и чудовищ, повествуя о ведьмах, троллях, лепреконах, русалках и прочей нечисти. Как пример  «Охотники на ведьм» с Джерардом Батлером, старый добрый «Лепрекон», отечественная «Русалка. Озеро мертвых», ожидаемая «Яга» и некоторые другие. «Остров»  это фильм, где одними из действующих лиц являются сирены  мифические существа приятной женской внешности, но с очень мерзкими мыслями. Своим пением они усыпляют путешественников-мореплавателей и направляют их на скалы, а дальше  гибель в морской пучине.  События этого британской фильма разворачиваются на одном из островов, куда попадают трое выживших после кораблекрушения мужчин. Жители острова  два мужчины и две женщины дают им ночлег, ухаживают за путниками, но при этом ведут себя странно, опасливо поглядывая в окна и не отпуская моряков далеко. Ясно, что они хранят тайну, но какую? И почемугде-то вдали постоянно слышится сладозвучное, но такое странное пение?  Сделай режиссер (Мэттью Батлер) акцент на мифологии, раскрути он сюжет именно вокруг сирен как мифических существ, добавь связанную с этим тайну острова и фильм получился бы совершенно иным по качеству. Более интересным и интригующим, более содержательным и осмысленным. Поначалу, когда зрителя погружают в мрачные события, пока вопросов возникает больше чем ответов, смотреть «Остров» достаточно интересно. Но когда события скатываются до банальной «мрачной тайны», которую режиссер раскрывает, становится совершенно неинтересно, что будет дальше.  Эта тайна оказывается слишком пресной и серой (как туман, окутывающий остров) для того чтобы потянуть на легенду о сиренах. К тому же по фильму отсутствует связь между мифической женщиной с красивым, но смертельно опасным голосом и историей, превратившейся позднее в тайну жителей острова. Лично мне осталось не ясно почему монстром для этой кинокартины была выбрана именно сирена? Почему не призрак, не демон? Потому что события разворачиваются на острове и оттого морская тема ближе по духу? Так ведь с тем же успехом монстром мог стать и лесной леший, ведь на острове много деревьев, где это чудище могло бы обитать?!  Судя по увиденному здесь, фильм как раз больше тянет на историю о призраке и одержимости им кого-то из действующих лиц, отчего опасность подстерегает прочих героев и на суше, и на воде. Если вспомнить образы сирен из древнегреческих мифов, то они, как оказывается, не имеют ничего общего со здешними существами кроме пения. Но разве можно назвать собаку волком только из-за серого цвета шерсти? Ведь для того должны быть и другие отличительные особенности у этого зверя.  Может быть впечатление от фильма осталось бы более позитивным, не вплети режиссер в сюжет банальнейшую тему, от которой вся мифичность и фольклорная наполненность вылетели в трубу.   Впрочем, смотреть Вам. Свое мнение никому не навязываю.  Приятного просмотра.  4 из 10	Легенда о недосиренах	3
378	2019-03-09 10:48:00	Вторая кожа	0	0	Геи, лесби, геи, лесби, геи, геи Мир будто бы отрабатывает «вину» за их «угнетение», невосприятие в предыдущие годы, в т. ч. годы кино. А слуги-режиссёры и сценаристы вовремя подают упаковку презервативов и тексты фильмов. Театр заказного кино.   Что касаемо данного фильма  очередной пример хорошо вжившихся актёров в роль гомосексуалистов. Прям верю! Но все диалоги очередной раз доказывают отсутствие отличия, необычности ума, высокости отношений как их хотят представить зрителю. Обычные люди, ничем не примечательные с банальными фразами, поступками. Только секс у них происходит в иных уголках тела и всё. Смысл это каждый раз показывать в кино, не пойму. Заурядные люди, заурядные фразы, заурядные истории. Уже не так интересно и необычно, как это должно нам казаться Поэтому проводятся гей-лесби-парады, хоть чтобы как-то обратить на себя внимание. Ибо кроме необычного секса, внимания, судя по всему, они не заслуживают, внимания которое хотят они к себе   Современным людям наскучил привычный быт, секс, жизнь в принятых нормах. Они меняют сферу секса, и думают, что вот теперь-то заживёёём как боги, герои поэм и баллад, поумнеем, вырастим морально и социально Но нет Всё происходит ещё печальнее, т. к. теперь не только семья, но и целое общество их отвергает. Видимо, азарт борьбы и фриковости им более необходим. Любовные треугольники, шестиугольники, с наливающимися друг на друга кожаными векторами. Ничего нового, прогрессивного   Фильм  банальные обнимашки голых мужиков, заурядные беседы. Философии, трагизма и романтизма не заметно как-то Все всё о друг друге знают, ложатся в постель и продолжают заново, принимая всё как есть, как привычное дело. Лишь лирично-грустное музыкальное сопровождение  всегда в тему! Особенно, если смотришь (не зная зачем!) это кино утром 9 марта 2019 года)))   На протяжении фильма от экрана будто веет потными мужскими кожами, латексом, и разочарованием о включенном кино.	Второ-кожная	1
379	2019-03-09 10:38:00	Богемская рапсодия	2	0	Фильм посмотрела внезапно, уже после Оскара. Фильм that really makes you think. Настоящая энигма. Загадка от начала до конца.   Биографической и исторической ценности, как я поняла, фильм не имеет для зрителей старше пяти лет. По ощущениям где-то между детским утренником и мексиканским сериалом. Песни и штампы.   Сценарий слабоват даже для детского утренника. Конфликт Меркьюри с общественной моралью, конфликт с самим с собой, да что угодно еще из того, что могло спасти эту говнобалладу  все картонное, хронология отсутствует даже на уровне ощущений, эмоций не вызывает.   Поэтому никакого смысла снимать этот странный фильм, по-моему, не было. Разве что ради денег. Тогда понятно. Загадочная история, одним словом. Хотя если что-то выглядит как говно, то это, скорей всего, и есть говно. Но ради приличия я назову это загадкой.		18
380	2019-03-09 10:27:00	Tomb Raider: Лара Крофт	1	3	Честно признаюсь, с трудом досмотрел до конца. Невероятно скучное, безыдейное и тупое кино, время на которое тратить ни в коем случае не стоит.  Предыдущие фильмы с Анджелиной Джоли я не видел и знаком с Ларой Крофт исключительно по играм; более того, перезапуск 2013 года, на котором более-менее и основана эта картина, на мой взгляд является одной из самых удачных приключенческих игр за последние несколько лет. К сожалению, от игры фильм взял лишь общую сюжетную завязку с таинственным островом Яматай и пару персонажей, остальное  самодеятельность и желание угодить самой широкой и непритязательной аудитории. Вместо того, чтобы показать становление Лары как расхитительницы гробниц и искательницы приключений, сценаристы зачем-то отправляют её на поиски отца. Её не интересуют древности и загадки, ею движет лишь иррациональное стремление найти пропавшего семь лет назад папашу. И если бы фильм назывался не Tomb Raider, а Dad Finder  никаких вопросов бы не было. Это не Лара Крофт, вместо неё можно было вставить абсолютно любого персонажа, и фильм бы никак не изменился. Поступки других персонажей точно так же заставляют усомниться в их разумности, обученные наёмники не могут попасть в цель и слепы и глухи, когда это необходимо сюжету, главный злодей читается уже на десятой минуте фильма  в общем, классика. Добавьте к этому празднику посредственности неумение режиссёра ставить экшен-сцены, оператора с дрожащими руками и плохой CGI, и всё это смешивается в такой протухший коктейль, что за версту несёт.   Достоинств у картины немного: гонка на велосипедах в Лондоне, исследование гробницы Химико да персонаж Ника Фроста и его ломбард. Про последнее хочется сказать отдельно. Комедийные сценки в ломбарде очень оживляют фильм и хоть как-то помогают зрителю сопротивляться цепким лапам Морфея, однако совсем не к месту и резко контрастируют с общим тоном ленты. Заслуга это Фроста и его харизмы или сценаристов  не знаю, однако эти моменты показывают, что могут же, когда хотят. Почему только сил не хватило на весь фильм  неясно.  Лучше поиграйте в игру-первоисточник.  Голливудским продюсерам хочется сказать только одно: «Хватит насиловать труп». Пожалуйста, перестаньте.  3 из 10	Чуда не случилось	1
381	2019-03-09 10:05:00	Капитан Марвел	0	2	Нудный, плоский и неинтересный фильм. Но давайте по порядку. В фильме была неплохая завязка. Планета, красивые пейзажи, костюмы, парочка неплохих шуток. Средней руки сцены битвы. В общем, нормальный супергеройский фильм Но всё это великолепие уложилось в первые двадцать минут.  Следующие полтора часа были одни банальные разговоры, сопли, потерянная подруга, которая добрая, т. к. чёрная. Героиня определяет хорошие и плохие стороны методом чуйки. В своих решениях не сомневается, и после о них не жалеет. (Сравните со Стивом Роджерсом, который терзается сомнениями или Тони Старком, которого мучает совесть).  И самое плохое, что девушке даже не подобрали сравнимого по силам антогониста. То есть у самой сильной героини (по словам создателей)  в противниках числяться около десяти плохишей, с которыми справился бы и Звёздный Лорд.  Что она и делает в последние десять минут фильма. Впрочем даже их, капитан Марвел портит сама своими неуместными остротами.  То есть из фильма можно оставить только начало и конец, как и советовал один разведчик.  Фильм не вытягивает даже великолепный Саммуэль Джексон со своими кошачьими сюсюканиями.  Если вам очень скучно, то можете сходить. Но если хотите получить удовольствие, то лучше пересмотрите первого Железного человека или третьего Тора.  2 из 10	Синие, зелёные, чёрные	3
382	2019-03-09 08:53:00	Т-34	8	0	Сложно без спойлеров доказать, что данный «фильм» изобилует таким числом несуразностей, что из разряда псевдо-патриотического кинца валится пробивая дно в категорию «лютый треш» типа «Мачете».  И это было бы вполне терпимо, если бы авторы не взяли за основу реальное событие  Вторую Мировую Войну. Событие, затронувшее без преувеличения КАЖДУЮ семью в бывшем СССР. Событие трагическое, повлиявшее на судьбы нескольких поколений. И вот из этой тематики стали делать некое подобие «Бесславных Ублюдков» Тарантино. Только без его таланта и без понимания, что у него был фарс и ничего кроме фарса и фантазии, а здесь пытаются натянуть сову на глобус в безуспешной попытке сделать «историческое кино».   Представьте себе, что Терминатор прилетает в деревню Колышки, Саратовской губернии в 1938 году и уже через пару лет становится командиром Красной Армии. Что не удивительно, ведь пули его не берут, а полет снарядов он рассчитывает с математической точностью. Как такого не назначить на самое бедовое направление фронта? И Терминатор не подводит: с помощью своих сверх-способностей он побеждает в несколько раз превосходящую армию противника   Только вот происходит это не в вымышленной вселенной Кэмерона, а в настоящем прошлом, где были кровь, кишки на снегу и смерть вокруг. Вы, как говорится, либо трусы наденьте, либо крестик снимите. У авторов не получилось экшена и фарса, как Тарантино, но и не получилось хотя бы псевдо-исторического фильма.	МиккиМаус идет на войну	9
383	2019-03-09 05:23:00	Спасти Ленинград	2	1	Очень сложно писать рецензию к фильму, который им не является. «Спасти Ленинград»  это скорее продукт, состоящий из наскоро слепленных клишированных фраз, записанных в DolbyDigital звуке, непонятно за что рвущихся на кровавые части людей, вперемешку с разрывами снарядов, пуль, воды и песка.   Это тот самый случай, когда деньги режиссер брал на одно, а сотворил то, что хотел. Когда обещал к юбилею Блокады Ленинграда выдать историю героизма советского человека, то, чем могли бы гордиться потомки, а выдал немножко героизма и громоздкую историю сквозящего из каждого кадра советского позора  то, что заставляет зрителя стыдливо опустить головы и каяться, каяться, каяться. Буквально за все: за репрессии, классовость, блат, НКВД, прогнившую плавучую рухлядь и плывущий на ней блестящий автомобиль, и даже за стертые ноги солдата. Наверняка, Алексей Козлов просто хохотал в голос, когда швырнул в лицо зрителю свое высокохудожественное творение  вонючие, украденные тупыми ботанами-интеллигентами, портянки. Потому что где он спрятал человеческий героизм, из основной фабулы, я так и не понял.   Страх видел, отчаянье видел, обреченность заметил. А еще кучу похоти, глупости и идиотизма. А человеческого героизма, отваги  нет. Наверняка, изначально они были. Недаром же нам показали растяжку с надписью «Баржа 725» в колонне «Бессмертного Полка». Не стал бы режиссер брать за основу историю, где их не было? Не стали бы люди нести растяжку: «На Барже 725 погибло 1200 сволочей, спасающих скрипки, собачек и собственную шкуру»? Либо Алексей забыл о них рассказать, либо я их не заметил из-за свистящего ветра, потоков воды, барахтающейся в ней болонки и бушующих волн. Все просто  на барже они Алексею Козлову были ни к чему. Вот, для чего ему понадобились часы и щепотка героизма Невского Пятачка  для получения бюджета на съемку якобы глубоко «патриотической» ленты..   Фильм вовсе не о блокаде. Блокаде во всем хронометраже выделено ровно 48 секунд времени. Это фильм не о сражении на Невском Пятачке. Потому что Пятачок был показан вскользь и ничем не завершился, кроме может быть того, что героический, но подловатый старшина, героически покинул поле продолжающегося за кадром боя, чтобы вернуть подловато украденные у курсанта часы. Этот фильм даже не о барже. Он о репрессированной озверевшим НКВД-ешником белой болонке, замотанной в украденные вместе с часами вонючие портянки, попавшей на баржу благодаря элитарному блату. О маленькой собачке, путающейся под ногами у отвратительно играющих статистов, неумело изображающих любовь, страх и страдание «ленинградцев-блокадников», бегущих от этой самой блокады куда подальше.   В чем же состояло это великое и такое значимое «Спасение Ленинграда», мы так и не узнали. Вполне вероятно, что оно состояло в замерзшей в Ленинградской квартире, матери, спасшейся после крушения режиссерского «Титаника», героини в инвалидной коляске.   Мне не хотелось громить этот фильм. Ведь люди старались  работали. Но рядом с ним, даже недавний российский подростковый шутер «Т-34» (2018) может показаться шедевром сценарного и режиссерского искусства. «Спасти Ленинград»  это фильм. который рвет все мыслимые шаблоны, заставляя зрителя чувствовать себя дураком.   Это помесь «Титаника» и «Спасти рядового Райана», цель которого  деньги Фильмо-Фонда, а не полные залы кинотеатров и тем более не историческая гордость за победившую в войне Родину и её солдата. Он мог бы называться как угодно  «Биолог в огне», «Рояль на барже», «НКВД против всех», «Спасение ленинградской болонки», в конце концов «Баржа 725», но только не спасение Ленинграда.   Увы.   1 из 10	Титаник-725 или НКВД против всех.	21
384	2019-03-09 03:01:00	Черное Рождество	0	2	В последнее время мне не везет на фильмы ужасов, я даже начал подумывать, что этот жанр приказал долго жить. Но тут Рождество, елка, много красивых девчонок и немного злобный убийца. Ну что еще нужно для хорошего фильма ужасов? Так подумалось мне, и я уселся смотреть «Черное Рождество». И опять мимо, что же за Полтора часа потерянного времени.  Больной ребенок по имени Билли, над которым надругалась в детстве мать, оказался в тюрьме, откуда по прошествии какого-то времени успешно бежал. В его бывшем доме уныло встречает Рождество компания девушек, которых наш герой начинает деловито крошить, колоть и резать елочными игрушками. Весело? Нет. А почему?  А потому что убийства однотипные, снято очень плохо, практически все действие проходит в доме и нигде больше, да еще в темноте, а темнота хоть и друг молодежи, но враг для кино. Актрисы подобраны симпатичные и талантом не обделенные, но оценить их игру сложно, так как им нечего играть. Верещат, правда, много и убедительно.  Словом, кино на редкость скучное, примитивное, совсем не страшное, к тому же отвратительно снятое, так что досмотреть его до конца без перемотки может только очень стойкий зритель.   Надежда на то, что качественные ужасы еще будут снимать, пока жива.   2 из 10	Опять мимо	0
385	2019-03-09 01:29:00	Родители лёгкого поведения	0	0	К сожалению, за весь фильм так и не нашли момента, где нужно было смеяться.  Сюжет как будто написан на скорую руку на коленке  настолько нелогичны его изломы и повороты. Актёрская игра тоже не радует, уж никак не ожидал от Болдуина и Хайек игры уровня «школьный спектакль». Фильм позиционируется как комедия где? как? что?  Сложно вообще придумать жанр для этого произведения, разве что «сумбур».  Никогда раньше не писал отзывы тут, да и не начал бы, если бы ни это творение. Не удержался и решил предупредить людей, чтобы не тратили время/деньги на этот шедевр.	Зря Потраченное Время =\	1
386	2019-03-09 00:59:00	Вокс люкс	12	4	К просмотру «Вокс Люкс» я подошел предельно беспристрастно: он лежал у меня в списке ожидаемых фильмов, но ничего о его сюжете я не знал, просто хотелось увидеть Натали Портман в новом фильме. Как только КиноПоиск сообщил о выходе фильма в прокат я сразу же отправился на ближайший сеанс.  Создатели презентовали картину как гимн поколению 21 века. Пожалуй, я соглашусь с этим. Главная героиня, пережив страшную трагедию в прошлом, нашла в себе силы оправиться от нее, кроме того, вылив всю свою боль в песне, она стала знаменитой на весь мир. А затем, спустя многие годы, погрязла во всех пороках, которые предлагает американский шоу-бизнес. Теперь посты в инстаграме и скандальные фото не только не подрывают репутацию, а наоборот, добавляют интереса к медийной персоне.  Все это так, мы, живущие здесь и сейчас, можем подтвердить состоятельность посыла, но о чем же сам фильм? За почти 2 часа хронометража, которые, к слову, пролетели совершенно незаметно, я не испытал ни привязанности к кому-либо из героев, не сопереживал им, да вообще, не испытал ничего. Просто посмотрел набор кадров, соединенных между собой главной героиней.  Наверное, Брэйди Корбету еще рановато браться за подобные картины. Как модно сейчас говорить, он напомнил мне Николаса Вендинга Рёфна на минималках. Я совершенно не в восторге от «Неонового демона», но признаю, там был стиль, а в «Вокс Люксе» его не наблюдается.  А вот к Натали Портман у меня имеются претензии. Она серьезная актриса с Оскаром за плечами, работавшая с Аронофски, Кар-Ваем и Лукасом, уж ей-то должно было быть видно, над каким фильмом она работает? А в итоге она сыграла совершенно невразумительно и неинтересно.  Закончился фильм ни на чем. Завтра я забуду о его существовании. А жаль.  4 из 10	Самая пустая рецензия, поскольку такой попался материал	18
387	2019-03-09 00:59:00	Я худею	1	0	Прямо говоря  это фильм о самовлюбленной девице, подводящей и критикующей всех вокруг. Как возможны такие отношения, где люди говорят исключительно о телах друг друга  я не понимаю. Как возможна дружба, где все тебе должны  я не понимаю. Как можно чувствовать себя жертвой, причинив реальный ущерб отцу (и не только ему, хотя в его случае это жесть вообще!)  я не понимаю. Как возможно нормальное общение в семье, когда ты всех лишь критикуешь, и только для критики да жалоб встречаешься с ней  я не понимаю. Как можно платить деньги в кино за фильм, сотканный из сюжетных дыр на фоне отсутствующего смысла  я не понимаю!  Фильм  яркая картинка, милые моменты, неплохие актеры. Но пустой и глупый сюжет, невозможное для реальной жизни поведение персонажей.  Философское кино? Вы шутите?  Несколько примеров вопиюще странного в этом кино:  К подруге по стене на 8 этаж? легко! берите пример, да. и влюбляйтесь в тупых качков, падких на каждую первую встречную, независмо от наличия серого вещества.  Как может женщина, говорящая о чакрах и веган+, жить с новым русским на понтах?   Это радикально разные создания, которые на экране смотрятся как кофе с солеными огурцами. Зачем, почему.   Причинить огромный физический и моральный вред друзьям, отцу? Бедняжка, сама жертва!  Тебе спасли жизнь? Сходу критикуй в ответ, ведь это важнее всего! Поучи старика, как ему жить, ведь тебе аж 20+ лет!   Друг готов шесть часов везти тебя в другой город по твоим хотелкам? Вот лох. Подруга хочет переехать в столицу, но у тебя все еще хреновое настроение  чертовка, как она может вообще? Весь фильм  Я, Я, Я, Я, Я. Даже в концовке, которая попыталась вытянуть эгоистичность и поверхность фильма на уровень «зодумайтес».  Это могло бы быть неплохое кино. Но в итоге есть, что есть: желание заработать денег и выехать на модной теме, не углубляясь в нее ни на толику.  Если вы похожи на главную героиню То тело  это совершенно не то, о чем вам стоит задуматься в первую очередь.	Если вы узнали себя в главной героине, лучше задуматься. И не про тело.	5
388	2019-03-08 23:57:00	Ничего хорошего в отеле «Эль Рояль»	8	4	Этот фильм снят неимоверно красиво. Сочные цвета, безукоризненные планы, точный монтаж, лихо закрученная история, хорошие актеры. Впрочем на вступление уходит слишком много времени. Разрозненные элементы пазла соединятся лишь ближе ко второму часу просмотра. А ведь до этого момента лента представляет собой этакий «черный ящик»  стильный и красивый, но скомканный набор различных эпизодов и комбинаций. И при всех достоинствах ленты для ее просмотра в первые полтора часа экранного времени просто необходимо обзавестись терпением или специальной техникой для преодоления скуки. Так уж получилось, что стиль Годдарда даже не гипнотизировал  наоборот, все время удивлял новыми вводными без каких либо пояснений.  Впрочем, когда все сюжетная канва стала понятно вопросов появилось еще больше. И большая их часть касалась упрощенности сценария. Согласитесь, ну разве это не примитивно создать столь шаблонную коллекцию персонажей  старый преступник, выдающий себя за священника, амбициозная певица, гангстер, сексуальная красотка, коридорный? И все они пытаются разгадать нечто загадочное в странном отеле, существующем прежде всего для фиксации компромата. Это дискурс вполне соответствующий концу 90-х, но никак не концу 2010-х. Кого сейчас можно удивить «грязными пленками» и столь одиозными гангстерами?  С этим фильмом как со многими американскими особняками. Внешне все красиво и изыскано, а если вдаваться в детали, то каждый из строительных материалов выглядит несуразно. Это относится и к структуре ленты, и к ее сюжету, и к проработке персонажей. Ведь при всех претензиях на оригинальность тут все сводится к очередной борьбе за мешок наличных между гангстерами. Скажете постмодернизм?  Но никто не оспаривает, что у Дрю Годдарда есть особый стиль и талант. Есть все предпосылки ожидать, что однажды он еще удивит всех нас. Но «Эль Ройяль» совсем не тот случай. Это интересный и достаточно экономичный эксперимент. Зато для Синтии Эриво и Льюиса Пуллмана эта возможность показать себя оказалась успешной. Они были выразительны и даже затмили признанных звезд  Бриджеса и Хемсворта (впрочем, эти двое скорее сами потерялись в нечеткой логике этого фильма, как и Дакота Джонсон). А в остальном, при всех безусловных визуальных победах фильма не хватает ему сбалансированности. Этого кстати избежал очень похожий стилистически «Отель Нуар»  фильм менее претенциозный, но более выверенный.   4 из 10	Bad Times at the El Royale	5
389	2019-03-08 23:45:00	Ван Гоги	0	0	Замечательная история о том, как талантливо можно просрать собственную жизнь!  Практически весь фильм птицын сын переживает жуткую личную трагедию. Ещё бы понять в чём именно она заключается, эта самая шекспировская трагедия. В иголке, с рождения застрявшей в голове? Да вроде нет, врачи говорят, что она ему не мешает и не является поводом для эвтаназии. В гениальном, но жутко эгоистичном отце, который тиранит его? Да вроде бы тоже нет, отец как отец, сын как сын, то любят, то орут друга на друга, практически, как и все. Может быть, птицын сын никак не может найти свою любовь? Да вроде у него и с этим проблем нет. Птицын сын неудачник по жизни, живёт на «мамину пенсию»? Чёрт возьми, кто-нибудь, объясните мне, что не так с этим младшим Ван Гогом!  Неплохая операторская работа тускнеет на фоне актёрских потугов тронуть за душу. Режиссёр с треском провалил собственную же задумку достучаться до зрителя, что жизнь надо жить! Смотришь и не понимаешь, вот если этот парень дожил до 52 лет и престарелый отец называет его лузером, то кто тогда я??? Патрон, судьба которого зависит от того, попадёт ли его пуля в цель или же его проржавевший труп никогда не обнаружат даже чёрные копатели???  Вся печаль фильма заключается в его псевдоморализме! Режиссёр пытается объяснить нам, что надо срочно бежать заводить семью и детей, а не довольствоваться тем, как сказал Серебряков, «когда есть, когда нет». Что важно продлить свой род. Что в жизни всё так тяжело только у нас в голове, а решение проблем чаще всего лежит на поверхности. Но зачем он нам всё это объясняет, он до конца сам не понимает. Просто так надо и фильм вроде ничо получился.	Ван Гоги обыкновенные	1
390	2019-03-08 19:39:00	Богемская рапсодия	2	3	Фильм не понравился.  Мне нравится творчество группы Queen, но не сказал бы, что я большой фанат. Тем не менее, очень сильно задела внешняя непохожесть главного героя на Фредди Меркури. Очень не понравились отношения с Мэри, Фредди был бисексуалом, а не половой тряпкой  ну просто очень противно как он с ней ну прямо скажем «по-женски» общался в фильме, в том числе в любовных сценах. Очень не понравились интимные моменты между Фредди и другими мужчинами  я хотел посмотреть историю Queen, а не вот это вот все. Фуфуфу.  А еще непонятна концовка фильма  я думал нам покажут последние годы жизни, как он героически буквально на ложе смерти записывал последние альбомы, то же Show Must Go On хотя бы  но нет, нам вместо этого показывают 20 минутный lyp-syncing aid концерт, который и так можно найти в сети и посмотреть. Спрашивается  зачем? Чтоб показать как актер может пародировать Фредди? Так таких умельцов и так пруд пруди хотя бы на том же ютубе, нашли чем удивить.  Оскар за мужскую роль? За пародирование и мужской интим, что ли? На мой взгляд Вигго Мортенсон из «Зеленой книги» был куда более достоин.   Из мелочей еще  это некоторые неточности с историей, например, Fat Botoom Girl играют еще до рапсодии, хотя реально она вышла тремя годами позже   Из положительных моментов:  - встречается юмор. Обычно это какие-то шутки между участниками группы (особенно порадовал хит Роджера), которых к сожалению, не так много, так основной акцент на личной жизни Фредди.  - Брайн Мэй. Вот здесь я кайфанул. Сходство просто феноменальное.  3 из 10		12
391	2019-03-08 19:07:00	Пчёлка	1	0	«Королева пчел»  один из худших фильмов, какие мне только доводилось посмотреть. Ничего в нем не сделано на хотя бы приемлемом уровне, и абсолютно все в нем плохо.  История проста  по соседству с маленьким семейством, состоящим из отца и дочери, заезжает семейство побольше  мать и пятеро ее сыновей-школьников. Ну как школьников, здоровенных лбов под тридцать, которые здесь играют старшеклассников. И все вроде бы ничего, да вот только это счастливое семейство скрывает страшную правду.  «Королева пчел» это не хоррор, не триллер, не драма, это просто пустая трата времени, и прежде всего благодаря ужасному сценарию. Большую часть времени на зрителя вываливают скучнейшие бытовые диалоги, которые не имеют ничего общего с сюжетом, не развивают персонажей, это просто пустословие ради пустословия. Никакого экшена, накала страстей или хотя бы банальных скримеров в фильме нет и в помине. Есть определенные потуги, но очень слабые и никак не исправляющие ситуацию. Видимо исходя из маленького бюджета, картина не может похвастаться ни сценами убийств, ни гримом, да вообще ничем. Весь «экшен», который призван разбавить перманентное уныние, состоит из набора «страшных» звуков где-то за кадром и в лучшем случае взмахами чьих-то рук или ног, вот и все. Даже для такого бюджета это откровенная халтура, 250 тысяч это все-таки не 250 баксов, куда и на что ушли эти деньги решительно непонятно.  Может быть на актеров? Да нет. Актеры здесь даже не третьестепенной величины, а откровенные ноунеймы с соответствующей, то есть нулевой, актерской игрой. Может быть на профессиональную съемочную команду? Снова мимо. Операторская работа и монтаж на уровне любительской съемки, да что там говорить, некоторые сейчас и на «айфоны» снимают кино с куда более качественной картинкой.  Подбираемся к финалу  «Королева пчел» это недостойная ничьего внимания поделка, в которой сделано плохо абсолютно все и которую похвалить просто не за что.	Ужасно плохо	3
392	2019-03-08 17:06:00	Мажор 2	0	3	Первый сезон как-то посмотреть удалось, хотя, если честно, сжав зубы. Просто потому, что это не драма. Это не детектив. И это не триллер. Это фантастика чистой воды. Обычная социальная фантастика. А  ля Стругацкие.   Вот если бы заявлен был сериал, как фантастика, он был бы интересен более  менее. А в том виде драмы и криминала увольте, не верю!  Кстати сказать, второй сезон не далеко ушёл от первого. С той лишь разницей, что в первом была хотя бы интрига. А здесь и того нет. А что есть?   Есть полицейский участок совершенно неадекватный, где каждый делает то, что он сам хочет. Есть гарем капитанши, она всё никак не разберётся  какому самцу отдать предпочтение.   Актёры молодцы. На них только вот и выезжает сериал. Шевченко на высоте, как и Шведов. А вот Прилучный как всегда в роли папенькиного сыночка.  Поют дифирамбы актёру, а что он играет-то? Вечный мажор. От «Закрытой школы» до «Мажора» и «Блиндажа» только повторяющаяся роль однотипная. Только в «Жёлтом глазе тигра» что-то другое. Но где же драматические роли? Из чего мы  зрители  можем делать вывод, что это потрясающий актёр? Смазливое личико. И роль нагловатого папенькиного сыночка. И говорить после этого, что Прилучный  отличный актёр Ба!   Посмотрите на игру Евгения Миронова, Владимира Машкова, Олега Меньшикова Других талантливых актёров Нет, возможно у Павла всё впереди, но, простите, ему уже не 20 лет  Но вернёмся ещё к сериалу. Как и сказал в самом начале разговора, если позиционировать его, как фантастику, то ещё более  менее удовлетворительно. Но уж никак не драма, криминал, детектив.  3 из 10	Где здесь криминал? Это чистая фантастика.	0
393	2019-03-08 15:08:00	Капитан Марвел	0	4	"Ждала ли я этот фильм? Нет (персонаж для меня незнакомый и не совсем интересный). Правда, симпатия к киновселенной в целом дарила определенную надежду на удовлетворение от просмотра. Еще не хотелось пропустить потенциально важные события, которые могли иметь отношение к предстоящей 4-й части Мстителей (по итогу могу сказать, что пропуск этого кино никак не повлияет на вашу осведомленность во время просмотра развязки трех фаз КВМ). А теперь немного подробнее о самом фильме.  Персонажи  Кэрол Дэнверс в исполнении Бри Ларсон. Честно скажу, на мое восприятие в некоторой степени повлияла вся эта шумиха со странными высказываниями главной актрисы во время пресс-тура. А потому смотрела я на девушку с экрана с определенной долей скепсиса. И как-то перебороть эту неприязнь я не смогла. Ни актерская игра Ларсон, ни сам персонаж мне в этом не помогли.   Что она из себя представляет? Почему мне должно быть интересно смотреть на приключения Кэрол Дэнверс? Непонятно.   Такое ощущение, что в погоне за прославлением факта появления первого фильма Марвел, где женщина поставлена во главу угла, создатели совершенно забыли одну вещь: по большому счету зрителю всё равно, какого пола главный герой истории, если история хороша и прописаны особенности персонажа, из-за которых его можно полюбить или возненавидеть, из-за которых хочется за ним наблюдать. На деле нам просто показали сверхсильную женщину. Кроме этого о ней и сказать-то нечего. Она никакая. Да, нас попытались на словах уверить, что она умная, упрямая, волевая и т. д. и т. п. (по крайней мере, так говорят ее подруга и «наставник»). Но на деле это не продемонстрировали.   И к слову о сверхсиле. Супермен от киновселенной DC настолько же скучный персонаж. Но у него есть хотя бы криптонит. У Капитана Марвел даже своего криптонита нет. Что или кто способен бросить ей вызов  неясно. Будем надеяться, что хотя бы в грядущих «Мстителях» ей найдется достойный отпор.  Фьюри и котик. Любимые персонажи фильма. Классный тандем, который хоть как-то скрасил эти 2 с лишним часа в кинотеатре. Главные поставщики юмора. Сэмюэл Л. Джексон, как всегда, на высоте (правда, было немного непривычно видеть такого милого Фьюри). Ну и котейка под стать.  Об остальных сказать нечего. Не запомнились совсем.  Техническая составляющая и музыка  Всё стандартно. Спецэффекты нормальные. Стыда, как в «Черной пантере», не вызывали, но и чего-то выдающегося не было. Музыка незапоминающаяся (опять эта проблема всей КВМ, о которой есть крайне занятное видео Marvel Symphonic Universe на YouTube, гляньте, не пожалеете). Выбор песен порой вводит в ступор. Например, в одной из экшен-сцен на фоне играла мелодия, которая хорошо бы вписалась в какую-нибудь недорогую комедию о нашествии зомби. Но здесь она никак не хотела ложиться на видеоряд.  Атмосфера 90-х, на которой можно было бы неплохо выехать, абсолютно не передана. Порой я задавалась вопросом: стойте, фильм же про события 90-х или история в наши дни происходит?   Вывод  Перед тем, как начать писать этот отзыв, я склонялась к тому, чтобы поставить фильму 5-6 баллов. Но сейчас мне кажется, что для такого фильма это многовато.  Во-первых, никакая история. Сюжет не нов, такое уже встречалось (и в фильмах Марвел в том числе). Нам как бы сказали: «Вот вам становление героя, вот вам щепотка сюжета «Зимнего солдата» (посмотревшие поймут), вот вам немножко фактов для ответов на незначительные вопросы киновселенной (наподобие «Как Фьюри потерял глаз?»). Довольны?» Я вот нет.  Во-вторых, никакие персонажи. Про главную героиню уже писала. Главный злодей тоже не выделился.   В-третьих. Никакое послевкусие. Вот бывает, выходишь из кинотеатра и думаешь: «Ну, фильм-то не шедевр, конечно, но было прикольно». Здесь такого нет. Увы. Есть даже некое сожаление о потраченных деньгах и времени. Я бы ничего не потеряла, дождавшись выхода фильма на цифровых носителях и ознакомившись с ним не в кинозале, а на экране ноутбука. Скажу больше: скорее всего, я бы ничего не потеряла, не посмотрев этот фильм вовсе.  В общем, кроме звания «Первый женский супергеройский фильм Марвел» у «Капитана Марвел» ничего нет. Даже пресловутой феминистической подоплеки (а это могло сделать фильм хоть с какой-то стороны значимее или просто сделать так, чтобы он вызывал хоть какие-то эмоции). Остается уповать на то, что в дальнейших фильмах КВМ Капитана Марвел постараются раскрыть и показать во всей красе. Сейчас не получилось.  4 из 10  P.S. Еще один пункт для сравнения с DC. Если «Чудо-женщина» несла какую-никакую идею (""Make Love, not War», если упрощать), то «Капитан Марвел» таким похвастаться не может. Хоть в чем-то DC опережает Marvel. В борьбе за достойное представление женских персонажей на главных ролях уж точно."	Ладно, пойдёт. Или нет?	3
394	2019-03-08 15:01:00	Тайная жизнь пингвинов	1	5	Минусы. В мультфильме слишком большой акцент сделан на сиськах. Слишком большой! В реальности в этом возрасте они вообще не беспокоят, или во всяком случае не как предмет плотского интереса, а как объект мальчишеских насмешек. Здесь возлюбленная главного героя подчёркнуто сисястая, но мальчик явно не страдал избытком тестостерона, поэтому данная подруга  банальный предмет для привлечения мужского внимания к продолжению просмотра. Очень примитивный и очень действенный! (И так, кстати, в большинстве аниме). При этом, несмотря на излишнюю замусоренность сюжета сисками, эта тема так и не была раскрыта. «Когда злюсь, я стараюсь думать о сиськах, и тогда сразу успокаиваюсь»,  откровенничает главный герой со своим товарищем, и в конце концов, чтобы хоть как-то удовлетворить зрительский интерес, мальчика-таки дважды утыкают лицом в вожделенные им сиськи, что становится очередным широким шагом к его «взрослению». Ох уж эта японская сисецентричность! После какого-то момента ещё в начале просмотра эта тема начинает просто нервировать частотой своего всплытия на поверхность, словно это какой-то дешёвый американский видеотреш про жизнь подростков. Кстати, заявленная зрительская категория 6+, и это как раз тот возраст, когда надо сделать особый акцент на явно недетской теме. Тьфу!  Кстати, от этой истории с четвероклассником и самостоятельной взрослой девушкой как-то уж очень пованивает педофилией Разве это не странно, что она не интересуется никем из своего возраста, а возится с этим ботаником? Плюс, сама откровенно будирует тему женской груди, не считаясь ни с возрастом мальчика, ни с правилами приличия. Японская ж мать!..  Как всегда в классических аниме, здесь многое зациклено на подростковых проблемах взросления; это один из стержней практически каждого серьёзного мультипликационного проекта, включая работы метров аниме-индустрии. В данном случае вся пингвинология  лишь ширма, за которой скрыты эти вопросы. Сюжет с пингвинами, безусловно, оригинальный, при этом в нём сильно удивляет, что все персонажи реагируют на происходящие вокруг аномалии слишком спокойно. Иными словами, сюжет вообще не об этом, он  о проблемах японского подросткового взросления.  Сам по себе мальчик-заучка не является чем-то особенным, и чаще всего именно таких и шпыняют разные школьные хулиганы. Но здесь главный герой может постоять за себя, и не испытывает при этом ни малейших страхов, так свойственных нормальной детской психике при подобных обстоятельствах. Яркий пример ненормальности: мальчик не поддаётся на злую шутку со сниманием трусов, и смело проходит голым сквозь строй своих одноклассников. Представить такое в реальности  невероятно! Он не только не боится хулиганов, но и всегда спокойно реагирует на них, будто они не представляют опасности (а это не так). И тут дело не в особой мужественности (так свойственной всем «ботаникам», ага), тут откровенная неадекватность. Ещё яркий пример: девочка обращается к мальчику (оба известны всем своими незаурядными умственными способностями),  «Мне нужно с тобой кое-что обсудить»,  и это обращение приводит в ступор и ужас всех окружающих детей, особенно мальчиков. (Примерно так во всех аниме реагируют герои на прямое обращение девочки к мальчику, а уж сам герой обязательно конфузится, краснеет, заикается или даже убегает). Короче, очередной обрыдлый букет анимешных штампов, причём, воплощённых весьма небрежно.  В сюжете тесно переплетается реальность и необычный сказочный мир с нарушением всех законов природы. Поэтому оценить историю в целом можно только с условием её интерпретации, например,  как детской фантазии. Так всё становится на свои места, всё чётко, по полочкам, и не вызывает недоумения. В противном случае  бред сивой кобылы (впрочем, так характерный для большинства аниме). Развитие повествования нудное, похожее на жвачку, так что смотреть можно понемногу  пожевал, отложил на потом. Ничего не потеряешь. Наверное, для девочек в самый раз (заодно они приблизятся к пониманию роли сисек в жизни мальчиков, и, наверное, по-своему повзрослеют). Несмотря на необычность задумки, сюжет не смогли воплотить в интересную для просмотра историю, она постоянно вязнет, ходит кругами, спотыкается и падает на теме юношеского взросления. В то время, когда в по-настоящему интересных аниме эта проблема идёт лишь ненавязчивым фоном.  Странно, что в некоторых местах использовались надписи на английском, например, на ценнике в продуктовом магазине. Также слишком часто демонстрировался напиток с надписью на английском «Cola»  хорошо известный в мире японский бренд среди напитков.  Вывод. Мультфильм на троечку. Возрастная категория  пятый-седьмой класс школы, или застрявшие в этом возрасте зрители.  Для любителей анимации представляет интерес как минимум по части прорисовки фонов и природы, плюс роскошной игрой светотени.   5 из 10	Сюси-пуси и немного пингвинобаллистики	0
395	2019-03-08 14:41:00	Ян Палах	0	0	Кино с красивыми кадрами, использованием качественной камеры и хорошей работой оператора, но с полным отсутствием смысловой, осмысленно-философской составляющей. Актёры и сам главный герой просто куда-то ходят, перелистывают книжки, что-то едят, сидят грустно посматривая в пол, делая вид актёрской работы. Но это лишь просиживание времени длиною в 2 часа, и мучение этим телезрителя. Затянуто чересчур много. Сцен много лишних и бесполезных. Не знаю, насколько реальный Ян Палах был таким, как показано в фильме, но думаю более смелым и жертвующим во имя свободы своей страны в такое сложное и бушующее время человеком. Не показана борьба, трагизм истории. А просто происходит театральная полукомедийная имитация с молчаливой маской на лице. Невозможно ходить по оккупированной территории так спокойно, поглядывая по сторонам, создавая глупые и пустые беседы из ограниченных слов. Словарный запас не студента высшего учебного заведения, а молчаливого Бен Икса. Форест Гамп и то был энергичнее, прорывнее и болеющий духом за свои цели, идеалы Окружающие второстепенные герои фильма ничуть не лучше Нет ни философских рассуждений, ни глубинных мотиваций, борьбы и бунта. Нет поиска, споров, вопросов, ответов.. Нет обоснования теоретических убеждений и самого поступка. Многого нет Ведь акт самосожжения это смелый шаг, требующий объяснения хотя бы для себя. Это акт героизма, самоуничтожения, самопожертвования, а не просто кинуть кирпичом в здание парламента и махание флагом в ряду протестующих Будто в голове героя нет ничего кроме фразы: «Так, агрессор-СССР оккупировал нашу страну.. Это плохо.. Пойду-ка я себя сожгу» Этому факту (ГЛАВНОМУ в фильме) очень мало уделено внимания: что подтолкнуло, причины, почему именно этот способ избрал герой Конечно, никто об этом не знает достоверно. Но режиссёр и сценаристы даже и не удосужились покопаться в этой стороне. А просто показали банальный сюжет жизни подростка и финал   Слабое кино о поистине героическом, серьёзном и отчаянном поступке юного патриота Фильм не спас и печальный финал	Ян-Палаховская	1
396	2019-03-08 10:43:00	Капитан Марвел	0	4	Хочу Поздравить всех Женщин с 8 марта и поделиться своим мнением по поводу фильма «Капитан Марвел»   Этот фильм отличный подарок всем феминисткам на 8 марта. Хочется отметить что я не ждал от этой картины что-то сверхъестественного, а после неловких расистских высказываний главной актрисы Бри Ларсон, у меня вообще появилось желание не ходить на этот фильм, но, к моему сожалению, чтобы не упустить детали в грядущем «Мстители Финал»,посетить кинотеатр необходимо.   Как и ожидалось, фильм получился максимум феминистский, ключевых персонажей сделали женщинами (по комиксам это были мужчины), злодеи мужчины(!) злые, грубые, злой папка главной героини, злой командир в армии, злой пошлый мужик в баре, главная подружка мать одиночка! Л. Джексона спасло только то, что его персонаж ключевой. Извините дамы  без Ника Фьюри не куда.   Весь фильм это страдание главной героини с кирпичным лицом, по продвижению сюжета появляются абсурдные ситуации, а ключевые моменты в конце вызывают недоумение  сюжетные дыры, а детали которые так пафосно подавали в предыдущих частях спускают на шутки и шалости! От этого дико бомбит, а в конце всего этого: 20 минут «битвы пикселей». Жалею что знал некоторые детали про героев, «ВАУ» эффекта не получилось. В конце две сцены после титров.   Грустно смотреть как фильмы Марвел превращаются в толерантное скопление неуверенных в себе людей, когда выгоняют крутых режиссеров, а каким-то второсортным актрисульками разрешаю нести чушь в микрофон и снимать такие фильмы. Будем надеяться, студия Марвел проведет работу над ошибками и прислушается к мнениям фанатов, а не к кошельку Дисней. Уверен я не один такой злой белый мужик.   Если ты не особый фанат или гик, спокойно можешь пропускать этот фильм, он вряд ли принесет вам удовлетворение или какие-то мысли для размышлений. Смотрите качественное кино.  4 из 10	Хочу Поздравить всех Женщин с 8 марта и поделиться своим мнением по поводу	5
397	2019-03-08 00:17:00	Хот-Бот	0	2	Данный фильм это нудное действо с минимальным бюджетом, шутками сплошняком «ниже пояса» (да еще и не смешными) и абсолютно деревянной актрисой. Ну, я понимаю, что она играла робота, но уж совсем роботизированно. Кроме того, ближе к концу в фильме пошла совсем уж «голубая» тема, не в смысле показа этого, а в смысле бесконечных разговоров на эту тему. Я, понимаю  толерантность, но всему же есть предел.  Фильм достаточно прост по своей сути. Каким-то оригинальным сюжетом картина не обладает, если не принимать во внимание робота секс-рабыню и мальчиков подростков, которые пытаются с ней подружится. Американцы уж слишком часто выпускают нечто подобное, на тему озабоченных подростков. И если в своё время условный Американский пирог вызвал фурор и стал хитом, то после него практически не было достойных работ, вот и приходится снимать кино про всякие секс-игрушки.  Глупейший сюжет или скажу больше полное его отсутствие. Хотя, может я очень категорично смотрю на данную картину. Может, конечно найдется молодой подросток кому понравиться это творение, но я абсолютно разочарован. Было в фильме пара неплохих попыток показать что-то новое, например идея с прочтением секс-машиной Библии, но и ту совершенно не развили, сведя все к пошлым шуточкам.   Для меня такого рода фильмы необходимы в основном для того, чтобы отойти от каждодневных замудрёных тяжёлых сюжетов, в которых безумно много всяких мелких деталей и текста, для того, чтобы просто расслабиться и просто получать удовольствие, совсем не о чем не думая. Однако даже для такого расслабона этот фильм не подойдёт, по крайней мере лично мне. Он глупый, просто глупый и неинтересный. К тому же действия довольно вялые, было крайне скучно. Я мучился просмотром, но ждал какую нибудь ржачную шуточку, но так и не дождался.  Актёры в основном все посредственные. Как того актёрской игры тут нет, да и наивно было бы в таком фильме её ожидать. Это просто творение, снятое для молодёжи и несущее за собой какой то морали. Дешёвая и абсолютно плохо снятая комедия, если её можно отнести к этому жанру.  Смотреть не советую. Не смотря на то, что у фильмы имеются положительные отзывы. но я всё же рекомендую пропустить просмотр этого «шедевра». Тянется мучительно долго и совершенно не смешно.  2 из 10	Робот и поклонники	0
398	2019-03-07 22:05:00	Завод	31	1	Стиль  это не всегда смысл. А даже зачастую бессмыслица, если это отечественное социально-психологически-драматическое кино.   После просмотра Быковского «Завода» (2018), мне хотелось встать и спросить: «Дядя Юра, ты Дурак?». Это ведь тоже его полотно  «Дурак» (2014). Такое же  социально-драматическое  Но вернемся к нашим дуракам, пешком отправившимся на «Завод».  У автора была очень красивая идея, которую он и положил в основу своей обостренной авторской философии  вошел на завод один дурак раненный в голову и пешком, а вышел второй, и тоже пешком и тоже раненный в голову. А все, что было между этими двумя событиями, судя по моим ощущениям, было не особо важно.   Он мог бы нам показать все что угодно  любую вменяемую или (как в случае с автором), невменяемую историю, любой набор событий, включая те, что он показал, и те, которые не удосужился показать. Он мог бы приправить свой сюжет расстрелом жен и детей, убийством заложника, прилетом мифических птеродактилей или даже злыми американскими клоунами, и это вообще ничего не добавило бы и не убавило.   Именно поэтому, диалоги его героев никчемны, часто обрываются и не имеют продолжения. Автор сам себя загоняет в рамки неопределившегося моралиста, терзающегося тупиковым «русским» вопросом,  «Так кто же в итоге мой моралист  раненный в голову и отчаявшийся слесарь-дурак, который не дрогнув застрелил молодого дурака или лысый дурак-рабовладелец, читавший в цеху проповеди своим похитителям? Все ли они аморальны, или все они имеют право на собственную мораль?»   Не забивайте голову моралью. Ее в этом кино вообще нет, потому что нет в нем ни одного вразумительно мыслящего и логически действующего персонажа. Конечно, можно было бы подвести краткий итог увиденному мыслью, что-то типа: «Не ходите на завод, потому что там боль. Идите лучше в кино, потому что там «Завод»», но и в этом посыле кроется какая-то недалекая мораль.   Юрий Быков просто шел сам, и вел нас, к своему красиво придуманному финалу  собаке, провожающей выходящего из ворот «Завода» мужика.   И таков весь жанровый смысл всего русского жанрового кино  вы сами придумываете философию вываленному на вас 100-минутному эстетическому мусору, слепленному из непролазной российской грязи.   Объективно.   1 из 10	Не ходите на завод.	12
399	2019-03-07 20:55:00	Черный клановец	4	0	Ужасно неправдоподобный фильм о реально существующей проблеме. Еще одна киноработа, в которой чувствуется предвзятость: «черные»  жертвы, а »белые»  угнетатели и лицемеры. К тому же, зрителю навязывают, что все члены «Ку-клукс-клан», тупоголовые кретины. На самом деле они были хитрыми и безжалостными.   В то время существовало множество хитросплетений и манипуляций, а режиссер, увы, их не показал. Он просто говорит о том, что чернокожие претерпевали насилие, а участники «организации» являются жалкими подонками, как и отдельные белые граждане Америки.   Однако имелось множество прецедентов, когда «черных» задерживали «обдолбаных», уснувших в угнанной машине, за убийства и торговлю наркотиками.   Мир узнал многих талантливых и одаренных афроамериканцев, несмотря на их сложную и полную горестных моментов жизнь. Хочется отметить, что это образованные и интеллигентные люди, подающие пример своими образцовыми поступками. История помнит и извергов, таких как линчеватель Линч   Чтобы не подлить масло в огонь нужно относиться к данной проблеме беспристрастно, но у Спайка Ли этого не вышло.   В целом проходной, одноразовый фильм, просто-напросто попавший в современный тренд	Тренд	7
400	2019-03-07 18:22:00	Юморист	5	0	"Прочтя множество хвалебных отзывов о «Юмористе» с эпитетами «великолепная драма, правда жизни, по-настоящему стоящее кино, воскрешая сатира позднего совка"", решил эту картину не пропускать и был мягко говоря озадачен.   История разворачивается в 1984 году. Да, у власти Черненко. Да, тоталитарный «совок» на пороге своего распада. Да, звезда советской эстрады Аркадьев мечется в клетке цензуры и испытывает то, что Эрих Фромм назвал «экзистенциальным вакуумом» а обычный обыватель «с жиру бесится». «Бедный» юморист заложник своего успешного пошловатого номера, с которым неутомимо шерстит страну Он узнаем, облизан властью, обеспечен. Молодая любовница, мудрая еврейская жена, апартаменты в центре Москвы. А ему плохо А почему  это и есть главный вопрос фильма. И вот тут режиссер Идов попадает впросак, но об этом в после.  Лейтмотивом истории звучит произнесенная героем шутка  мол евреев не пускают в космос, потому что не вернуться  они «привыкли жить в безвоздушном пространстве». Вообще тему еврейства вынужденного жить в «безвоздушном» пространстве, в границах пространства нашего государства (не важно, как оно зовется  «совок» или ныне существующая РФ) режиссер-сценарист Идов муссирует постоянно постепенно повышая градус, переход в национальное самолюбование. Только не понятно, почему этот режиссер взял себе фамилию матери  ведь по отцу он Зильберман, неужели стесняется? Но это риторический вопрос, не будем отвлекаться от темы фильма.   Еще один из знаковых моментов, когда грустные и мудрые глаза читающего заученную шутку Аркадьева скользят по смеющимся лицам зрителей Но снято это так, что хочется сказать «по быдловатым рожам», простите меня за столько грубый эпитет. И сразу становится понятна еще одна составляющая этого «безвоздушного пространства» по мимо цезуры и КГБ Увы, это мы  ведь ничего не изменилось. И среди этих рож, страдающий Аркадьев вынужден жить.   В сласть настрадавшись вместе с героем «в безвоздушном пространстве» мы все же дойдем до его протеста Но не буду спойлерить. Просто скажу, что финал будет исполнен настолько по-идовски гротескно, что олицетворение КГБ, в лице непонятно откуда выскочившего в финале генерала, перед смертью обделается. И поверьте, это абсолютно не здорово, не в тему, и кажется мелкой местью автора  После просмотра не покидает ощущение тотальной усталости «аркадьевых» от жизни с нами, в этом самом «безвоздушном пространстве» которое образуем мы, не давая им свободно дышать. Как же быть нам? Уехать? Но куда?.. А вот аркадьевым есть куда, но не едут. И вот тут самое интересное  знаете почему?  Возможно из-за неопытности (для Идова этот фильм дебют) пытаясь создать фильмом памфлет на совок, да и чего там, смело кивнуть-плюнуть и государственные устои сегодняшнего дня, режиссер затронул любопытную тему. Расскажу личную историю. Было у меня два друга еврея. Оба уехали «на историческую» родину сразу после перестройки. Оба вернулись. Один там работал на стройке каменщиком, другой на столяром на мебельной фабрике. Очень уставали. Сейчас они у нас  «в безвоздушном» пространстве  один успешно торгует недвижимостью, другой известный политолог. Знаете, им тут у нас так хорошо дышится, аж щеки розовеют, но клянут, ох клянут наше «безвоздушное тоталитарное», нашу «быдловатость» ну тяжело им с нами. Ох, тяжело Кстати, об Идове. Он же тоже был «там», но вернулся сюда  в «безвоздушное» и судя по всему, ему прекрасно здесь дышится Вот фильм снял"	Ода «бедному» еврею	2
401	2019-03-07 17:56:00	Дом, который построил Джек	14	1	Честно говоря удивлен, что столько положительных оценок у этого, простите, творения.   Два с половиной часа нуднейшей тягомотины, бессмысленной жестокости, истинно нездоровых диалогов и отсылок.   «Очередной шедевр великого и ужасного Ларса фон Триера»  так мне обрисовали этот опус и я, услышав, что здесь будет рассматриваться история серийного убийцы, заинтересовался. Но этот интерес сыграл со мной злую шутку.   Важно: я не моралист. Жестокость на экране меня не испугала и не заставила отвернуться. В этом плане фильм не покажет ничего нового. Конечно, людей неподготовленных данное кино повергнет в шок, но нам  людям, видевшим трилогию «Подполье», «Сербский фильм», «Меланхолию ангелов», «Человеческую многоножку» творения Йорга Буттгерайта и Реми Кутюра  это покажется колыбельной на фоне зубодробительного экстремального метала.   Единственное, что отличает перечисленные выше фильмы от данного  они не ставят за цель претензию на высокохудожественные произведения.   Ларс фон Триер тоже режиссер далеко не гениальный и не безумный. Гении  Андрей Тарковский или Мартин Скорсезе, безумцы  Дэвид Линч или Такаси Миике. А здесь  А здесь складывается впечатление, что это просто капризный ребенок (да простят меня дети за такое сравнение), которому так необходимо внимание мирового киносообщества. И пока его фанаты брызжат слюной и доказывают, что нам  «плебеям»  не понять «высокого художественного и творческого замысла великого маэстро», я считаю, что нет. Замысел здесь понятен примерно в первые несколько минут, а его основная мысль звучит в одном предложении, сказанном протагонистом. Из этого я сделал вывод, что весь этот двухчасовой наркоманский опус можно было уместить в минут 15 максимум.   Не советую данное «произведение» никому. Вообще никому.   Интеллектуалы  пересмотрите «Куб», какой-нибудь «Интерстеллар» или «Матрицу»  Любители жести  список выше.  А это Пройдите мимо.  Обидно, что если данный фильм снял бы другой режиссер, то его сразу заклеймили бы  гадкий, висцеральный, мерзкий, противный, отвратительный и так далее. Но раз уж тут красуется имя «маэстро» Ларса фон Триера  то всё прощается, потому что это «виденье у него такое». Глубокий подтекст. Да, как же Даже вышедшая в конце восьмидесятых «Русалка из канализации» имеет куда больше смысла и даже романтику, завернутую в истинно тошнотворный видеоряд. Её вряд ли захочется пересматривать, но она оставит хоть какие-то воспоминания. А здесь Ума Турман постарела. Единственное, что может быть останется в памяти (как было с Джеки Чаном в «Иностранце», но там хотя бы драма показана на каком-никаком уровне). Хватит. Ларсу фон Триеру пора бы уже покинуть мир кино. «Шедевров» вроде «Дома, который построил Джек» вагон и маленькая тележка. Причем, львиная доля этих всё-таки произведений уделывает данный фильм по всем фронтам.  Спасибо за внимание.  1 из 10	Двойные стандарты современного кинематографа	18
402	2019-03-07 14:18:00	Школа	0	0	«Школа»  хоррор сомнительного содержания, который хоть и интересен по-своему, но все же один этот интерес совершенно не вытягивает на себе всю картину. Всем любителям драматичной составляющей в жанре «ужасы»  добро пожаловать в Чистилище.  Итак, главная героиня, Эми, попадает в некий потусторонний мир, представленный в виде весьма жуткой школы, проводниками в которой для нее становятся несколько детишек. В реальном же мире ее маленький сын уже долгое время пребывает в состоянии комы, и Эми чувствует, что именно в этом месте она найдет ответы на свои вопросы и способ помочь своему ребенку.  Стоит сказать, что в «Школе» весьма неплохая идея и завязка сюжета. Да, может быть выше я ее несколько коряво пересказала, но поначалу картина действительно смотрится с интересом, чувствуется неплохая атмосфера, какая-то интрига, в общем потенциал весьма неплохой. Однако, как это очень часто бывает с хоррорами, этот потенциал так во многом и остается нереализованным.  Основная претензия к фильму  он слишком монотонный и скучный. Однако то, что картине не достает динамики, лишь полбеды. Фильм недостаточно страшный для хоррора, недостаточно напряженный для триллера и недостаточно эмоциональный для драмы. Чего-то пугающего в ленте не так уж много, даже каких-то завалящих скримеров и то пожалели. В качестве основных антагонистов у нас по сути подростковая банда, и честно говоря, она вообще не впечатляет. Группа школьников с разрисованными лицами, вооруженная какими-то смехотворными луками и палками, в рамках ленты не вызывает ни страха, ни тревожности, ничего. А уж их лидер так и вовсе ущербен. Кривляющийся клоун, от которого разит не безумием, как это вероятно подразумевалось, а детсадом, и внушает этот клоун не ужас и трепет, как он наивно полагает, а лишь раздражение и желание хорошенько съездить ему по челюсти.  Подбираемся к финалу  «Школа» это лента с неплохой идеей, повторюсь, но крайне посредственным исполнением. Уж не знаю, не хватило ли у создателей бюджета или фантазии (или того и другого), но повествование вполне можно было сделать куда более насыщенным и зрелищным.	Школьные годы чудесные	2
403	2019-03-07 09:18:00	Капитан Марвел	189	4	Идя на предпоказ Капитана Марвел я не ждал ничего особо интересного  в последнее время картины Marvel Studious могут похвастаться лишь красивыми боевыми сценами и колоритными персонажами. К сожалению, тут из этого нет ничего. Фильм при этом снят в приятных красках Стар Трека  ну уж сильно он его напоминает. При этом никакой смысловой нагрузки он в себе не несет, даже для фанатов Marvel, так как если этот фильм убрать  вообще ничего не изменится.   Да, так можно сказать тогда о всех героях, которые по итогу добавляют в отряд Мстителей, но там идет полное знакомство с персонажем  его прошлое, его мотивы и «кодекс»  мы знаем, что он любит, как относится к злодеям и так далее. Тут мы не узнаем ровным счётом ничего  как будто сценаристы сами потеряли память, как и главная героиня. Все сюжетные «твисты» читаются как черным по белому и интерес просто напросто пропадает, особенно после боевых сцен, коих тут не так много и которые смотрятся весьма скудно, с условием, что Капитан Марвел  самый сильный супергерой вселенной.  Стоит отметить, что Бри Ларсон играет неплохо, ну а про Джексона говорить нечего  он как обычно на высоте. Джуд Лоу, на удивление, хорошо вписался, хотя и неудивительно, у него идеально выходит играть подобного рода персонажей. Ну и вроде на этом положительные стороны заканчиваются, потому что звуковое сопровождение в фильме весьма слабое, а смотреть толком не на что.  Взять и сжать данный фильм до 10 минут и показать в следующих Мстителей  было бы куда лучшим решением. Но, разумеется, нужно держать конвейер наготове.   4 из 10	Зачем это всё?	213
404	2019-03-07 08:23:00	Под куполом цирка	0	3	Есть фильмы, которые сильно опережают своё время и как бы приоткрывают двери в будущее кино. А этот  настолько запоздал, как будто он 30 лет лежал на полке. В стране, в кино  «Асса», «Маленькая Вера», «Интердевочка». И вдруг такое. Производственная «комедия» из жизни цирковых артистов, романтичные юноши, скромные девушки с опущенными долу взором, любовный романтик в целомудренном духе «Ивана Бровкина», песни под фанеру голосами артистов оперетты, парики, нарочитый грим. Медведи, питоны, слоны, чиновники Союзгосцирка.   Я смотрел его из чистого любопытства, в надежде понять, зачем его тогда сняли, если он даже по меркам 70-х, с их духом меланхолической рефлексии, уже устарел и был уместен разве что в 50-х, максимум 60-х. Так и не понял. Несмотря на заявленную комедийность, смешно мне ни разу не было. Актерские работы, мягко говоря, не выдающиеся, ибо актёры жеманно переигрывают. В общем, если вы пропустите этот фильм, то абсолютно ничего не потеряете. И в жанре мюзикла и в жанре производственной комедии, в советском кино, есть более достойные произведения.  3 из 10	Так уже не носят	0
405	2019-03-07 03:22:00	Кровь викингов	2	3	«Кровь викинга» так подают это зрелище.  Роскошный постер, интригующий ролик, заманчивое описание ленты. Казалось бы это и есть квинтэссенция подогревающая интерес. Вот только как не странно, нигде и никем не заявляется что Акира Куросава здесь вольным переложением сценария. Именно великий японец, подаривший миру «Телохранителя», 1961 года блеском отражения. Нет, к сожалению и упоминания о том, что Сержио Леоне в 1964 году выпустил вольный ремейк самурайской драмы одарив мир вестерном «За пригоршню долларов» с Клинтом Иствудом. И не будь датский режиссёр столь скрытен в своих витиеватых блужданиях, глядишь это добавило бы картине внимания, подогрело к ней интерес. Судите сами  одно и то же событие, но в различных декорациях исторического обрамления. Хотите самурайский сюжет в кимоно  пожалуйста. Желаете упражнения в стрельбе на кольтах  сделаем. Хотите сагу о викингах  откушайте. И параллели зрителю в размышления  времена меняются, людские массы текут как песок меж пальцев, а истории повторяются зеркальным отражением.  Искушённый зритель, конечно же помнит, как именно развивались события в фильмах уважаемых мэтров. Небольшой населённый пункт, тирания местных жителей двумя противоборствующими группировками жуликов. Одинокий странник оказывающийся меж двух жерновов. Раздавят? Но гость намерен послужить за монету, заработать. Чей хлеб изберёт для себя? Какому лагерю отдаст предпочтение? Не ошибётся? А своя то позиция у него есть? Или прислужник расшаркивающийся поклоном живёт в его душе?  И именно на этом выстраивается сюжет. Прорисовка лиц, характерами внутренней работы  пороки жадности, подлости, цинизма, предательства. И кристальность героя в противовес. Сцены экшна  классика мирового кинематографа. Будь то мастерство демонстрируемое Тосиро Мифунэ, или ловкость рук прищуривающего глаза блондинчика.  Так что же в сюжете Ури Шварца «перепевкой» и что «придумкой». Помещение «героя» в скандинавскую среду  новизной, остальное  работа почти под копирку. Середина Х века. Дания. Деревенька у моря. Два лагеря противниками друг другу. В одном заправляет воинственная «амазонка» Гудрон, в другом правитель и ярл Одинсен. Несколько лет назад они участвовали в совместном походе-набеге на земли Британии. Гудрон прониклась идеями христианства и оставила прежних богов. Одинсен продолжает исповедовать канонический завет предков. Вернулись домой с победой. Вернулись домой с награбленным. Но общности теперь нет. Почти враги. Распря готова. И вот в столь благодатную почву  зерно, то есть из ниоткуда появившийся воин чужестранец. Оба лагеря «рвут его на части», стремятся заполучить к себе в услужение. Подумав и послушав сторожила этих мест, незнакомец принимает решение  Опечалила крайне убогая обстановка декораций. Впечатление, что это не место жительства всех этих людей, а покосившиеся от времени шалаши. Укрытия от дождя? Да, наверное. Наспех сколоченная фанерная щепа. Рыбацкие хижины для лодок? Тоже возможно. И это в каждом кадре. Так обычно ряженная потеха декорируется  на скорую руку, на непродолжительное использование. Что ещё? Ни в одном из персонажей не чувствуется ни личности, ни характера. Так, лёгкие всполыхи эмоций, которые необходимо продемонстрировать во включённую камеру и не более. Тускло. Не правдоподобно. Низкобюджетное кино с «губернскими» актёрами.  Сцены ристалищных поединков? Умеренно-мизерные. Без изысков.  Интересно исключительно в сравнительном плане. С шедеврами 60-х годов.  3 из 10	Япона мама, американ папа?	0
406	2019-03-07 03:09:00	Голем: Начало	1	5	17-й век, местные жители терроризируют еврейскую общину, мол те причастны к эпидемии чумы поразившую край. После нескольких таких налетов, в которых нашлось место уже и жертвам, представительница общины, которая сама страдает помимо новых проблем, не имея возможности иметь детей, решает прибегнуть к мистическим обычаям и вызвать Голема.   Голем, судя по всему, сугубо локальный персонаж, и вряд ли имеет общее с религиозной тематикой, во всяком случае он противоречит религиозным постулатам, но в фильме этот концепт имеет поддержку духовного фундамента, что общему впечатлению кажется на очень навредило. И вот, главная героиня слепила такого защитника из глины, и теперь, казалось бы, проблемы должны уйти сами собой.  Однако ясное дело, будь все так просто, Голема просто-напросто никогда не пускали бы обратно откуда он пришел, и в качестве побочных эффектов, этот приятель местами становится очень свирепым и кровожадным. «Голем»  в целом интересное кино, за счет своей локальной мифологии существенно отличается от большинства современников в жанре, лента смотрится ненавязчиво, а иногда даже с неплохой атмосферой.  Однако фильм был снят не с теми навыками, с помощью которых можно всерьез конкурировать на афишах кинотеатров, также подбор актеров время от времени напоминает о сертификате качества этого проекта. Но если вы готовы увидеть что-то новое в жанре хоррора без особых на него ожиданий  то тогда «Голем» не должен вас озадачить.  5 из 10		0
407	2019-03-07 02:54:00	Завод	25	4	Ничего нового этот фильм в отечественное кино не принёс (говорить о мировом кинематографе и вовсе смешно  скажем, «Все деньги мира» на похожую тему по всем статьям выше на порядок, а то и на два). В качестве дипломного проекта выпускника ВГИКа фильм ещё бы прокатил, как очередная серия незамысловатого «Лесника» или других сериалов для домохозяек  тоже, но как блокбастер года  увольте. Хотя остальные российские фильмы, снятые после «Оттепели», не лучше, но тут уж ничего не попишешь.  Придётся немного раскрыть карты, чтобы выразить отношение к фильму более подробно. Группа рабочих закрывающегося завода захватывает в заложники его владельца и требует выкуп, чтобы хоть так обеспечить себе и своим семьям будущее, но потом меняет планы и вызывает на завод прессу, требуя от владельца рассказать о своих прошлых и нынешних грехах на камеру. В событиях также участвуют полиция и охрана хозяина завода. Дальше следует долгая и совершенно невыразительная развязка.  Что хочет сказать режиссёр, ясно как божий день. Роли в группе рабочих тоже распределены  есть лидер, его главный оппонент, главный сторонник, юноша, старик-нытик и пожилой семьянин. Пространства для проявления фантазии зрителя не остаётся никакого. Остаётся следить за сюжетом, но было б за чем Посредственная игра актёров, даже приглашённой «звезды» (Смолякова с погасшим взглядом), никакой смены декораций, никаких особых событий большую часть фильма, никаких мудрых изречений, ни даже девушек красивых, ничего. Зато ругани, как водится, много. И штампы, штампы, штампы каждую минуту: звонок начальства полицейскому капитану с тем, чтобы он не вмешивался; кочующее из фильма в фильм «на такое я не подписывался»; бросание камушков в металл, чтобы дезориентировать противников; и т. д.  И каждый эпизод, при всей его заигранности, мало правдоподобен. Штампованный современный русский фантастический триллер.  В общем и целом  зря потраченное время. И зря потраченные деньги налогоплательщиков.  4 из 10	Завод штампованных изделий	14
408	2019-03-07 02:06:00	Мистериум. Журнал 64	22	5	«Журнал 64», как и вся серия адаптации книг этой линейки приобрела хорошую популярность, во всяком случае не локальном уровне. Безусловно, после успешного похода «Девушки с татуировкой дракона», скандинавские детективы оказались перспективным коммерческим направлением, однако, как и с предыдущими частями этой сюжетной истории, «Журнал 64» явно не дотягивает до международного уровня, и поэтому может быть интересен исключительно фанатам первых частей.  В этот раз, арендодатель после существенной задержки уплаты своего жильца решает зайти в принадлежащую ему квартиру, а там за все время проживания жильца была возведена новая комната, в которой как оказалось комфортно были расположены мумифицированные уже тела. За дело берутся явное дело наших два главных героя, который, кстати, вот-вот уже должен покинуть отдел, но решается помочь напарнику с последним делом.  История мгновенно перекидывает зрителя в предысторию этих событий, представляя новых персонажей и что же на самом деле случилось в той комнате многие годы назад. Наверное, этот параллельный флэшбек и разрушает всю атмосферу ленты, пусть зритель до последнего не получает ответ кто именно приложил руку к этому ритуальному убийству, зато с головой дает информации почему это произошло.  В итоге, как для жанрового фильма «Журнал 64» теряет любые качества детектива, выглядит очень слабо и существенно уступает все той же упомянутой «Девушке» в стиле, атмосфере и напряжении. Если вы видели предыдущие фильмы из серии  вряд ли вы пропустите, но для большинства этот проект будет всего лишь разовым просмотром.  5 из 10		4
409	2019-03-07 02:01:00	Капитан Марвел	331	1	Приветствую, сестры! Вот и состоялась премьера одного из самых новаторских фильмов конторы Марвел. В чем новаторство? В том что впервые за 10 лет существования франшизы главным героем перед нами предстает женщина. А есть ли в этом новаторство? Есть такой фильм  «Глубокая глотка» называется, внутри жанра в свое время он совершил революцию. То же самое происходит и с капитанкой Марвел (надеюсь наши прокатчики исправят название, потому что не комельфо 21 век на дворе), сольник о которой всплыл из ниоткуда, очевидно на волне популярности Чудо-Женщины. Попрошу заметить, что главным героем женщину сделали аж в 20 (!) фильме этой вселенной, а чёрная вдова и аллая ведьма персонажи весьма незначительные во всей этой истории. Несмотря на все это, создатели умудрились даже вписать её в сериальную канву, мол, она была все это время с нами, тут, совсем рядышком, просто вот только сейчас мы решили снизойти до сольника. Вот такие лайфхаки и дело не в хайпе. Так вот, «Глубокая глотка» стала кассовым хитом в свое время, а для женского сообщества это был огромный шаг назад.   Самое тоскливое в истории капитанки Марвел, это то, что в надежде уйти от навязанного альтер-эго, что с детства девочкам подсовывают под личиной Барби, у создателей совсем не получается. Кэрол преуспевает за счёт искусственной трансцендентности, которой наделили её сценаристы, а внутри она остаётся имманентной. В добавок ко всему, первый сольник где главный герой женщина выходит аж 20 по счету, из чего можно сделать вывод что Файги и боссы оценивают важность подобного персонажа на 1/20. Они продемонстрировали, что не неполноценности данного персонажа определяет её ничтожную роль в истории, а её ничтожная роль в истории обрекла её на неполноценность. Хотя все ресурсы были: больше 10 лет существования франшизы, огромные рекламные бюджеты, в итоге мы имеем то что имеем, и мы, зрители ни в силах что-то изменить.   Жанр комикс-муви умер в 2008 году, когда Крис Нолан (гений) его похоронил, снять что-то лучше не смог никто, хотя пытались. Были попытки уйти в авангард, вспомнить тот же самый «Супер» или «ЗащитнеГ», были попытки в пост-модерн «Скотт Пилигрим», «Человек-паук: через вселённые». Переделать каноны не получилось ни у кого. Последний гвоздь в жанр комикс-муви забил Аквамен в декабре прошлого года. Так как горючее для зрелища в подобных фильмов является тупость, Джеймс Ван возвел эту тупость в абсолют тем самым задрал планку настолько высоко, что капитанке Марвел до неё дотянуться просто не получается. При этом все происходящее на экране выглядит вполне глупо и нелепо, и тут можно закатывать глаза, вдыхать полной грудью борясь со стрессом, понятное дело что таковы правила игры и без тупых диалогов, нелогичного сюжета, скучного экшна ради экшна никуда. Будет верным сравнить двадцатый фильм Марвел с рукописями Данцовой, может быть мы и хотим снять хорошее кино, просто правила игры такие, пипл должен схавать иначе нечего хавать будет боссам Дисней, а вы сами понимаете, что положение у этих людей крайне тяжёлое.   Мудрым решением боссов было нанять режиссёров ноунеймов, пистолет заряжен, и выстрелит он даже в руке Александра Гамильтона, условие одно: выполнить все по тз. С чем наши подмастерья хорошо справляются. Вот насчёт Райана Флека я не совсем уверен, то что он во всем этом действие стоит под номером два все же о чем-то говорит. Снято все кинематографично и скучно, все для плебея. Ожидать флопа как с Ангелами ада Говарда Хьюза не стоит, тут и сетинг 90х есть, и гендерный скандал до премьеры, и огромная машина хайпа Марвел, поэтому если фильму суждено не окупиться, скорее всего это произойдет где-нибудь в параллельной вселенной.  Начавшись с Железного человека этот сериал немного затянулся и вот мы уже имеем по 3 фильма в год, это правильно, надо доить пока не отвалится копыта у коровы. За эти 10 лет на поделках конторки Марвел успело подрасти пару поколений и сейчас растут новые. Появления таких фильмов как капитанка Марвел это такая сатира на общество, если девочкам не нравятся истории про человека-паука, тогда мы просто поменяем пол главного персонажа и это сработает. Только это не пугающий бескомпромиссный взгляд на войну полов. Все преподнесли под личиной того, словно женщины противостоят комплексам Фрейда и теряют связь с обществом где доминирует мужчина. Это все фикция. Посредственный фильм, который эксплуатирует актуальную тему феминизма дабы поднять денег на фанах. Тут ничего нет. Скучно, незрелищно, неоригинально. Запомните, возьмите от жизни больше  сходите в кинотеатр.  1 из 10	Кукольный домик	166
410	2019-03-07 01:56:00	BadComedian	12	4	В начале рецензии скажу что первые несколько лет просмотра его обзоров вызывали у меня положительные эмоции. Позже всё скатилось до примитивных скетчей, но об этом попозже.  Знакомство с «творчеством» Баженова у меня началось с индийской подделки фильма Кошмара на улице вязов, тогда будучи 11 летним мальчишкой мне его обзор показался очень смешным (к слову мне тогда казался смешным даже Андрей Нефёдов, тем не менее он выделился всё таки от подобных «талантов». Да он не был первым в этой стези, но всё таки ироничный голос, и вставленные к месту вставки вызывали исключительно положительные эмоции   Приблизительно с 2011 по 2014 мне его обзоры нравились, но в 2015 что-то уже пошло не так, хронометраж постепенно с этого года начал увеличиваться до недопустимого лимита комедийных обзоров. Уже в 2017 некоторый хронометраж обзоров достигал часа и более, то есть обзор фильма порой идёт не намного меньше самого обозреваемого фильма (Обзор это всё таки сжатый пересказ прежде всего). Главная проблема что с увеличением хронометража, качество юмора не то что не изменилось, оно стало только хуже, постоянные несмешные скетчи, детская актёрская игра, вставленные не к месту вставки из фильмов, а также нелепые претензии (пример. одна из таких вот претензий к фильму Ночные Стражи, по его мнению момент в конце фильма где персонаж невидящий весь фильм в конце фильма целиться не зрячим глазом и попадает в цель, по его мнению это дико тупой момент, но разве это не очевидно что это треш в лучшем его виде, и это чуть ли не лучший момент вообще всего фильма. (как человек смотрящий столько фильмов не смог понять этого?) За исключение его никакущих придирок ничего смешного в его обзорах не осталось (но это примерно как гамаз пытающиеся потанцевать).  Так же много претензий к его политическим взглядов, но это уже слишком долгие размышления будут, по этому не буду заострять на этом внимание.  Вообщем по моему мнению шоу BadComedian перестало быть смешным, и если честно написать рецензию меня подтолкнули неадекватные фанаты Баженова, набрасывающиеся на мнение тех кто не согласен с ним, ведь для них он самый объективный обзорщик.   Единственный плюс: Качественная картинка и монтаж, видно что тратит не одни сутки, но прошу заметить данные обзоры должны веселить а не восхищать картинкой!   (Так-же хочу извинится перед одними из самых негативно настроенных фанатов не хотящих иметь своё мнение по поводу фильмов).  А на этом всё до скорой встречи. © Гоблин  4 из 10	А скетчи всё испортили	3
411	2019-03-07 01:43:00	Капитан Марвел	252	0	Марвел, ваш новый логотип отстой, и никому он не нравится. Я знаю, была какая-то там годовщина и вы хотели сделать что-то особенное Он похож на трейлер для десятка других фильмов, которые вы уже сняли. Но я думаю, что всегда должен быть баланс. DC просто сделали себе логотип, который не был отстоем, поэтому, кто-то должен был восстановить равновесие. В общем, у нас есть фильм «Капитан Марвел», о котором все обязаны забыть. Странные поклонники комиксов, радуйтесь! Ваш герой, наконец, внедрился в кинематографическую мультивселенную Марвел. И вот мы здесь. После печали и долгих трудов, и стольких глупых надежд  я потерял след, у нас наконец-то есть фильм «Капитан Марвел» и он разбомблен. Было много фильмов киновселенной Марвел: более 20  но ни один из них не имел женского персонажа в качестве главного героя. Это, к тому же, первый фильм Марвел, снятый женщиной и он привнес объёмную, но лишнюю отрицательную реакцию по ряду сексистских или расистских (кто их разберет) причин.  Некоторые из нас имеют воспоминания, хотя, жаль, что их может вызвать плохое кино. Оглядываясь назад, я вспоминаю Джессику Альбу, вспоминаю первую историю происхождения «Фантастической четверки» в кино, которая, как я уже подразумевал, была фантастической только в ее безумной приверженности к посредственности. Это все еще верно, хотя пора бы уже забыть. Я бы с удовольствием но самое прискорбное, что у нас есть еще одна провальная героиня в исполнении Бри Ларсон, отношение которой к мужчинам, как к кускам мяса, я нахожу оскорбительным. Как вы, наверное, знаете, она появилась после Человека-паука, после Доктора Стрэнджа, Кэрол Дэнверс ворвалась в этот мир, попутно надирая задницы. В глубине души, мне жаль, что Кэрол сейчас претерпевает издевательства. С 2008-го года Марвел существовали, как компания, наметившаяся на покорение гор. Данное кино является попыткой студии сделать Капитан Марвел альтернативой Дианы, которая, как и большинство других попыток воссоздать альтернативу, оказалась одним из худших способов потратить время. Обе картины имеют женщин с таинственными корнями, сражающихся в мире, с которым они не знакомы. В случае с Чудо-женщиной, мы можем говорить о пылкости, щедрости и теплой личности, которые возвысили картину Пэтти Дженкинс, не без помощи Галь Гадот, настоящей пантеры. После неё я захотел подкатить к цыпочке с маленькой грудью Да, они тоже люди. Для вампирского кальмара, который управляет Голливудом, я уверен, что Анна Боден и Райан Флек не выглядели так, словно, они могли контролировать такую постановку. Молодые, голодный режиссеры, которых продюсеры смогли ослепить бюджетом в шесть цифр. Почему не Вдова? Приверженность публики к услугам Вдовы не сводится к сексуальному облику Йоханссон, поскольку именно личность Мстителя и его отношения с командой интересовали толпу с ее первого появления.  Бри Ларсон, к сожалению, не имеет такого открытого видения своего характера. Она играет роль героини c большим недоверием к миру мужчин, где она быстро заставит этих джентльменов понять, что ей не нужен наставник. Её реплики  это хрупкие условные, всегда ориентированные в одном направлении. Одетая в наряд, Бри не может принять ни одну героическую позу, даже не пытаясь соблазнить, т. к. игра с соблазном является сексистской и поэтому, неуместной в этом кино. Когда она начинает летать в первый раз, вместо того, чтобы наслаждаться моментом, я вспоминал великие полеты, всегда волшебные, хотя теперь уже полностью устаревшие на техническом уровне, первого Супермена. Бри Ларсон и ее способности, наоборот, оставляли меня абсолютно холодным. Символично обучаемая супергероизму по ходу фильма, чтобы присоединиться к Мстителям в заключительной главе под названием «Конец игры», Кэрол оказалась в ловушке социальных преобразований, которые стали первыми в индустрии, поскольку именно в наше время начался скандал вокруг Вайнштейна. Кино оказывается фанатичным в намерениях заявить: все это снято, чтобы показать необходимость эмансипации женщин в патриархальном мире. Я виню Бри Ларсон, конечно, которая уже понесла некоторые репутационные потери. Я мог бы выбрать не простой путь и обвинить что-то абстрактное, например, американскую токсичную и вездесущую толерантность но я бы предпочел обвинить Ларсон. Все крутые критики делают это.  Кино сразу же погружает публику в замешательство: вы действительно не знаете, где вы находитесь. Зрителя переполняет шквал хаотических образов, смысл которых станет ясен, более менее, только в ходе повествования. Это, плюс ко всему, одна из тех картин, которые начинаются с чужой, параллельной или мифологической Вселенной. Я помню время, когда мне приходилось объяснять происхождение Кэрол самопровозглашенным асам комиксов, которые в ужасе от чего-то «слишком девчачьего», потому что они боялись сильных женщин. Видеть Кэрол самой сильной женщиной Марвел Боги, что это за чувство внутри меня может ли это быть приятным сюрпризом? Отнюдь, нет. Прошло так мало времени, что я даже не уверен Разве это может радовать? Дрянная история. Не добавляет что-то новое. Я чувствовал, что смотрел это раньше. Кино, которому поручено обновить временные рамки и переработать семейное древо супергероев. Скорость, с которой свежая кровь погружается в потенциально обманчивое повествование и помещается среди уже знакомых персонажей, достаточно, чтобы заставить кого-нибудь отчаяться и выбежать из зала. Дело в том, что «Капитан Марвел»  это такая рассеянная межгалактическая история, что я, кажется, слышал плач: «Я единственный, кто здесь запутался?!». Кто же эти инопланетные оборотни, которых она и другие воины, пытаются победить? И какое отношение к этому имеет Аннетт Бенинг?  Первые 40 минут грубы в структурировании и визуальных эффектах. Героиня не только страдает от амнезии (концепция, которая так избита, что она изначально кажется надуманной), но она, к тому же, не использовала свои сверхспособности, и она не знает, как она стала сверхчеловеком (возможное откровение предлагает только дополнительные вопросы). Да, во время некоторых вводных тренировочных и боевых миссий, зрители погружаются в череду зажигательных выступлений, доблестных начинаний и физической формируемости, но все это усеяно неубедительным стебом, словно, студия была вынуждена копировать язык «Стражей Галактики», чей успех, в конечном счете, изменил направление для многих франшиз. Ряд банальных линий и рутинные характеры всех персонажей. Какие стандартные недостатки Супермена? Такие, как отсутствие границ у его способностей. У Кэрол аналогичная ситуация. Но, она никогда не была движима любовью, и ей не нужно защищать (или, что еще хуже, быть спасенной) любовника. Каким-то образом, режиссеры исключили все сцены легкого флирта со зрителем. Костюм монолитен, без намеков на женственность. Кино отстранило практически всю сексуальность.  Перестань ждать нечто волшебное и замечательное от «Капитан Марвел». Этого не существует.	Охота на ведьм #3	142
412	2019-03-06 23:57:00	Юлия Икс	0	4	"Первое, что я сказал после просмотра следующее: «Зачем я потратил на это время?». «Юлия Икс» весьма специфичный ужастик, наподобие которых я никогда не видел. Не буду скрывать, что посмотреть это, меня заставила обложка фильма. Я очень долго откладывал данное кинопроизведение, но на кону 8 марта, почему-то я решил всё-таки посмотреть. Самым странным является то, что после просмотра у меня нету каких-либо отрицательных эмоций. Сейчас поговорим об этом подробнее.  Для начала, конечно, следует выделить те критерии, по которым я и буду оценивать это кино. Так как «Юлия Икс» представитель жанра ужасы, с чем я соглашусь, то основополагающим критерием, конечно, является атмосфера. Также не мало важными критериями являются сюжет, актёрская игра и soundtrack. Раскроем всё подробнее.  Сюжет: Некий мужчина является охотником на девушек. Очередной раз ему попадается новая потенциальная жертва, но с одним эксклюзивом. От этого начинается всё повествование. В первые минуты всё банально донельзя. Но маньяк, но садист, но свидание, девушка сопротивляется и даёт отпор, что тут такого необычного? Я это видел много раз. Реально сидишь со stone face. Но ближе к середине происходит такой момент, который меня просто удивил до невозможного. В таком низкокачественном и малобюджетном ужастике появляется острый сюжетный поворот. Мои глаза в этот момент просто увеличились в огромных размерах. От этого начинается очень интересное и затягивающее повествование. Кроме того, хочу отметить, что «Юлия Икс» послала куда подальше все клеще присущие фильмам жанра ужасы. Это для меня является несомненно плюсом. Не могу не упомянуть и про то, что сюжет имеет структуру и какую-то логику, этот ужастик не перестаёт меня удивлять. Отдельный разговор концовка, которая абсолютно не типичная для этого жанра. Имеется в виду, что нету победы добра над злом, так как не понятно, что добро, а что зло и есть ли добро вообще.   Актёрская игра: Этот критерий также меня приятно удивил. Актёры и актрисы сыграли свои роли идеально. Полностью передали свой образ, вжились в свои роли и были одним целым со своими героями. Очень мне понравилось и то, что у героинь кинопроизведения есть своя предыстория, что делает их полноценным персонажем всей картины, а не просто говорящими и очень симпатичными декорациями. Также нам демонстрируется и предыстория главного героя, что также делает его важной частью всего механизма. Эмоциональное составляющее также на высочайшем уровне. Героям и героиням «Юлии Икс» шикарно удалось передать безумие, боль, радость, грусть и так далее. Актёры явно старались, стоит отдать им должное. Кроме того, не мало важный факт, что я запомнил имена главных героев, так как обычно в фильмах такого типажа имена героев не запоминаются. Главными героинями являются Джулия и Джессика, роль которых сыграли Валери Эзлинн (""Как я встретил вашу маму» или «Теория большого взрыва) и Алисия Ли Уиллис (""Секс в другом городе»). У главного героя, что странно нету какого-либо имени, но его роль сыграл Кевин Сорбо (""Андромеда»). Героини кинопроизведения не просто полноценные личности, а и настоящее украшение всего фильма, странно, что они не стали известны большой публике, так как такая внешность украсит любое кино. Как я писал выше, что в фильме нету какой-либо доброй стороны, они все друг друга стоят и смотреть за всем происходящим очень весело.   Soundtrack: Музыкальное сопровождение также находится на достойном уровне. Оно знаете ничего не добавляет, но ничего и не портит. Есть и есть. К сожалению, об этом критерии сказать нечего.  Атмосфера: Сложно определиться есть ли здесь атмосфера или нету. Мне удалось погрузиться в фильм, я реально им проникся. Но так как жанр у «Юлии Икс» ужасы, то он по идее должен своей атмосферой пугать. Здесь проходит такая тонкая нить между ужасом и trash. Обычно режиссёры в таких случаях просто переходят в trash, отчего фильмы становятся просто невозможными для просмотра, например, «Несущий крест» или «Поиск». П. Дж. Петтьетте не перешёл эту нить. Здесь есть достаточно как ужаса, так и trash. Конечно, не сравнить эту атмосферу с каким-нибудь «Астралом» или «Пятницой 13-й», но тебе реально хочется пересмотреть этот фильм. Время проходит достаточно быстро, отсюда следует вывод, что данный критерий также сделан на хорошем уровне.  Таким образом, «Юлия Икс» реально годный и возможный для просмотора фильм ужасов. Я не пожалел, что потратил на всё это своё время. Но, к сожалению, в любом случае, я не могу вам рекомендовать это к просмотру. Скажу следующее, если вы ищете напряжённую и глубочайшую атмосферу, которой должен обладать настоящий фильм ужасов, то вы можете смело проходить мимо. Если же вы являетесь фанатом «Пятницы 13-й», как я или любого другого слэшера, то «Юлия Икс» это для вас, вы не пожалеете потраченное время, особенно, если ты зритель мужского пола. Но если всё так хорошо, то почему оценка четыре? Потому что несмотря на то, что меня данное кинопроизведение приятно удивило, но по своей сути это пустышка. Идея достаточно интересная, не очень типичная, но какой посыл и смысл фильм в себе несёт? Он даже не пугает, а наоборот вызывает в некоторых местах нотки отвращения из-за откровенных сцен, а в других местах вызывает улыбку, пусть и не ту, которая заключается в глупости всего происходящего, но улыбку, что для ужасов не очень-то и хорошо. Вот поэтому четвёрка, но очень крепкая четвёрка.   4 из 10"	Зелёно-розовое кино	0
